regresion/ABRIL_2003/SeaWiFS/Composicion (Lt_555).txt
ncols         167
nrows         127
xllcorner     -112.014
yllcorner     26.717
cellsize      0.00899
[rows 29 to 57 of 127, columns 0 to 66 of 167]
31.6210 31.6961 31.6462 31.5858 31.5479 31.5729 31.5105 31.4728 31.4624 31.4873 31.5878 31.5982 31.6108 31.5605 31.5476 31.5349 31.5098 31.4951 31.4447 31.6071 31.6340 31.7069 31.7345 31.6971 31.6861 31.5483 31.4959 31.5084 31.4210 31.3726 31.3100 31.3830 31.2954 31.1822 31.2550 31.3175 31.2568 31.1919 31.1669 31.2447 31.3071 31.1333 31.1064 31.1461 31.1337 31.0831 31.0831 31.0928 31.0928 31.2140 31.2140 31.0656 31.0906 31.0781 31.1156 31.1281 31.1555 31.2077 31.2868 31.2704 31.2703 31.2953 31.2325 31.4076 31.4531 31.4880 31.4879
31.6336 31.7087 31.6487 31.5883 31.5630 31.5879 31.5229 31.4852 31.4372 31.4621 31.5375 31.5478 31.5957 31.5454 31.5350 31.5223 31.4845 31.4698 31.4572 31.6196 31.6240 31.6968 31.7219 31.6845 31.6484 31.5106 31.4582 31.4933 31.4059 31.3952 31.3327 31.2949 31.2073 31.2073 31.2801 31.3300 31.2694 31.1944 31.1694 31.1692 31.2317 31.1207 31.0938 31.1336 31.1211 31.1057 31.1058 31.1180 31.1180 31.2391 31.2391 31.0781 31.1031 31.1056 31.1431 31.1180 31.1430 31.1951 31.2867 31.2703 31.2577 31.2827 31.2552 31.4302 31.4404 31.4753 31.4753
31.5211 31.5982 31.5505 31.5650 31.5982 31.5856 31.5249 31.4873 31.5122 31.5100 31.5354 31.5477 31.5351 31.5453 31.5329 31.5328 31.5451 31.5076 31.4490 31.5843 31.5221 31.6366 31.6365 31.6116 31.5732 31.4751 31.4209 31.4581 31.3705 31.3452 31.3180 31.3052 31.2822 31.2823 31.3196 31.3549 31.3048 31.2216 31.2341 31.1334 31.1543 31.2213 31.2088 31.0957 31.1082 31.0930 31.0680 31.0532 31.0532 31.1408 31.2034 31.1156 31.1156 31.1304 31.1951 31.1576 31.2473 31.1829 31.2078 31.2579 31.3079 31.3203 31.3030 31.4636 31.4487 31.4776 31.4776
31.5236 31.6007 31.5630 31.5776 31.5857 31.5731 31.4872 31.4495 31.4971 31.4949 31.4826 31.4949 31.4471 31.4573 31.4449 31.4448 31.5074 31.4698 31.4264 31.5617 31.4970 31.6115 31.5484 31.5234 31.5355 31.4725 31.4184 31.4330 31.3453 31.3201 31.2928 31.2927 31.2697 31.2722 31.3095 31.3323 31.2822 31.1963 31.2088 31.1208 31.1417 31.1962 31.1837 31.0932 31.1057 31.1181 31.0932 31.0909 31.0909 31.1785 31.2411 31.1180 31.1180 31.1179 31.1825 31.1450 31.1970 31.1326 31.1928 31.2429 31.2928 31.3052 31.3281 31.4887 31.4738 31.5027 31.5027
31.5650 31.5900 31.5796 31.5546 31.5877 31.5500 31.4622 31.4350 31.5076 31.5428 31.5181 31.5428 31.4825 31.5451 31.4951 31.4825 31.5116 31.5241 31.4892 31.5141 31.4493 31.6617 31.5108 31.5108 31.5315 31.4311 31.4163 31.4309 31.3933 31.3681 31.3931 31.3930 31.3468 31.3494 31.3243 31.3219 31.2844 31.2341 31.2570 31.2192 31.1670 31.1083 31.0958 31.0788 31.1038 31.0785 31.0805 31.0446 31.0446 31.1532 31.2555 31.2075 31.2199 31.2073 31.1574 31.0783 31.1679 31.1200 31.1802 31.2552 31.3406 31.3406 31.4010 31.4654 31.4151 31.5777 31.5777
31.5651 31.5902 31.5774 31.5524 31.5879 31.5502 31.4473 31.4201 31.4575 31.4928 31.4701 31.4949 31.4825 31.5450 31.5351 31.5225 31.5139 31.5264 31.4368 31.4617 31.3990 31.6114 31.4982 31.4732 31.5166 31.4206 31.4057 31.4055 31.3680 31.3680 31.3931 31.3955 31.3493 31.3598 31.3347 31.3094 31.2719 31.2717 31.2946 31.2669 31.2147 31.1307 31.1182 31.1663 31.1913 31.1285 31.1305 31.0550 31.0550 31.1052 31.2076 31.2451 31.2576 31.2574 31.2075 31.1430 31.2051 31.1550 31.1926 31.2551 31.3405 31.3009 31.3361 31.3526 31.3426 31.4801 31.4801
31.5296 31.5421 31.5398 31.4898 31.5376 31.5355 31.4577 31.5077 31.5285 31.4782 31.4451 31.4699 31.4575 31.5221 31.5391 31.5287 31.5287 31.5411 31.4514 31.5118 31.4366 31.6113 31.5169 31.4920 31.5646 31.4685 31.4309 31.4307 31.4431 31.4431 31.4096 31.4120 31.3890 31.3995 31.3848 31.3469 31.2719 31.2591 31.1925 31.1877 31.2127 31.1664 31.1664 31.1161 31.1681 31.1556 31.1306 31.0424 31.0424 31.1073 31.1950 31.2076 31.2075 31.2158 31.1784 31.1678 31.2028 31.2028 31.2528 31.2654 31.3529 31.3172 31.3776 31.5047 31.4947 31.5197 31.5197
31.5527 31.5506 31.5127 31.4627 31.5081 31.5060 31.4055 31.4554 31.4431 31.4054 31.4702 31.5098 31.4747 31.5267 31.5663 31.5913 31.5139 31.5119 31.3988 31.4863 31.4590 31.5192 31.4270 31.4791 31.5666 31.5186 31.4811 31.4559 31.4077 31.4479 31.3518 31.3371 31.3848 31.3721 31.3219 31.3448 31.3198 31.3044 31.1774 31.1418 31.1668 31.2165 31.2166 31.2036 31.2556 31.1451 31.1201 31.1323 31.1323 31.1572 31.2575 31.2076 31.2807 31.2662 31.2557 31.2028 31.1777 31.2152 31.2026 31.2005 31.2504 31.2294 31.3568 31.4694 31.4946 31.5571 31.4816
31.5151 31.5255 31.4877 31.4231 31.4685 31.5310 31.4410 31.4785 31.4682 31.4054 31.4702 31.4994 31.4019 31.4518 31.4788 31.5038 31.5013 31.4992 31.3988 31.4863 31.4424 31.5026 31.4770 31.5292 31.6166 31.5687 31.5560 31.5308 31.4117 31.4518 31.3893 31.3746 31.3723 31.3596 31.3218 31.3448 31.2907 31.2754 31.2275 31.1919 31.1668 31.2166 31.2166 31.2287 31.2557 31.1722 31.1722 31.1825 31.1825 31.1573 31.2576 31.2557 31.3288 31.2412 31.2307 31.1779 31.1528 31.1778 31.1652 31.1525 31.2024 31.1919 31.3193 31.3318 31.3570 31.4695 31.3940
31.4856 31.5085 31.4705 31.4059 31.3682 31.4307 31.4058 31.4433 31.5830 31.5350 31.4750 31.5020 31.4143 31.4767 31.5142 31.5266 31.5261 31.5968 31.4817 31.4567 31.3401 31.3776 31.3771 31.4688 31.5207 31.5483 31.4980 31.4977 31.3642 31.3747 31.3370 31.3243 31.3095 31.3094 31.3321 31.3045 31.2504 31.2649 31.2545 31.2542 31.2292 31.2438 31.2438 31.2560 31.2830 31.2219 31.2219 31.2572 31.2572 31.1822 31.3055 31.2907 31.3784 31.3137 31.3158 31.2655 31.1652 31.1777 31.1795 31.1543 31.2048 31.2067 31.2940 31.2939 31.3065 31.4819 31.4566
31.5230 31.5583 31.5204 31.4288 31.3911 31.4787 31.4308 31.4433 31.5705 31.5496 31.5396 31.5395 31.4787 31.5285 31.5640 31.5765 31.4759 31.5466 31.5026 31.4776 31.3775 31.4151 31.3395 31.4313 31.4706 31.4982 31.5145 31.5143 31.4144 31.4248 31.3371 31.3243 31.3094 31.3093 31.3405 31.3129 31.2754 31.2899 31.2921 31.2918 31.3043 31.3189 31.3209 31.3476 31.3477 31.2721 31.2721 31.2448 31.2448 31.1927 31.3161 31.2636 31.3513 31.3263 31.3284 31.2906 31.1903 31.1797 31.1815 31.1313 31.1818 31.1943 31.2816 31.2690 31.2816 31.4048 31.3796
31.4654 31.4779 31.5078 31.4163 31.3933 31.4809 31.5107 31.5231 31.5250 31.4894 31.5645 31.5518 31.5140 31.6119 31.5595 31.5720 31.4943 31.5318 31.4650 31.4651 31.3920 31.4171 31.3563 31.3710 31.3478 31.3354 31.3392 31.3998 31.3370 31.3117 31.2950 31.3176 31.3172 31.3171 31.3380 31.3150 31.3025 31.2897 31.2793 31.3439 31.3564 31.4089 31.4108 31.4478 31.4478 31.3827 31.3828 31.2802 31.2802 31.2278 31.2278 31.2025 31.3530 31.3280 31.3176 31.2673 31.1695 31.1568 31.1440 31.1208 31.1436 31.1436 31.2059 31.1935 31.2312 31.2916 31.3644
31.5292 31.5535 31.5834 31.5508 31.5278 31.5376 31.5742 31.5129 31.5493 31.5290 31.5791 31.6290 31.6265 31.9876 31.9353 31.9477 32.0831 32.1205 31.4398 31.4399 31.3545 31.3795 31.3563 31.3709 31.3519 31.3395 31.3267 31.3873 31.3871 31.3617 31.3575 31.3801 31.3632 31.3631 31.3756 31.3526 31.3901 31.3773 31.3419 31.4065 31.4105 31.4629 31.4504 31.4478 31.4478 31.3828 31.3808 31.3283 31.3283 31.2507 31.2507 31.2401 31.3905 31.3905 31.3802 31.2943 31.1965 31.1213 31.1084 31.0958 31.1186 31.1061 31.1684 31.1790 31.2167 31.3271 31.3999
31.5347 31.5701 31.5906 31.5580 31.6576 31.6674 31.6609 31.5996 31.6480 31.7784 31.8734 31.8205 32.0683 32.6951 32.7869 33.2762 33.4265 32.7238 31.5550 31.4817 31.3565 31.3586 31.2103 31.2229 31.2265 31.2620 31.3350 31.3850 31.3974 31.4448 31.4050 31.4176 31.4259 31.4154 31.4403 31.4546 31.4693 31.4716 31.4966 31.5089 31.5129 31.5483 31.5358 31.4957 31.4957 31.4432 31.4412 31.3906 31.3906 31.2881 31.3758 31.3152 31.3424 31.3549 31.3925 31.3321 31.2065 31.1459 31.0832 31.0831 31.1289 31.1060 31.2158 31.1636 31.1386 31.2616 31.3746
31.5304 31.6128 31.6333 31.6521 31.7517 31.7054 31.6192 31.5539 31.6147 31.7297 31.8355 33.4198 33.6509 36.7584 40.8446 41.3339 39.5771 38.8744 30.8423 30.7691 31.3902 31.3923 31.1868 31.1994 31.2265 31.2620 31.3475 31.3975 31.4474 31.4948 31.4282 31.4407 31.4135 31.4030 31.4778 31.4922 31.5069 31.5092 31.6133 31.6256 31.6130 31.6485 31.6235 31.5834 31.5834 31.4932 31.4788 31.3634 31.3634 31.3257 31.4134 31.3278 31.3549 31.3819 31.4196 31.3341 31.2085 31.1835 31.1208 31.1207 31.1665 31.1166 31.2264 31.1615 31.1366 31.1741 31.2871
31.4777 31.5591 31.6203 31.6391 31.7293 31.6829 31.6271 31.5619 31.6403 31.8474 33.5109 37.4945 38.8060 41.6124 54.7999 55.7696 52.2660 49.0008 35.7748 29.9832 31.1039 31.3651 31.2828 31.2715 31.3409 31.3491 31.4241 31.4548 31.5053 31.5177 31.4657 31.4928 31.5053 31.5051 31.5674 31.6074 31.6596 31.6595 31.7261 31.6860 31.6735 31.6835 31.6586 31.6163 31.6163 31.4677 31.4533 31.3382 31.3382 31.3777 31.4655 31.4425 31.4926 31.4949 31.4199 31.3215 31.2691 31.2691 31.2043 31.2167 31.2640 31.2017 31.2639 31.1989 31.1990 31.2132 31.2256
31.5462 31.5939 31.6550 31.6112 31.7014 31.6783 31.6225 31.5974 31.6758 31.8683 33.5318 35.9409 37.2523 40.1432 53.3307 54.3004 49.8238 46.5586 36.6522 30.8605 31.0026 31.2638 31.3139 31.3027 31.3784 31.3866 31.4949 31.5255 31.5386 31.5510 31.4839 31.5110 31.5826 31.5824 31.6571 31.6971 31.7346 31.7345 31.7511 31.7111 31.7110 31.7211 31.6962 31.6664 31.6664 31.5303 31.5158 31.3882 31.3882 31.3903 31.4780 31.4425 31.4926 31.4969 31.4220 31.3466 31.2941 31.2942 31.2293 31.2543 31.3016 31.2121 31.2743 31.1989 31.1990 31.2382 31.2507
31.6442 31.6918 31.6918 31.5918 31.5877 31.5646 31.5877 31.5626 31.6656 31.6530 32.1473 32.3729 34.7704 39.8853 51.4928 51.4928 53.1407 51.0404 44.6500 39.0294 30.1955 30.2308 30.8005 31.2313 31.4221 31.4094 31.5061 31.5413 31.5617 31.5716 31.5357 31.5643 31.5900 31.6221 31.6942 31.6880 31.7530 31.7904 31.7925 31.8301 31.8300 31.7813 31.7563 31.7289 31.7144 31.5931 31.5931 31.4652 31.4652 31.4427 31.5179 31.4697 31.5073 31.5217 31.4069 31.3944 31.3692 31.3567 31.2641 31.2518 31.3269 31.2496 31.3390 31.2386 31.2386 31.2486 31.2007
31.6966 31.6716 31.6715 31.5611 31.5109 31.4607 31.5139 31.4762 31.6463 31.6587 31.9973 32.1581 36.1671 38.4913 46.7267 46.7267 49.4518 46.2472 41.2845 38.4952 30.1543 30.4608 31.0097 31.3286 31.5356 31.5226 31.5485 31.5837 31.6355 31.6454 31.6219 31.6504 31.6849 31.7170 31.7262 31.7200 31.7669 31.8043 31.8049 31.8425 31.8675 31.7938 31.7688 31.7788 31.7644 31.6534 31.6535 31.5778 31.5778 31.5700 31.6453 31.4823 31.5198 31.4717 31.4319 31.4444 31.3942 31.3817 31.3017 31.2768 31.3268 31.2872 31.3766 31.2511 31.2033 31.2259 31.1779
31.6838 31.6588 31.6462 31.5877 31.5604 31.5102 31.5347 31.4970 31.6221 31.6241 31.6365 31.6844 34.3182 34.4307 35.1201 35.0949 34.8817 33.0811 33.0936 31.4758 31.4465 31.5669 31.5817 31.4717 31.4858 31.5339 31.5954 31.6352 31.6507 31.6785 31.7244 31.7626 31.7818 31.8418 31.7879 31.8267 31.8995 31.8455 31.8386 31.8438 31.8813 31.8398 31.8378 31.7885 31.7635 31.6136 31.5886 31.5219 31.5219 31.5990 31.6219 31.3863 31.4113 31.3443 31.2815 31.3292 31.2162 31.2664 31.2662 31.1660 31.2286 31.1640 31.2538 31.2013 31.1157 31.1175 31.1175
31.6635 31.6134 31.6160 31.5575 31.4997 31.4620 31.5471 31.4969 31.5470 31.6094 31.5868 31.6744 31.6974 31.7348 31.7348 31.7096 31.4715 31.5447 31.5467 31.4859 31.4643 31.4642 31.5441 31.5193 31.5211 31.6191 31.6659 31.6832 31.6947 31.7043 31.7314 31.7829 31.7005 31.7605 31.7733 31.8104 31.8211 31.7732 31.8406 31.8291 31.8540 31.9180 31.9160 31.8164 31.7914 31.6987 31.6737 31.5961 31.5961 31.6231 31.6461 31.4909 31.5159 31.4420 31.3417 31.3667 31.2517 31.3019 31.3037 31.2266 31.2664 31.2163 31.3413 31.3264 31.2534 31.2677 31.2677
31.6655 31.6154 31.6305 31.6450 31.5726 31.5349 31.5867 31.5365 31.4991 31.5344 31.5118 31.5993 31.5848 31.6097 31.5971 31.6074 31.3818 31.3694 31.4088 31.4233 31.5832 31.5831 31.5851 31.5851 31.5476 31.6678 31.6636 31.6431 31.6839 31.6838 31.6976 31.7477 31.7049 31.7611 31.8234 31.8520 31.8094 31.7600 31.8851 31.7958 31.7938 31.8953 31.8703 31.7537 31.7662 31.6611 31.6487 31.6419 31.6419 31.5085 31.5335 31.4034 31.3782 31.3167 31.2415 31.2812 31.1933 31.1788 31.1911 31.1639 31.1912 31.1765 31.2640 31.2639 31.1909 31.2158 31.2158
31.6694 31.6963 31.6189 31.6438 31.6188 31.5937 31.5367 31.5240 31.5140 31.5494 31.5974 31.6326 31.6451 31.6199 31.5825 31.5698 31.4065 31.3814 31.4563 31.4856 31.5227 31.5225 31.5475 31.5851 31.5730 31.6833 31.6561 31.6581 31.7059 31.7060 31.6560 31.6809 31.6637 31.7299 31.7282 31.7992 31.9118 31.8498 31.9498 31.8843 31.8676 31.8321 31.8072 31.7168 31.7293 31.6166 31.6041 31.7267 31.7267 31.5549 31.5549 31.4799 31.4818 31.4316 31.3689 31.3832 31.2934 31.2392 31.2415 31.2165 31.2642 31.2370 31.3017 31.3037 31.2409 31.2304 31.2027
31.7069 31.7338 31.6668 31.6542 31.6438 31.6187 31.5867 31.5740 31.5266 31.5620 31.5849 31.6202 31.6452 31.6199 31.6200 31.6074 31.4565 31.4314 31.4938 31.5231 31.5852 31.5850 31.5975 31.6351 31.5834 31.6834 31.6457 31.6956 31.7434 31.7310 31.6830 31.6807 31.6703 31.7429 31.7075 31.7845 31.8971 31.8592 31.9573 31.8970 31.9073 31.7321 31.7196 31.6168 31.5918 31.5166 31.5186 31.6537 31.6537 31.5549 31.5549 31.4799 31.4818 31.4337 31.3711 31.3188 31.2289 31.2017 31.2040 31.1790 31.2267 31.2015 31.2662 31.3162 31.2534 31.2304 31.2027
31.6970 31.6137 31.5437 31.5312 31.5311 31.5059 31.5263 31.5136 31.5243 31.5471 31.5575 31.5950 31.6324 31.6197 31.6299 31.6423 31.4688 31.4355 31.4852 31.5102 31.6228 31.6228 31.6377 31.7378 31.6690 31.7314 31.7062 31.7562 31.7434 31.7410 31.6930 31.6908 31.6219 31.7094 31.6968 31.8095 31.9346 31.9595 32.0305 31.9349 31.9452 31.7802 31.7677 31.6421 31.6171 31.5418 31.5438 31.6408 31.6408 31.6071 31.6196 31.5196 31.5196 31.4589 31.3940 31.3442 31.3066 31.2794 31.2396 31.2146 31.2267 31.2015 31.2411 31.2785 31.2008 31.1925 31.1672
31.7221 31.6616 31.6063 31.6312 31.6061 31.5559 31.5367 31.5471 31.5598 31.5721 31.5700 31.5950 31.6324 31.5822 31.6048 31.6172 31.5438 31.5104 31.5102 31.5352 31.6228 31.6228 31.6731 31.7628 31.6585 31.7062 31.6811 31.7310 31.6954 31.7158 31.7180 31.7304 31.6343 31.7594 31.8469 31.8596 31.9202 31.8723 31.9305 31.8453 31.8827 31.7927 31.7803 31.6796 31.6441 31.5917 31.5918 31.6305 31.6305 31.6072 31.6196 31.5717 31.5717 31.4694 31.4045 31.3796 31.3420 31.3295 31.2897 31.2645 31.2766 31.2766 31.3162 31.3181 31.2405 31.2696 31.2443
31.6828 31.6473 31.6397 31.6645 31.6375 31.5872 31.5471 31.5574 31.5198 31.5572 31.5800 31.6550 31.6425 31.5693 31.5568 31.5819 31.5084 31.5606 31.5981 31.5729 31.6505 31.6608 31.6835 31.7460 31.6185 31.6811 31.6559 31.7159 31.6678 31.6782 31.7450 31.7574 31.7345 31.8470 31.9219 31.8869 31.9100 31.8851 31.9183 31.8555 31.8929 31.8678 31.8554 31.7800 31.7445 31.6161 31.6161 31.6828 31.6828 31.6951 31.6824 31.6470 31.6343 31.5094 31.4175 31.4277 31.3903 31.3777 31.3901 31.3648 31.3766 31.3766 31.4036 31.3931 31.2928 31.3324 31.3071
31.7703 31.7097 31.7020 31.6498 31.6227 31.6206 31.6220 31.6470 31.6197 31.6446 31.6799 31.6798 31.6047 31.5837 31.5838 31.6088 31.5710 31.6232 31.6106 31.5854 31.6005 31.6107 31.7084 31.7814 31.6684 31.7185 31.6933 31.7533 31.6428 31.6532 31.6949 31.7448 31.8721 31.9346 32.0096 31.9643 31.9873 31.9352 31.8934 31.8681 31.9554 31.9303 31.9073 31.8424 31.8299 31.6807 31.6433 31.7203 31.7203 31.6971 31.6845 31.6325 31.6198 31.5572 31.4653 31.4527 31.4153 31.4005 31.4129 31.4149 31.4267 31.4538 31.4808 31.4702 31.3700 31.3928 31.3676
31.7848 31.7471 31.8126 31.7604 31.7229 31.7207 31.7338 31.7588 31.6800 31.6819 31.6820 31.6693 31.5942 31.6213 31.6233 31.6233 31.5882 31.5630 31.5755 31.6108 31.6359 31.6356 31.6829 31.6684 31.5681 31.6032 31.5927 31.6426 31.5947 31.5798 31.5963 31.6464 31.7965 31.8489 31.9472 31.9118 31.9224 31.8725 31.8806 31.8679 31.9552 31.9152 31.8922 31.8793 31.8669 31.8209 31.7834 31.8458 31.8458 31.8100 31.7828 31.6808 31.6807 31.6660 31.6284 31.5907 31.4903 31.4756 31.4751 31.4771 31.4914 31.5185 31.5308 31.5704 31.5330 31.5684 31.5330
