regresion/ABRIL_2003/SeaWiFS/Composicion (Lt_490).txt
ncols         167
nrows         127
xllcorner     -112.014
yllcorner     26.717
cellsize      0.00899
[rows 87 to 115 of 127, columns 67 to 133 of 167]
53.1717 53.2021 53.3035 53.2370 53.2854 53.2497 53.3022 53.2844 53.3195 53.3324 53.3367 53.3102 53.3632 53.2749 53.2269 53.2225 53.2402 53.1736 53.1343 53.1606 53.1958 53.2837 53.2171 53.3356 53.4233 53.4760 53.5557 53.5029 53.5555 53.5429 53.5911 53.6088 53.6393 53.6176 53.5687 53.6040 53.6339 53.8936 53.8755 53.8623 53.8622 53.7475 53.8488 53.7653 53.7690 53.7867 53.8042 53.8131 53.7907 53.7555 53.7947 53.7674 53.7847 53.7673 53.7848 53.7713 53.7802 53.7270 53.6741 53.7324 53.6969 53.7319 53.7671 53.8418 53.8418 53.9113 53.9290
53.3254 53.3075 53.2813 53.2327 53.2985 53.2804 53.3199 53.2539 53.2890 53.3020 53.3064 53.2575 53.3151 53.2617 53.2618 53.2223 53.2224 53.2172 53.1604 53.1597 53.1949 53.2430 53.2117 53.2821 53.3924 53.4274 53.4670 53.4541 53.4538 53.4540 53.5550 53.5727 53.5989 53.5948 53.5814 53.6120 53.6115 53.7880 53.7522 53.7742 53.7966 53.7171 53.8184 53.7703 53.7875 53.7700 53.7697 53.7786 53.7741 53.7869 53.7859 53.7682 53.7680 53.7329 53.7328 53.6888 53.6977 53.6662 53.5604 53.4503 53.4148 53.3974 53.4325 53.5904 53.5904 53.6600 53.6776
53.4135 53.3957 53.3914 53.3911 53.4612 53.4433 53.4961 53.4476 53.4694 53.3414 53.3944 53.3412 53.3460 53.2751 53.2576 53.2265 53.2224 53.2304 53.2481 53.2520 53.2521 53.2825 53.2645 53.2996 53.3745 53.3922 53.4318 53.4541 53.4671 53.4848 53.5725 53.5508 53.5990 53.5816 53.5637 53.5592 53.6336 53.7042 53.6685 53.8137 53.8848 53.8892 53.9946 53.9067 53.9241 53.8361 53.7653 53.7259 53.7784 53.8441 53.8212 53.8212 53.8076 53.7768 53.7236 53.6577 53.6445 53.6088 53.5913 53.5030 53.4985 53.4591 53.4591 53.5905 53.5905 53.6424 53.6248
53.5240 53.5238 53.5546 53.5544 53.5321 53.4308 53.4837 53.4657 53.5052 53.3596 53.4171 53.3109 53.2934 53.2350 53.2176 53.1688 53.1647 53.1642 53.2476 53.2472 53.2472 53.3352 53.3044 53.2691 53.2865 53.3617 53.4143 53.3791 53.3966 53.3967 53.4795 53.4755 53.4792 53.4923 53.4921 53.4746 53.4388 53.5976 53.5668 53.6636 53.7472 53.9238 53.9940 53.9413 53.9764 53.9059 53.8486 53.8045 53.8570 53.8085 53.7024 53.7376 53.6492 53.5476 53.5517 53.5614 53.5967 53.5041 53.4645 53.4114 53.4112 53.3848 53.3846 53.4279 53.4279 53.3832 53.3657
53.7527 53.7525 53.7305 53.7304 53.7082 53.6068 53.5936 53.5006 53.5712 53.5533 53.6107 53.5045 53.4870 53.3935 53.3543 53.2174 53.2351 53.2170 53.2828 53.3000 53.2691 53.3570 53.3262 53.1988 53.2162 53.3089 53.3615 53.3262 53.3437 53.3572 53.4443 53.4094 53.4441 53.4747 53.4568 53.4745 53.4564 53.6194 53.6020 53.7649 53.8351 53.9589 53.9940 53.9237 53.9940 53.9192 53.9013 53.8966 53.9097 53.8262 53.7376 53.7419 53.6006 53.5123 53.5299 53.5571 53.5925 53.5569 53.5173 53.4774 53.4773 53.4551 53.4549 53.4673 53.4673 53.4183 53.3832
53.9469 53.9113 53.8319 53.7837 53.7486 53.6776 53.6248 53.5141 53.5761 53.5582 53.5583 53.4470 53.4472 53.3629 53.3589 53.1996 53.2654 53.3005 53.3534 53.3048 53.2384 53.2161 53.2513 53.1414 53.1985 53.2736 53.2910 53.2557 53.2860 53.3171 53.3914 53.3694 53.4218 53.4219 53.4037 53.4215 53.3732 53.4789 53.4743 53.6242 53.6767 53.6943 53.7294 53.7119 53.8126 53.8919 53.8605 53.8076 53.8251 53.6842 53.5429 53.5521 53.4638 53.4153 53.4639 53.4640 53.4816 53.4989 53.4989 53.4942 53.4764 53.4104 53.4147 53.4189 53.4189 53.4008 53.3657
53.9469 53.9113 53.8319 53.8366 53.8585 53.7829 53.7611 53.7078 53.7521 53.7166 53.7167 53.6054 53.5486 53.3982 53.4335 53.3581 53.3887 53.3886 53.3887 53.2520 53.2207 53.2295 53.2646 53.2998 53.3569 53.3438 53.3612 53.2515 53.2818 53.2996 53.3739 53.4046 53.4040 53.4393 53.4389 53.4608 53.4260 53.5275 53.5270 53.6241 53.6591 53.6943 53.7294 53.6900 53.7950 53.8786 53.8605 53.8076 53.8075 53.6708 53.5294 53.5168 53.4420 53.4111 53.4287 53.4464 53.4641 53.5473 53.5473 53.5470 53.5292 53.4675 53.4717 53.4716 53.4716 53.4712 53.4227
53.9966 53.9610 53.9391 53.9209 53.9428 53.9205 53.8723 53.7836 53.7705 53.7156 53.7333 53.6804 53.6236 53.4333 53.4464 53.3887 53.4064 53.3759 53.3760 53.2652 53.2693 53.2868 53.3219 53.3266 53.3566 53.2509 53.2549 53.1803 53.2331 53.2638 53.3163 53.3165 53.3386 53.4090 53.4043 53.4438 53.4218 53.4662 53.4657 53.5186 53.5182 53.5182 53.6012 53.6013 53.6407 53.5965 53.6314 53.6489 53.6484 53.5999 53.5299 53.4994 53.4644 53.4643 53.4289 53.3934 53.4110 53.5778 53.5645 53.5243 53.5241 53.5062 53.5414 53.4531 53.4531 53.3741 53.3257
54.0847 54.0491 54.0272 53.9516 53.9382 53.8853 53.8547 53.8012 53.7705 53.7332 53.7643 53.7333 53.7159 53.6094 53.6049 53.5295 53.4594 53.3935 53.4506 53.3357 53.3355 53.2340 53.2691 53.1680 53.1981 53.1630 53.1670 53.2199 53.2726 53.3032 53.2986 53.3163 53.3738 53.4837 53.4789 53.4791 53.4746 53.5190 53.5009 53.5538 53.5710 53.5668 53.6188 53.6056 53.6758 53.5964 53.6315 53.6489 53.6661 53.6527 53.5433 53.4952 53.4996 53.4995 53.4641 53.4418 53.4594 53.5779 53.5645 53.5110 53.5109 53.4886 53.5237 53.4926 53.4926 53.3960 53.3785
54.0971 54.0439 54.0263 53.9153 53.9020 53.8794 53.8312 53.7954 53.7690 53.6978 53.7289 53.6978 53.6803 53.6681 53.6636 53.5133 53.4431 53.4077 53.4648 53.3189 53.2833 53.2347 53.2684 53.1673 53.2201 53.1850 53.2023 53.2552 53.2371 53.2678 53.2856 53.3034 53.3341 53.4440 53.4613 53.4614 53.4567 53.4834 53.5137 53.5533 53.5705 53.5662 53.5878 53.6056 53.6758 53.5964 53.6138 53.6269 53.6843 53.6886 53.6135 53.5480 53.5171 53.5170 53.4816 53.4545 53.4413 53.5469 53.5292 53.4934 53.5285 53.5062 53.5061 53.4930 53.4930 53.4094 53.3918
54.0971 54.0438 54.0480 53.9547 53.9594 53.9368 53.8181 53.6943 53.7296 53.7155 53.6804 53.6626 53.6757 53.6812 53.6286 53.5310 53.5177 53.4427 53.5132 53.4422 53.4594 53.4154 53.4490 53.4138 53.4138 53.1323 53.1496 53.1626 53.1270 53.1974 53.3386 53.3915 53.4926 53.5498 53.4747 53.4972 53.5142 53.5362 53.5666 53.5491 53.5135 53.4783 53.4998 53.5788 53.6315 53.6316 53.6665 53.6489 53.6534 53.6757 53.6536 53.6186 53.5525 53.5305 53.4598 53.4018 53.4062 53.5290 53.4893 53.4361 53.4713 53.5282 53.5280 53.4449 53.4449 53.3523 53.3524
54.1148 54.0261 54.0127 53.9506 53.9596 53.8711 53.7877 53.7171 53.7304 53.7163 53.6812 53.6629 53.6761 53.6583 53.6057 53.5654 53.5521 53.4064 53.4769 53.4718 53.4890 53.4317 53.4313 53.3962 53.3785 53.0969 53.1849 53.1979 53.1107 53.1811 53.2995 53.3525 53.4756 53.5327 53.4931 53.5155 53.5490 53.5710 53.5709 53.5491 53.5135 53.4959 53.4998 53.5787 53.6364 53.6321 53.6847 53.6714 53.6711 53.6757 53.6359 53.6137 53.5695 53.5476 53.4593 53.4061 53.4413 53.5286 53.5066 53.4889 53.4667 53.5285 53.5285 53.3920 53.3920 53.3697 53.3698
54.0794 53.9907 54.0258 53.9506 53.9597 53.9240 53.8363 53.7480 53.7303 53.6107 53.6108 53.5926 53.6057 53.5657 53.5701 53.6180 53.6885 53.6000 53.6928 53.7052 53.6521 53.5726 53.5722 53.4140 53.3963 53.2380 53.2908 53.2331 53.1591 53.2120 53.2292 53.2863 53.4404 53.4804 53.6033 53.5859 53.5667 53.6021 53.6020 53.5492 53.4474 53.4603 53.4424 53.4732 53.4956 53.5483 53.6713 53.7112 53.6715 53.6715 53.6228 53.6182 53.5519 53.5300 53.4594 53.4191 53.4192 53.4759 53.4891 53.4580 53.4358 53.3878 53.3878 53.3745 53.3745 53.3567 53.3743
53.9427 53.9722 54.0250 53.9186 53.9235 53.8878 53.8001 53.7118 53.7075 53.5751 53.5752 53.5572 53.5704 53.5480 53.5524 53.6180 53.6885 53.6001 53.6929 53.7102 53.6924 53.6264 53.5731 53.4148 53.4319 53.2736 53.2913 53.2337 53.1936 53.2465 53.2284 53.2856 53.4397 53.4796 53.5666 53.5493 53.5313 53.5843 53.5842 53.5316 53.4120 53.4559 53.4437 53.4745 53.5272 53.5843 53.6721 53.6767 53.6370 53.6413 53.6223 53.5870 53.4987 53.4947 53.4770 53.4721 53.4545 53.4808 53.4895 53.4584 53.4407 53.4054 53.2641 53.3920 53.3920 53.3961 53.4137
53.8547 53.8842 53.9241 53.8176 53.7871 53.6985 53.6767 53.6809 53.6369 53.5178 53.5531 53.4997 53.5216 53.5169 53.5698 53.5651 53.5875 53.5694 53.5696 53.5914 53.6045 53.6266 53.5732 53.4853 53.5025 53.3043 53.3571 53.3922 53.2817 53.2861 53.2461 53.3037 53.3739 53.3917 53.5537 53.5496 53.5844 53.6021 53.4653 53.4960 53.4075 53.3285 53.3163 53.4084 53.4610 53.5185 53.5846 53.5669 53.5314 53.5710 53.5166 53.5123 53.4945 53.4724 53.4238 53.4060 53.4367 53.4628 53.4408 53.4409 53.4231 53.4101 53.2688 53.3877 53.3877 53.3786 53.3744
53.8850 53.8850 53.9249 53.8362 53.8055 53.6864 53.6604 53.6647 53.6073 53.5539 53.5892 53.5182 53.5401 53.5042 53.5571 53.5998 53.6223 53.6039 53.6041 53.6080 53.6213 53.6256 53.6083 53.5204 53.4848 53.2866 53.3571 53.3922 53.2994 53.3037 53.2287 53.2863 53.3212 53.3390 53.4838 53.4798 53.4969 53.5455 53.4085 53.4744 53.4255 53.3156 53.2976 53.3898 53.4423 53.5000 53.5661 53.5880 53.5830 53.6006 53.4989 53.5476 53.5298 53.5077 53.4371 53.4073 53.4380 53.4946 53.4593 53.4415 53.3885 53.3756 53.2740 53.4048 53.4048 53.4267 53.4225
53.7490 53.7490 53.7798 53.6557 53.6735 53.6470 53.6074 53.5720 53.5016 53.4525 53.4921 53.4520 53.4873 53.5002 53.5226 53.5166 53.4992 53.4985 53.5296 53.5115 53.4588 53.4807 53.4676 53.3749 53.4099 53.3570 53.3394 53.3568 53.2861 53.3612 53.2331 53.2157 53.2155 53.2685 53.2548 53.2508 53.4617 53.4747 53.4039 53.4217 53.3376 53.3374 53.3370 53.3591 53.4075 53.5001 53.5352 53.5529 53.6050 53.6361 53.4905 53.5914 53.5074 53.4724 53.3665 53.3544 53.3498 53.3714 53.3362 53.3759 53.3271 53.2877 53.1993 53.3523 53.3523 53.4178 53.3828
53.7304 53.6418 53.6727 53.6254 53.6432 53.6647 53.6251 53.5364 53.4660 53.4525 53.4921 53.4647 53.5000 53.5129 53.5353 53.5175 53.5000 53.5700 53.6011 53.5654 53.4646 53.4864 53.4507 53.3581 53.3930 53.3402 53.2869 53.3043 53.2458 53.3209 53.2146 53.1972 53.1792 53.2321 53.2364 53.2323 53.4834 53.4965 53.3903 53.4081 53.3199 53.3197 53.3193 53.3414 53.4035 53.4960 53.5663 53.5840 53.6235 53.6546 53.5090 53.5922 53.5083 53.4417 53.3358 53.3712 53.3667 53.3882 53.3530 53.3750 53.3263 53.2820 53.1937 53.3170 53.3170 53.4178 53.3828
53.6556 53.5670 53.6201 53.6476 53.6653 53.6296 53.5899 53.5364 53.4352 53.4525 53.4744 53.4431 53.4432 53.4427 53.4475 53.4429 53.4212 53.4781 53.4079 53.4117 53.3460 53.3764 53.3230 53.3230 53.3270 53.3840 53.2909 53.2911 53.2676 53.2501 53.2500 53.2853 53.1969 53.2280 53.2277 53.1881 53.3731 53.3733 53.2847 53.4520 53.3637 53.3240 53.2490 53.2009 53.2495 53.3024 53.3902 53.4212 53.4961 53.5223 53.4557 53.5084 53.3849 53.3888 53.3138 53.3710 53.3578 53.3094 53.2741 53.3047 53.2340 53.2249 53.2071 53.2905 53.2905 53.3960 53.3785
53.6742 53.5552 53.6082 53.6476 53.6653 53.6119 53.5722 53.5718 53.4705 53.4821 53.5040 53.4599 53.4601 53.4596 53.4643 53.4597 53.4381 53.4654 53.3952 53.4343 53.3458 53.3762 53.3584 53.3584 53.3270 53.3840 53.2861 53.2862 53.2507 53.2333 53.2154 53.2508 53.1977 53.2288 53.2334 53.1938 53.3562 53.3564 53.3032 53.4705 53.3820 53.3423 53.2441 53.1960 53.2134 53.2663 53.3717 53.4027 53.4776 53.5038 53.4420 53.4772 53.3536 53.4064 53.3315 53.3887 53.3755 53.3094 53.2741 53.3360 53.2653 53.2079 53.1901 53.2560 53.2560 53.3968 53.3793
53.6523 53.5333 53.5555 53.5949 53.5594 53.5061 53.5765 53.5760 53.4572 53.4864 53.5041 53.4731 53.4602 53.4950 53.4381 53.4556 53.3678 53.3775 53.3555 53.3418 53.3060 53.3454 53.3452 53.3670 53.2917 53.4149 53.3389 53.3038 53.2465 53.2819 53.2286 53.2069 53.2110 53.1584 53.1279 53.1409 53.3076 53.3473 53.2941 53.3428 53.2543 53.2765 53.1783 53.1255 53.1428 53.2402 53.3456 53.3938 53.4510 53.5390 53.4949 53.4772 53.3580 53.4150 53.3224 53.3096 53.2743 53.2739 53.2562 53.3181 53.3357 53.2432 53.2389 53.2386 53.2386 53.3265 53.3266
53.5910 53.5024 53.5246 53.5597 53.5241 53.5412 53.6117 53.6240 53.5052 53.5180 53.5357 53.5268 53.5140 53.5134 53.4566 53.4082 53.3205 53.3643 53.3422 53.3063 53.2882 53.3277 53.3572 53.3437 53.2685 53.4224 53.3690 53.3912 53.3339 53.3692 53.2862 53.2645 53.2157 53.1631 53.1144 53.1274 53.2196 53.2592 53.2764 53.3251 53.2318 53.2540 53.2320 53.1792 53.1612 53.2585 53.3110 53.3592 53.4432 53.5312 53.5309 53.4603 53.3588 53.3981 53.3231 53.2868 53.2514 53.3176 53.2998 53.2820 53.2995 53.2776 53.2732 53.1897 53.1897 53.2819 53.2820
53.5602 53.4715 53.4892 53.5243 53.4540 53.4711 53.5984 53.6107 53.4524 53.4609 53.4480 53.4082 53.3556 53.3727 53.3511 53.3379 53.3334 53.3639 53.3816 53.3458 53.3320 53.3494 53.3789 53.4317 53.3697 53.4402 53.4045 53.4221 53.3692 53.3299 53.2645 53.2601 53.1759 53.1233 53.1317 53.1142 53.2374 53.2769 53.2941 53.2242 53.1310 53.1794 53.1574 53.1883 53.1703 53.2408 53.2933 53.3416 53.4256 53.4961 53.4825 53.4512 53.3277 53.3499 53.2750 53.2868 53.2691 53.3176 53.2956 53.2734 53.3086 53.3037 53.3389 53.2424 53.2424 53.3390 53.3566
53.7354 53.6645 53.6293 53.6238 53.5359 53.5358 53.6455 53.6586 53.4958 53.4910 53.4781 53.4249 53.3723 53.3424 53.3208 53.3115 53.3070 53.3991 53.4168 53.3987 53.3977 53.3799 53.3798 53.4280 53.3485 53.3882 53.3526 53.4054 53.3394 53.3002 53.3042 53.2997 53.1978 53.1452 53.1316 53.1142 53.1788 53.2182 53.3237 53.2538 53.1258 53.1742 53.1386 53.1696 53.1695 53.2268 53.2674 53.3157 53.3901 53.4607 53.4825 53.4865 53.4158 53.4154 53.2523 53.3051 53.2699 53.2833 53.2613 53.2391 53.2742 53.3136 53.3488 53.2295 53.2295 53.2338 53.2515
53.7668 53.6900 53.5538 53.5356 53.4694 53.4693 53.4476 53.4430 53.3377 53.2892 53.3597 53.3594 53.3729 53.3593 53.3372 53.2925 53.2926 53.3448 53.4329 53.4630 53.5023 53.4316 53.4447 53.4448 53.3522 53.3874 53.3574 53.3532 53.3176 53.2956 53.3039 53.2337 53.1848 53.1146 53.0741 53.1313 53.1130 53.1000 53.1704 53.1970 53.1220 53.1530 53.1046 53.2104 53.2103 53.2631 53.2804 53.3200 53.3768 53.4162 53.4512 53.4986 53.4278 53.3795 53.2296 53.2295 53.2119 53.2032 53.2208 53.2922 53.3097 53.3842 53.4017 53.2515 53.2515 53.2558 53.2425
53.8418 53.7650 53.6419 53.6062 53.5224 53.5046 53.5005 53.5134 53.4609 53.3066 53.3771 53.3067 53.3202 53.3284 53.3063 53.3101 53.3102 53.3096 53.3977 53.4278 53.4671 53.4052 53.4182 53.4052 53.3522 53.4051 53.3574 53.3003 53.2823 53.2602 53.3435 53.2733 53.2553 53.1851 53.0740 53.1311 53.0602 53.0427 53.1440 53.1751 53.1747 53.1882 53.1398 53.2280 53.2103 53.2983 53.2845 53.3242 53.2888 53.3283 53.3984 53.4458 53.4056 53.3573 53.2606 53.2606 53.2429 53.2033 53.1857 53.2041 53.2216 53.2610 53.2785 53.3044 53.3044 53.2029 53.1896
53.8545 53.7659 53.6601 53.6597 53.5543 53.5540 53.5938 53.5589 53.5547 53.4131 53.4090 53.2367 53.2544 53.2938 53.2717 53.3051 53.4284 53.3925 53.3793 53.3923 53.3920 53.3876 53.4099 53.3044 53.3043 53.3001 53.3218 53.2337 53.1450 53.1581 53.2721 53.1492 53.1972 53.2015 53.0070 53.1173 53.0597 53.0552 53.1565 53.2800 53.2676 53.2987 53.2455 53.2805 53.2626 53.2847 53.2711 53.3105 53.2879 53.2881 53.3891 53.3939 53.3891 53.4419 53.3496 53.3148 53.2972 53.2395 53.2219 53.2395 53.2437 53.2657 53.2832 53.3310 53.3310 53.1487 53.1663
53.8546 53.7660 53.6425 53.5893 53.5014 53.5320 53.5499 53.4840 53.4843 53.4132 53.4091 53.2718 53.2896 53.2585 53.2364 53.3051 53.4284 53.3397 53.3264 53.3394 53.3390 53.3700 53.3923 53.3044 53.3043 53.2472 53.2512 53.1852 53.0790 53.0921 53.1664 53.0435 53.1442 53.1485 53.0247 53.1350 53.0554 53.0686 53.0860 53.1743 53.3029 53.2988 53.2632 53.3334 53.1789 53.2009 53.2008 53.2401 53.2527 53.2529 53.3362 53.3411 53.4025 53.4553 53.4024 53.3676 53.3852 53.2218 53.1910 53.2087 53.2129 53.2699 53.2874 53.3837 53.3837 53.2191 53.2367
53.7482 53.7482 53.7130 53.6597 53.6292 53.6294 53.6251 53.5897 53.4667 53.3957 53.4134 53.2895 53.2851 53.2315 53.2844 53.2484 53.2528 53.1641 53.2392 53.2388 53.2262 53.2526 53.2169 53.1599 53.1285 53.0756 53.1284 53.1283 53.1576 53.1403 53.1972 53.2191 53.2144 53.1266 53.0204 53.0427 52.9851 53.1746 53.1436 53.1086 53.2317 53.2447 53.2444 53.2621 53.0898 53.1513 53.1640 53.2568 53.2389 53.2521 53.3575 53.3752 53.4543 53.4735 53.3854 53.4336 53.4026 53.2261 53.1954 53.1952 53.2304 53.2869 53.2691 53.3924 53.3924 53.2158 53.2159
