regresion/ABRIL_2003/SeaWiFS/Composicion (Lt_555).txt
ncols         167
nrows         127
xllcorner     -112.014
yllcorner     26.717
cellsize      0.00899
[rows 29 to 57 of 127, columns 67 to 133 of 167]
31.3896 31.4900 31.3901 31.6405 31.5656 31.7933 31.7955 31.8325 31.8220 31.6567 31.7443 31.5188 31.4293 31.4896 31.6666 31.7369 31.7620 31.7389 31.7639 31.6531 31.6512 31.7158 31.6449 31.6678 31.6048 31.6299 31.7176 31.6927 31.9159 31.9282 31.8879 31.8754 31.8501 31.8127 31.8646 31.9043 31.8915 31.9147 31.8268 31.8539 31.7664 31.7517 31.8641 31.7243 31.7492 31.8386 31.7759 31.7758 31.6752 31.6753 31.6396 31.7377 31.7250 31.7626 31.8000 31.8119 31.8014 31.8034 31.8013 31.8158 31.8408 31.9365 31.9239 32.0384 32.0384 32.1025 32.1255
31.3770 31.4020 31.3021 31.6053 31.5304 31.8184 31.8206 31.8451 31.8345 31.6693 31.7569 31.5037 31.4142 31.4745 31.6515 31.7117 31.7368 31.7137 31.7388 31.6154 31.6284 31.6931 31.6700 31.6929 31.6551 31.6801 31.6923 31.6674 31.9385 31.9509 31.9507 31.9383 31.8501 31.8127 31.8646 31.9043 31.8814 31.9046 31.8167 31.8437 31.7539 31.7391 31.8515 31.7118 31.7366 31.8260 31.7733 31.7733 31.6752 31.6753 31.6145 31.7126 31.6998 31.7399 31.7773 31.8002 31.7896 31.8215 31.8193 31.8339 31.8589 31.9470 31.9343 32.0490 32.0490 32.1174 32.1403
31.3399 31.3649 31.4024 31.7807 31.6975 32.0231 32.0106 31.9576 31.9826 31.8448 31.8553 31.5999 31.6519 31.5746 31.6497 31.7515 31.8016 31.8265 31.8412 31.6928 31.7683 31.7202 31.6825 31.7303 31.7302 31.6676 31.6652 31.6025 31.8860 31.8486 31.9631 32.0007 31.9001 31.9149 31.9169 31.9525 31.8442 31.8191 31.7916 31.8916 31.8415 31.8122 31.8621 31.8515 31.9264 31.9240 31.9236 31.8632 31.8130 31.8861 31.8128 31.8628 31.8021 31.7920 31.8398 31.8479 31.8583 31.8715 31.8840 31.8589 31.8462 31.8835 31.8940 31.9499 31.9499 32.0296 32.1150
31.3650 31.3297 31.3672 31.8057 31.7225 31.9854 31.9729 31.9953 32.0203 31.8170 31.8275 31.5874 31.6394 31.5369 31.6120 31.7013 31.7514 31.7787 31.7935 31.6576 31.7306 31.6825 31.6447 31.6926 31.7050 31.6425 31.7130 31.6503 31.9363 31.8989 32.0511 32.0886 31.9880 32.0028 31.9445 31.9801 31.8442 31.8191 31.7791 31.8790 31.8413 31.8121 31.8597 31.8491 31.9239 31.9216 31.9111 31.8506 31.8005 31.8735 31.8002 31.8275 31.7668 31.7543 31.8021 31.8401 31.8504 31.8739 31.8863 31.8727 31.8601 31.9124 31.9229 31.9767 31.9767 32.0407 32.1261
31.4546 31.4193 31.4173 31.5929 31.5722 31.8830 31.8330 32.0329 32.1205 31.9650 31.9649 31.8375 31.8876 31.7895 31.8271 31.6889 31.7264 31.7205 31.7333 31.6079 31.6204 31.5678 31.5301 31.5676 31.7157 31.8176 32.0886 32.0739 32.1114 31.9990 31.9884 31.9634 31.9006 31.9633 31.8322 31.9198 31.8692 31.8942 31.8792 31.9417 31.9290 31.8494 31.9595 31.9093 31.9113 31.9989 31.9862 31.9259 31.9029 31.9154 31.9025 31.9048 31.8274 31.8524 31.8648 31.9047 31.9151 31.8989 31.8841 31.8956 31.8955 31.9375 31.9625 32.2332 32.2332 32.4711 32.4586
31.4696 31.3940 31.3942 31.5194 31.5092 31.8199 31.7824 32.1055 32.1910 31.9878 32.0148 31.8874 31.9250 31.8269 31.8395 31.7414 31.7687 31.7602 31.7834 31.6329 31.6705 31.5554 31.5026 31.5151 31.6757 31.8130 32.0613 32.0863 32.1489 32.0490 32.0761 32.0534 31.9553 32.0159 31.9073 32.0074 31.9821 32.1071 32.0419 32.0021 31.9744 31.9595 32.0720 31.9843 31.9863 32.0262 32.0009 31.9758 31.9553 31.9428 31.9173 31.8547 31.7773 31.8107 31.8231 31.9064 31.9167 31.9397 31.9249 31.9482 31.9481 32.0139 32.0389 32.2689 32.2689 32.4552 32.4428
31.5677 31.4922 31.5318 31.5548 31.5194 31.7071 31.6925 31.8404 31.8903 31.8270 31.8521 31.9273 31.9773 32.0668 32.0793 31.9689 31.9567 31.7208 31.7584 31.6683 31.6934 31.5929 31.5632 31.5381 31.7133 31.6756 31.9490 32.0011 32.1639 32.1514 32.1286 32.1414 32.0058 31.9934 31.8950 31.9701 31.9178 32.0030 31.8899 31.9269 31.9743 31.9595 32.0470 31.9220 31.9365 31.9638 31.9511 31.9886 31.9430 31.9431 31.9281 31.8780 31.8403 31.9507 31.8606 31.9544 31.9271 31.9126 31.9250 32.0129 32.0505 32.1371 32.2749 32.4736 32.4736 32.7987 32.8363
31.4314 31.4314 31.4817 31.4394 31.5020 31.8026 31.7754 31.8254 31.8523 31.8519 31.8644 31.9792 31.9918 32.0692 32.0715 31.9334 31.9190 31.7206 31.7332 31.7538 31.7638 31.6384 31.6130 31.6108 31.8238 31.8007 32.0639 32.1160 32.2313 32.1835 32.2460 32.2817 32.1707 32.2584 32.1828 32.2579 32.2008 32.1861 32.0730 32.0226 32.0473 32.0597 32.1471 32.0015 32.0161 32.0536 32.0307 32.0536 31.9553 31.9178 31.9155 31.8631 31.8358 32.0205 31.9680 32.0431 32.0305 31.9814 32.0064 32.1490 32.1887 32.2815 32.4445 32.7158 32.7158 32.8533 32.8908
31.4918 31.4918 31.5296 31.5394 31.6145 31.8275 31.7898 31.8398 31.8773 31.8540 31.8666 31.9039 31.8915 32.0316 32.0194 32.0566 32.0692 31.7309 31.7185 31.6912 31.7262 31.6633 31.6380 31.6378 31.8507 31.8528 32.1160 32.2036 32.3188 32.2566 32.3066 32.3442 32.2332 32.3209 32.2307 32.3058 32.2759 32.2381 32.1501 31.9977 31.9723 31.9848 32.0494 31.9912 31.9911 32.0392 31.9536 31.9160 31.9053 31.9178 31.9030 31.8276 31.7627 31.8579 31.8055 31.8931 31.8805 31.9336 31.9586 32.0969 32.1366 32.2441 32.4070 32.7284 32.7284 32.8511 32.8637
31.6025 31.6000 31.5645 31.4888 31.5138 31.7142 31.6767 31.7267 31.7643 31.8314 31.8190 31.9188 31.9085 32.0337 32.0568 32.1046 32.0922 31.6786 31.6912 31.6384 31.6256 31.7110 31.6982 31.7877 31.9506 32.0152 32.3563 32.4188 32.5816 32.5695 32.5444 32.5445 32.4813 32.4189 32.3637 32.3490 32.2358 32.2129 32.2003 32.0877 32.0246 31.9998 32.0542 32.0314 32.0313 32.0188 31.9434 31.9309 31.9305 31.9009 31.8861 31.8355 31.7477 31.8565 31.8918 31.9976 31.9622 32.0041 32.0542 32.1843 32.3347 32.4655 32.5783 32.7075 32.7075 32.8498 32.8623
31.6150 31.6125 31.5770 31.5139 31.5533 31.6286 31.6016 31.6913 31.7289 31.8063 31.8189 31.8436 31.8314 31.8689 31.9065 32.1273 32.1273 31.9664 32.0164 31.6257 31.5774 31.6503 31.6375 31.8274 31.9902 32.0777 32.4188 32.4293 32.5921 32.5820 32.5694 32.5944 32.5291 32.4667 32.4262 32.3760 32.2753 32.2629 32.2253 32.1126 32.0517 32.0144 32.0542 32.0294 32.0293 32.0437 32.0310 32.0310 32.0034 31.9612 31.9235 31.8605 31.8228 31.9316 31.9543 32.0727 32.0372 32.0646 32.1147 32.2219 32.3723 32.4781 32.5909 32.7200 32.7200 32.8623 32.8519
31.6001 31.6001 31.6647 31.6142 31.5784 31.5155 31.5780 31.7079 31.6433 31.8439 31.8336 31.8562 31.8793 31.8667 31.8668 32.1394 32.2020 32.0390 32.0368 31.6736 31.6253 31.7899 31.8023 31.9421 32.0427 31.9927 32.3188 32.3691 32.5295 32.5172 32.5566 32.5191 32.4391 32.4120 32.4617 32.4388 32.3757 32.2901 32.2525 32.1254 32.0419 32.0567 32.1066 32.0421 32.0419 32.0793 32.0666 32.1019 32.0344 32.1220 32.0967 32.1488 32.0484 32.1360 32.1860 32.2717 32.3468 32.4063 32.4062 32.4302 32.4176 32.5515 32.5743 32.6661 32.6661 32.7405 32.7300
31.5626 31.5626 31.6292 31.6538 31.6160 31.5531 31.6156 31.6578 31.6057 31.8063 31.7941 31.8668 31.9419 31.8666 31.8417 32.0768 32.1269 32.2267 32.1641 31.8259 31.8131 31.6898 31.7022 31.9171 32.0176 31.9802 32.3063 32.4316 32.5921 32.6172 32.6044 32.5294 32.4766 32.4640 32.5012 32.4763 32.3881 32.3025 32.2921 32.1651 32.0668 32.0672 32.1296 32.0795 32.1170 32.1419 32.1019 32.1622 32.0718 32.1364 32.1612 32.2363 32.1235 32.2110 32.2381 32.2968 32.3719 32.4313 32.4312 32.5052 32.4926 32.6390 32.6618 32.7161 32.7161 32.7800 32.7800
31.5164 31.5414 31.6164 31.7165 31.7038 31.5805 31.6408 31.7558 31.7583 31.8564 31.8920 31.9294 32.0295 32.0140 32.0016 32.1641 32.1495 32.2889 32.2535 31.9152 31.9177 31.6526 31.8029 31.9178 32.2188 32.2335 32.1937 32.2668 32.4896 32.5147 32.5396 32.5249 32.4997 32.5017 32.4912 32.4788 32.3530 32.3508 32.2673 32.2572 32.2446 32.1151 32.1397 32.1024 32.1272 32.1897 32.1600 32.2225 32.1471 32.1866 32.1510 32.2012 32.1989 32.2785 32.2555 32.3035 32.2908 32.3956 32.4309 32.5184 32.4556 32.6374 32.4994 32.4272 32.4272 32.6278 32.6278
31.4288 31.4538 31.5163 31.6914 31.6663 31.6077 31.6805 31.8184 31.7959 31.8564 31.9045 31.9168 31.9669 31.9869 31.9870 32.0265 32.0513 32.1032 32.0783 31.8150 31.7925 31.5671 31.7174 31.6799 31.9809 32.1438 32.1041 32.1918 32.4145 32.4021 32.5271 32.5500 32.5122 32.5143 32.4786 32.5037 32.3926 32.3780 32.2673 32.2552 32.2801 32.1401 32.1022 32.0399 32.1001 32.1626 32.1225 32.1995 32.1616 32.2242 32.2011 32.2637 32.2510 32.3411 32.3661 32.4410 32.4284 32.5207 32.5559 32.5683 32.5055 32.6748 32.5369 32.4772 32.4772 32.6777 32.7153
31.3007 31.4288 31.5059 31.6811 31.6937 31.6829 31.6287 31.6410 31.7558 31.8536 31.8267 31.9270 31.8895 31.8390 31.8494 31.8515 31.8911 31.9656 31.9282 31.7177 31.7052 31.4797 31.5652 31.6049 31.9559 32.1291 32.2647 32.3649 32.4420 32.4296 32.4543 32.4772 32.5396 32.5541 32.4561 32.4812 32.3575 32.3701 32.2695 32.2780 32.3029 32.2281 32.1777 32.1276 32.1853 32.2228 32.1851 32.2520 32.2393 32.2768 32.2388 32.2934 32.1803 32.2034 32.2637 32.2510 32.1631 32.2682 32.1575 32.2523 32.0893 32.1999 32.1371 32.2529 32.2529 32.3036 32.3411
31.3132 31.4413 31.5184 31.7583 31.7710 31.7079 31.6537 31.6785 31.7934 31.9412 31.9143 31.9248 31.8874 31.8891 31.8995 31.8891 31.9286 31.9405 31.9031 31.8075 31.7950 31.5674 31.6529 31.5047 31.8557 31.9789 32.1144 32.3877 32.4649 32.4525 32.4793 32.5022 32.5270 32.5416 32.4686 32.4937 32.3575 32.3701 32.2694 32.2779 32.3029 32.2281 32.1755 32.1254 32.1727 32.2102 32.2102 32.2770 32.3143 32.3519 32.2910 32.3456 32.2304 32.2535 32.2887 32.2760 32.1881 32.2431 32.1324 32.2752 32.1122 32.1999 32.1371 32.2528 32.2528 32.3161 32.3536
31.2049 31.3053 31.3159 31.5558 31.5684 31.6185 31.6312 31.5907 31.6513 31.7639 31.7640 31.7766 31.7995 31.8870 31.9016 31.7554 31.7680 31.8679 31.8555 31.7804 31.7679 31.5549 31.6301 31.4653 31.7385 31.8762 32.1019 32.3627 32.4296 32.4150 32.3643 32.3788 32.4062 32.4313 32.3433 32.3955 32.3450 32.4286 32.3531 32.3407 32.3506 32.2882 32.2357 32.1377 32.1749 32.1267 32.0763 31.9884 32.0385 31.9380 31.9174 31.9571 32.0153 32.0758 31.9252 31.9626 31.8998 31.8906 31.8300 31.9265 31.9661 32.0536 32.0159 32.1869 32.1869 32.2706 32.2581
31.3071 31.4075 31.3806 31.4933 31.5434 31.6687 31.6563 31.6533 31.7264 31.7867 31.7868 31.8643 31.8872 31.9393 31.9538 31.7553 31.7679 31.8326 31.8201 31.8784 31.8659 31.6676 31.7427 31.6030 31.8638 31.8366 32.0748 32.2625 32.2794 32.2649 32.3517 32.3662 32.3937 32.4188 32.3432 32.3955 32.3177 32.4035 32.3781 32.3157 32.3006 32.3132 32.2731 32.1502 32.1749 32.1517 32.1388 32.0510 32.0885 31.9880 31.9653 32.0050 32.0529 32.1134 31.9002 31.9375 31.8622 31.8884 31.8279 31.9265 31.9661 32.0536 32.0159 32.2120 32.2120 32.2705 32.2581
31.2050 31.2552 31.2552 31.4808 31.5581 31.6308 31.6518 31.7015 31.7662 31.8264 31.8369 31.7993 31.8138 31.9061 31.8937 31.7534 31.7410 31.7554 31.7951 31.8806 31.9012 31.6882 31.7383 31.6131 31.8533 31.7887 32.0270 32.2502 32.3275 32.2920 32.3060 32.3061 32.2660 32.2683 32.3055 32.3431 32.2804 32.2659 32.2380 32.1129 32.0625 32.1629 32.1731 32.0142 32.0390 31.9384 31.9029 31.8401 31.8775 31.8652 31.7898 31.8264 31.7886 31.7800 31.6796 31.7449 31.7595 31.7968 31.7738 31.8489 31.8488 31.9488 31.9613 32.1143 32.1143 32.2265 32.2369
31.2802 31.2776 31.2652 31.3780 31.4281 31.6033 31.6389 31.6993 31.7890 31.8263 31.8367 31.8016 31.8162 31.8810 31.8686 31.7556 31.7432 31.7304 31.7701 31.8528 31.9010 31.8636 31.9136 31.7487 32.0141 31.8639 32.0818 32.2923 32.3170 32.2815 32.2810 32.2811 32.2181 32.2203 32.1928 32.2304 32.2279 32.2009 32.1755 32.1129 32.1229 32.2129 32.2128 32.0893 32.0664 31.9283 31.9528 31.8901 31.9172 31.9048 31.8649 31.8977 31.7974 31.8050 31.7297 31.7901 31.8068 31.8258 31.8007 31.8291 31.8290 31.9654 31.9779 32.0718 32.0718 32.2095 32.2200
31.2429 31.2403 31.2924 31.4052 31.4408 31.6159 31.6160 31.6764 31.7890 31.8012 31.8366 31.8015 31.7786 31.8413 31.8914 31.7931 31.7953 31.8201 31.8182 31.9008 31.9510 31.9407 31.9782 31.8133 32.0390 31.8741 32.0794 32.2566 32.3291 32.3167 32.3162 32.2935 32.2829 32.2955 32.2178 32.2034 32.0127 32.0024 31.9771 31.9625 31.9725 31.8765 31.8764 31.7260 31.7030 31.7885 31.8130 31.7901 31.8172 31.8277 31.8254 31.8227 31.7474 31.7653 31.7046 31.7297 31.7569 31.7509 31.7508 31.7542 31.7542 31.8619 31.8472 32.0560 32.0560 32.2579 32.2830
31.1902 31.1902 31.2443 31.2940 31.3151 31.3526 31.3901 31.6786 31.7661 31.8391 31.8745 31.9142 31.8913 31.8433 31.8934 31.9057 31.9079 31.8194 31.8175 31.8276 31.8653 31.9258 32.1515 32.1515 32.1667 31.9266 32.1522 32.0917 32.1789 32.1664 32.3185 32.2957 32.2804 32.2929 32.1047 32.0903 31.9020 31.8268 31.8243 31.6845 31.7218 31.7009 31.6653 31.7134 31.7508 31.7632 31.7400 31.7797 31.7775 31.8381 31.8375 31.8501 31.8498 31.9003 31.8104 31.8331 31.8352 31.8196 31.8049 31.7984 31.7858 31.8539 31.8548 32.0345 32.0345 32.2605 32.2856
31.2048 31.2048 31.2047 31.2545 31.3150 31.3525 31.4276 31.7161 31.7765 31.8494 31.8640 31.9037 31.9413 31.8933 31.9080 31.9203 31.9434 31.8549 31.8675 31.8776 31.9528 32.0008 32.2265 32.2118 32.2270 31.9912 32.2168 32.1667 32.2539 32.2415 32.3935 32.3583 32.3429 32.2910 32.1027 32.1153 31.9270 31.8247 31.8222 31.6615 31.6988 31.6884 31.6528 31.7009 31.7383 31.7155 31.6922 31.7152 31.7130 31.7881 31.7875 31.8353 31.8351 31.8878 31.7979 31.8225 31.8247 31.8071 31.7924 31.7632 31.7506 31.8291 31.8300 31.9199 31.9199 32.0967 32.1217
31.2318 31.2318 31.2401 31.3025 31.3276 31.3047 31.3653 31.5633 31.6863 31.8742 31.8888 31.8786 31.9162 31.8783 31.8930 31.9074 31.9304 31.8652 31.8778 31.8776 31.9150 31.9881 32.2267 32.2120 32.4504 32.2146 32.2793 32.2292 32.2162 32.2038 32.3683 32.3330 32.2677 32.2158 31.9147 31.9273 31.7765 31.6367 31.6494 31.6243 31.6616 31.6887 31.6632 31.7008 31.7382 31.7656 31.7650 31.7651 31.7628 31.8128 31.8752 31.9106 31.8979 31.9360 31.7981 31.8136 31.7863 31.7613 31.7612 31.7381 31.7254 31.8182 31.8181 31.9125 31.9125 31.9544 31.9794
31.2172 31.2172 31.2150 31.2273 31.2774 31.2649 31.2984 31.3359 31.4879 31.8260 31.8636 31.8535 31.8557 31.8679 31.8785 31.9178 31.9429 31.8276 31.8527 31.8650 31.8775 31.9484 32.1870 32.3140 32.5525 32.4649 32.5295 32.2688 32.2558 32.2580 32.4078 32.3809 32.3407 32.3283 32.0397 32.0127 31.8471 31.7095 31.6868 31.6242 31.6740 31.7137 31.6882 31.7155 31.8052 31.7908 31.7881 31.7902 31.8129 31.8504 31.9127 31.9856 31.9207 31.9358 31.8001 31.8261 31.7989 31.7635 31.7634 31.7631 31.7505 31.7534 31.7533 31.8390 31.8390 31.8226 31.8101
31.3426 31.3426 31.3028 31.3050 31.3279 31.3130 31.3233 31.3608 31.4651 31.7405 31.7781 31.8528 31.8550 31.8071 31.8177 31.9554 31.9804 31.7775 31.8026 31.8029 31.8280 31.9488 32.1117 32.2387 32.4791 32.3915 32.4917 32.2310 32.1677 32.1699 32.3324 32.3055 32.2278 32.2154 31.8768 31.8497 31.7724 31.6973 31.6848 31.6264 31.6636 31.7137 31.7008 31.7406 31.7900 31.7505 31.7880 31.8005 31.8379 31.8504 31.9127 31.9881 31.9335 31.9479 31.7873 31.8122 31.7870 31.7346 31.7345 31.7345 31.7365 31.7538 31.7537 31.7851 31.7851 31.7549 31.7424
31.4427 31.4427 31.4029 31.3654 31.3737 31.3608 31.4003 31.4002 31.4900 31.5777 31.5674 31.7320 31.7071 31.6945 31.7176 31.8428 31.8554 31.7025 31.7254 31.7235 31.7631 31.8632 32.0260 32.1136 32.3540 32.4041 32.5043 32.1581 32.0948 32.1553 32.2553 32.2679 32.2153 32.2257 31.9496 31.9372 31.8849 31.7869 31.7993 31.7640 31.7261 31.7409 31.8302 31.8534 31.8506 31.8381 31.9131 31.9256 31.9505 31.9357 31.9708 31.9878 31.9105 31.9354 31.7497 31.7518 31.7267 31.7096 31.7096 31.6973 31.6992 31.7371 31.7370 31.7443 31.7443 31.7411 31.7661
31.5057 31.4804 31.4658 31.4386 31.4489 31.4486 31.4255 31.4880 31.5548 31.5647 31.5545 31.6944 31.6695 31.7821 31.8052 31.7527 31.7653 31.7030 31.7259 31.7110 31.7255 31.8005 31.9634 32.0510 32.4038 32.4539 32.5416 32.1954 31.9567 32.0173 31.9394 31.9520 31.8917 31.9021 31.8748 31.8624 31.7721 31.7617 31.7741 31.7888 31.7763 31.7931 31.8926 31.8656 31.8653 31.8380 31.9131 31.9005 31.9378 31.9461 31.9333 31.9352 31.8245 31.8496 31.6994 31.7016 31.7015 31.7115 31.7135 31.7012 31.7011 31.7113 31.7363 31.8111 31.8111 31.8598 31.8849
