regresion/ABRIL_2003/SeaWiFS/Composicion (Lt_490).txt
ncols         167
nrows         127
xllcorner     -112.014
yllcorner     26.717
cellsize      0.00899
[rows 58 to 86 of 127, columns 0 to 66 of 167]
53.7368 53.7015 53.6624 53.6538 53.6229 53.6228 53.6443 53.6794 53.6085 53.5244 53.4363 53.3698 53.3344 53.2988 53.1798 53.1798 53.1848 53.1494 53.1497 53.1980 53.1935 53.2285 53.2984 53.2590 53.2231 53.2006 53.1385 53.1515 53.1380 53.1377 53.1594 53.1946 53.1768 53.1508 53.1776 53.1422 53.1907 53.1729 53.2387 53.1854 53.1719 53.1978 53.1802 53.1665 53.1842 53.1397 53.1749 53.2318 53.2318 53.1392 53.1347 53.0956 53.0778 53.1305 53.0952 53.0725 53.0017 53.0235 53.0944 53.1339 53.0848 53.1024 53.1197 53.1372 53.1725 53.2779 53.2296
53.7312 53.6958 53.7008 53.6922 53.6254 53.6253 53.6437 53.6788 53.6306 53.5421 53.4540 53.3875 53.3520 53.2988 53.1495 53.1628 53.1805 53.1451 53.1453 53.1627 53.1934 53.2460 53.3154 53.2760 53.2576 53.2402 53.1915 53.1514 53.1026 53.1024 53.1241 53.1643 53.1775 53.1464 53.1773 53.1596 53.2081 53.1905 53.2562 53.2377 53.2242 53.2021 53.1845 53.1665 53.1842 53.0865 53.1217 53.1971 53.1971 53.1222 53.1397 53.0956 53.0777 53.1305 53.1128 53.1078 53.0186 53.0404 53.0227 53.0622 53.0663 53.0839 53.0658 53.0967 53.1546 53.2600 53.2244
53.7797 53.7049 53.7319 53.7847 53.7310 53.7485 53.7845 53.7314 53.6656 53.6168 53.5815 53.5106 53.3873 53.3693 53.2375 53.2508 53.1808 53.1982 53.1761 53.1935 53.2638 53.2593 53.2759 53.2409 53.2971 53.2751 53.2088 53.1555 53.1728 53.1902 53.1768 53.1688 53.2306 53.1951 53.1378 53.1026 53.2037 53.2388 53.2430 53.2200 53.2903 53.2902 53.2727 53.2238 53.1886 53.1218 53.1528 53.1578 53.1578 53.1750 53.1925 53.1308 53.1130 53.0556 53.0379 53.1120 53.0228 53.0756 53.0755 53.1326 53.1191 53.1192 53.1188 53.1144 53.1371 53.2382 53.2026
53.7820 53.7071 53.7304 53.7831 53.7260 53.7435 53.7433 53.6902 53.6587 53.5922 53.4937 53.4538 53.3703 53.3523 53.2508 53.2330 53.1630 53.1982 53.1938 53.2155 53.2631 53.2409 53.2759 53.2409 53.3148 53.2042 53.1200 53.1074 53.1558 53.1908 53.1775 53.1645 53.2130 53.1951 53.1732 53.1244 53.2255 53.2382 53.2424 53.2377 53.3079 53.3076 53.2901 53.2591 53.2239 53.1401 53.1711 53.1398 53.1398 53.1750 53.1749 53.1131 53.0996 53.0549 53.0196 53.0760 53.0228 53.0756 53.0755 53.1325 53.1189 53.1190 53.1017 53.1193 53.1193 53.2028 53.1849
53.8746 53.8173 53.8712 53.9414 53.7964 53.7434 53.7036 53.6550 53.6452 53.5743 53.5113 53.5066 53.4449 53.4092 53.3389 53.3211 53.2289 53.2290 53.2642 53.2507 53.2454 53.2057 53.3153 53.3109 53.3321 53.2437 53.1729 53.2131 53.1427 53.1425 53.2614 53.2484 53.2792 53.2261 53.2260 53.1772 53.1903 53.1985 53.2203 53.2025 53.2419 53.2416 53.2416 53.2633 53.2240 53.1580 53.1580 53.1751 53.1751 53.2060 53.2058 53.1436 53.1302 53.1471 53.0942 53.0233 52.9876 53.0447 53.0490 53.0357 53.0529 53.1543 53.1194 53.1369 53.1369 53.0927 53.0748
53.8452 53.7878 53.8306 53.9008 53.8153 53.7623 53.7049 53.6562 53.5821 53.5467 53.5288 53.5108 53.4450 53.4446 53.3919 53.3917 53.3525 53.2860 53.2465 53.2641 53.2816 53.2596 53.3162 53.3118 53.3110 53.1914 53.1559 53.2087 53.1250 53.1072 53.2261 53.2305 53.2789 53.2388 53.2607 53.1898 53.2030 53.2160 53.2378 53.1848 53.2242 53.2195 53.2195 53.2816 53.2422 53.2286 53.2287 53.2103 53.2103 53.1924 53.1924 53.1607 53.1605 53.1292 53.0763 53.0587 53.0053 53.0624 53.0316 53.0184 53.0358 53.1372 53.1016 53.1016 53.0660 53.0437 53.0437
53.7669 53.7491 53.7844 53.7843 53.8050 53.7520 53.7179 53.6693 53.6173 53.6524 53.6519 53.6517 53.6037 53.5725 53.4493 53.4491 53.4801 53.4447 53.4228 53.3874 53.3519 53.3256 53.3780 53.4133 53.3641 53.2619 53.1912 53.2088 53.1559 53.0898 53.1603 53.1602 53.3009 53.3135 53.3311 53.3086 53.2556 53.2159 53.2201 53.2021 53.1667 53.1842 53.2152 53.2114 53.2114 53.2110 53.1583 53.1576 53.1576 53.1484 53.1483 53.2529 53.2529 53.3054 53.2832 53.2348 53.1815 53.1860 53.1596 53.1905 53.1728 53.1728 53.1371 53.1192 53.0969 53.0570 53.0570
53.7551 53.7373 53.7725 53.7724 53.8485 53.7956 53.6876 53.6390 53.6388 53.6739 53.6474 53.6471 53.5991 53.5679 53.4619 53.4618 53.4750 53.4396 53.4397 53.4042 53.3511 53.3247 53.3771 53.4124 53.3506 53.2973 53.2266 53.2442 53.1913 53.0898 53.1603 53.1560 53.2967 53.3143 53.3320 53.3271 53.2741 53.1988 53.2030 53.1894 53.1540 53.1892 53.2202 53.1937 53.1937 53.2110 53.1583 53.1930 53.1930 53.1788 53.1787 53.2352 53.2352 53.2877 53.2656 53.2171 53.1687 53.1732 53.1949 53.2259 53.2082 53.2082 53.1548 53.1369 53.1097 53.0698 53.0698
53.7953 53.7872 53.7702 53.7592 53.7657 53.7136 53.7273 53.6743 53.6216 53.6785 53.5862 53.5685 53.5511 53.4935 53.5281 53.4926 53.5278 53.4924 53.4042 53.3776 53.4478 53.4301 53.3815 53.3992 53.3155 53.2665 53.2486 53.2532 53.2354 53.1822 53.2834 53.2792 53.3143 53.2571 53.2921 53.3049 53.2741 53.1856 53.0973 53.1190 53.1147 53.1587 53.1763 53.1982 53.1983 53.2815 53.2992 53.3336 53.3336 53.2536 53.2314 53.2310 53.2309 53.3052 53.3052 53.3625 53.2833 53.2616 53.2965 53.2965 53.3006 53.2787 53.1901 53.1677 53.1228 53.1619 53.1619
53.8258 53.8178 53.8007 53.7897 53.7667 53.7146 53.7228 53.6698 53.6171 53.6741 53.5834 53.5657 53.5451 53.4875 53.5139 53.4784 53.5463 53.5110 53.4228 53.3961 53.4352 53.4175 53.3333 53.3510 53.2978 53.2842 53.2663 53.2709 53.2531 53.1772 53.2784 53.2783 53.3135 53.2563 53.2912 53.2687 53.2379 53.1897 53.1015 53.1367 53.1324 53.1410 53.1586 53.1980 53.1980 53.2774 53.2950 53.3472 53.3472 53.2188 53.1966 53.2319 53.2317 53.3237 53.3237 53.3318 53.2833 53.2616 53.2788 53.2788 53.2829 53.2610 53.1852 53.1628 53.1228 53.1619 53.1619
53.8870 53.8702 53.8333 53.8113 53.8007 53.7400 53.6687 53.6786 53.7009 53.6722 53.6715 53.6321 53.5328 53.5347 53.5612 53.4918 53.4847 53.4493 53.4887 53.4490 53.4397 53.4395 53.2979 53.3156 53.3509 53.3067 53.2885 53.2887 53.3018 53.2082 53.2787 53.2741 53.3265 53.3442 53.2692 53.1982 53.1849 53.2072 53.1720 53.1632 53.1413 53.1277 53.1102 53.1585 53.1937 53.2774 53.2992 53.3470 53.3470 53.3376 53.3375 53.3242 53.3064 53.3635 53.3282 53.3627 53.3537 53.4066 53.3888 53.2966 53.3316 53.2917 53.2114 53.2462 53.2107 53.2105 53.2105
53.8974 53.8806 53.8106 53.7886 53.8100 53.7492 53.6612 53.6711 53.6934 53.6647 53.6404 53.6009 53.5271 53.5291 53.5645 53.4950 53.4389 53.4035 53.4722 53.4325 53.4724 53.4722 53.3075 53.3251 53.3604 53.3202 53.3020 53.2135 53.2266 53.2091 53.2795 53.2219 53.2743 53.2564 53.1814 53.1855 53.1722 53.1895 53.1543 53.1455 53.1236 53.1277 53.1102 53.1535 53.1887 53.2766 53.2984 53.3461 53.3461 53.3722 53.3720 53.3284 53.3106 53.3499 53.3146 53.3804 53.3714 53.4243 53.4024 53.3102 53.3096 53.2697 53.2123 53.2470 53.2292 53.2290 53.2111
53.6974 53.7249 53.6732 53.7856 53.7952 53.7584 53.6875 53.6758 53.6217 53.5628 53.4677 53.5064 53.5514 53.5459 53.5697 53.5697 53.5588 53.4967 53.5128 53.4946 53.4950 53.4590 53.2901 53.3299 53.3120 53.2496 53.3329 53.2443 53.3103 53.3104 53.3497 53.2921 53.2698 53.2167 53.1679 53.2074 53.1546 53.1984 53.1239 53.1414 53.1589 53.1982 53.2158 53.2590 53.2590 53.2851 53.3597 53.3374 53.3374 53.4469 53.4291 53.3681 53.3370 53.3325 53.3016 53.3540 53.3715 53.4552 53.4155 53.3756 53.3752 53.3442 53.3353 53.3528 53.2998 53.2686 53.2507
53.6950 53.7225 53.6591 53.7715 53.7811 53.7443 53.7020 53.6903 53.6362 53.5773 53.4866 53.5253 53.5644 53.5589 53.5827 53.5827 53.5065 53.4444 53.4818 53.4635 53.4284 53.3924 53.2665 53.3063 53.3248 53.2618 53.3450 53.2979 53.3639 53.3639 53.4032 53.2794 53.2571 53.2040 53.1552 53.1729 53.1200 53.1638 53.0893 53.1420 53.1595 53.2117 53.2294 53.2598 53.2599 53.2860 53.3605 53.3382 53.3382 53.4872 53.4694 53.4389 53.4078 53.3502 53.3193 53.3540 53.3666 53.4502 53.4147 53.3748 53.3921 53.3611 53.3522 53.3697 53.3039 53.2727 53.2548
53.6833 53.6219 53.5131 53.5674 53.6032 53.5404 53.6489 53.6559 53.6329 53.6300 53.5626 53.5544 53.5780 53.5423 53.5729 53.5610 53.5009 53.5024 53.5558 53.5382 53.3978 53.3569 53.2883 53.2884 53.3909 53.3278 53.3232 53.2760 53.3682 53.3638 53.3811 53.2618 53.2262 53.2083 53.2301 53.2169 53.1600 53.2126 53.1244 53.1770 53.1199 53.2031 53.1504 53.1982 53.2552 53.3606 53.3606 53.3556 53.3556 53.4519 53.4385 53.4743 53.4565 53.4030 53.3721 53.3540 53.3666 53.4456 53.4234 53.4980 53.4975 53.4799 53.4932 53.3873 53.3215 53.2465 53.2286
53.8429 53.6907 53.5550 53.6093 53.6255 53.5627 53.6913 53.6984 53.6188 53.6159 53.5587 53.5505 53.5612 53.5254 53.5591 53.5472 53.4700 53.4539 53.4514 53.4514 53.3109 53.2877 53.3188 53.3057 53.3627 53.3453 53.3407 53.2856 53.3777 53.3867 53.3689 53.2434 53.2079 53.1899 53.2292 53.2161 53.1768 53.2253 53.1413 53.1763 53.1191 53.1853 53.1326 53.2157 53.2726 53.3652 53.3653 53.4133 53.4133 53.4351 53.4217 53.4040 53.3862 53.4214 53.3905 53.3675 53.3497 53.4288 53.4419 53.5165 53.4763 53.4588 53.4626 53.3567 53.3391 53.2641 53.2285
53.8490 53.7449 53.6322 53.5741 53.4883 53.4900 53.5272 53.5114 53.5584 53.5880 53.5633 53.5941 53.5897 53.5286 53.5506 53.4749 53.4663 53.3789 53.2980 53.3332 53.3319 53.3443 53.4571 53.4088 53.4463 53.3936 53.4329 53.3557 53.4435 53.4570 53.4304 53.3225 53.3532 53.3046 53.2825 53.3177 53.2823 53.3307 53.2427 53.2734 53.2381 53.3040 53.2730 53.3782 53.3606 53.3299 53.3827 53.4219 53.4219 53.4396 53.4396 53.4039 53.3861 53.4036 53.3507 53.3189 53.3011 53.3053 53.3404 53.3052 53.2651 53.3883 53.3566 53.3698 53.3523 53.2777 53.2421
53.8198 53.7373 53.6866 53.6285 53.5270 53.5287 53.5660 53.5503 53.6116 53.6413 53.6273 53.6581 53.6025 53.5414 53.5686 53.4929 53.5477 53.4471 53.3140 53.3316 53.3304 53.3427 53.3968 53.3661 53.4264 53.3619 53.4011 53.3168 53.4221 53.4122 53.3637 53.3637 53.4164 53.3399 53.3178 53.3480 53.2950 53.3475 53.2771 53.2902 53.2549 53.3384 53.3074 53.3824 53.3649 53.3245 53.3773 53.4210 53.4210 53.4387 53.4387 53.4342 53.4164 53.4339 53.3459 53.3190 53.3010 53.3052 53.3052 53.2700 53.2348 53.3580 53.3222 53.3355 53.3532 53.2785 53.2606
54.0099 53.9926 53.9229 53.8829 53.7621 53.6999 53.5937 53.5936 53.5779 53.6069 53.7128 53.6811 53.6643 53.6601 53.6968 53.6240 53.5748 53.4512 53.2945 53.2801 53.2273 53.2450 53.3430 53.3651 53.4794 53.4279 53.4009 53.3210 53.3779 53.3679 53.4340 53.4386 53.4342 53.3532 53.3529 53.3611 53.2864 53.3213 53.3432 53.3912 53.3425 53.4306 53.3955 53.4923 53.4748 53.4036 53.4212 53.3904 53.3904 53.4210 53.4208 53.3810 53.3588 53.4205 53.3546 53.3056 53.2699 53.2172 53.1995 53.2346 53.2214 53.2656 53.2475 53.2432 53.2608 53.2784 53.2605
54.0182 54.0181 53.9638 53.9238 53.8692 53.8070 53.6625 53.6624 53.6622 53.6878 53.7665 53.7488 53.7185 53.7231 53.7404 53.6994 53.6453 53.5192 53.3916 53.3522 53.2108 53.3769 53.3902 53.3947 53.4314 53.3918 53.3957 53.3353 53.3395 53.3443 53.4629 53.5099 53.4662 53.3624 53.3446 53.3089 53.2738 53.3442 53.3266 53.3922 53.3435 53.3868 53.3517 53.4219 53.4043 53.3860 53.4036 53.3375 53.3375 53.4116 53.3937 53.3803 53.3801 53.4417 53.3888 53.3575 53.2608 53.2081 53.1727 53.2079 53.2031 53.2473 53.2291 53.2425 53.2425 53.2557 53.2514
55.0036 54.3766 54.3475 54.0677 53.9918 53.9873 53.7402 53.6571 53.5491 53.5579 53.7423 53.7465 53.6737 53.6732 53.6711 53.6301 53.5638 53.4377 53.3740 53.3346 53.1889 53.3550 53.3374 53.3373 53.3959 53.3432 53.3957 53.3530 53.3396 53.3444 53.4587 53.4881 53.4660 53.3974 53.3622 53.3265 53.3617 53.4100 53.3790 53.4316 53.4138 53.4571 53.4219 53.5319 53.4967 53.4963 53.4570 53.4040 53.4040 53.4469 53.4291 53.3762 53.3760 53.3932 53.3402 53.2696 53.1729 53.3137 53.2783 53.3048 53.3001 53.2608 53.2426 53.2601 53.2601 53.2908 53.2865
56.2420 55.4753 54.4384 54.1585 53.9600 53.9555 53.7936 53.7106 53.6275 53.5933 53.7973 53.8242 53.7913 53.7327 53.6818 53.6640 53.6026 53.4966 53.4074 53.3720 53.2488 53.3631 53.3375 53.3331 53.3895 53.3366 53.3714 53.3715 53.3670 53.3620 53.4455 53.4324 53.4322 53.4503 53.4151 53.3618 53.3794 53.3841 53.3355 53.3704 53.3526 53.4228 53.3877 53.4930 53.4578 53.4401 53.4008 53.3602 53.3602 53.4303 53.4125 53.3594 53.3416 53.3586 53.3100 53.2437 53.1904 53.3311 53.2913 53.3178 53.3001 53.2608 53.2335 53.2333 53.1978 53.2329 53.2329
59.8145 59.0478 54.8880 54.3059 54.1194 54.1149 53.9150 53.8319 53.8007 53.7666 53.7047 53.7315 53.7846 53.7260 53.6434 53.6256 53.5619 53.4559 53.3941 53.3587 53.2699 53.3843 53.3356 53.3182 53.3543 53.3543 53.4243 53.4195 53.4107 53.4150 53.4148 53.4147 53.4496 53.4497 53.4672 53.4144 53.4187 53.4405 53.4053 53.4224 53.4046 53.4571 53.4396 53.5102 53.4182 53.4313 53.4137 53.3779 53.3779 53.3953 53.3774 53.2670 53.2492 53.2931 53.2445 53.2621 53.2265 53.3190 53.2615 53.2793 53.2566 53.2566 53.2343 53.1813 53.1636 53.2116 53.2116
79.2785 65.0026 55.8014 55.3486 54.3101 54.2834 54.0168 54.0311 53.9427 53.9114 53.8492 53.8464 53.8726 53.7238 53.6588 53.6588 53.6304 53.4955 53.4647 53.4292 53.2918 53.3489 53.3177 53.3178 53.3367 53.3366 53.4419 53.4370 53.3578 53.3620 53.3265 53.3264 53.2910 53.2911 53.3262 53.2912 53.2645 53.2997 53.3700 53.3695 53.3342 53.3691 53.3516 53.4883 53.3962 53.3783 53.3608 53.4132 53.4132 53.3778 53.3467 53.2538 53.2536 53.3328 53.2973 53.3324 53.2968 53.2528 53.2261 53.2748 53.2347 53.2876 53.2167 53.1284 53.1326 53.1764 53.1764
95.7087 81.4328 72.1920 64.4803 57.4163 57.3896 54.6103 54.6246 54.1990 54.1677 53.7220 53.7193 53.7178 53.5691 53.6516 53.6516 53.5991 53.4642 53.4745 53.4390 53.3105 53.3676 53.3310 53.3488 53.3606 53.3626 53.3624 53.3846 53.3581 53.3974 53.3795 53.3971 53.3793 53.2915 53.3132 53.3307 53.2999 53.2994 53.3521 53.3520 53.3167 53.3336 53.2943 53.4128 53.4128 53.4478 53.3951 53.4475 53.4475 53.4122 53.3811 53.4205 53.4203 53.4377 53.4023 53.3892 53.3536 53.3403 53.3448 53.4462 53.4111 53.4288 53.3402 53.1593 53.1458 53.1632 53.1328
99.8234 96.6254 91.8274 85.1936 72.8168 71.4447 64.3435 58.1810 56.0940 55.5906 53.7979 53.7825 53.7588 53.6535 53.6819 53.5109 53.4287 53.4066 53.4091 53.4071 53.3335 53.3873 53.3091 53.3092 53.3075 53.2920 53.2920 53.3142 53.3051 53.3445 53.3663 53.3839 53.4146 53.3268 53.2999 53.3349 53.2819 53.2640 53.2288 53.2419 53.2814 53.2940 53.2547 53.3071 53.3072 53.3773 53.3246 53.3109 53.3109 53.4343 53.4341 53.4734 53.4556 53.4553 53.4552 53.4598 53.3979 53.4022 53.3448 53.3581 53.3404 53.2698 53.2168 53.1593 53.1458 53.1675 53.1371
106.2340 103.0360 100.2838 100.7420 93.5268 92.1547 81.6708 75.5083 67.9268 67.4234 53.8870 53.8716 53.7593 53.6541 53.4699 53.2989 53.3275 53.3054 53.3866 53.3847 53.4097 53.4634 53.3968 53.3568 53.3432 53.2891 53.3376 53.3372 53.2797 53.3238 53.3456 53.4019 53.4720 53.4323 53.4013 53.4409 53.3879 53.3699 53.2996 53.2769 53.3123 53.3253 53.3254 53.3072 53.2897 53.3598 53.3247 53.4170 53.4170 53.5617 53.5615 53.5088 53.4910 53.5081 53.5080 53.4197 53.3756 53.3230 53.2520 53.2696 53.2163 53.2115 53.1812 53.2556 53.2245 53.1892 53.2067
108.5241 107.1554 105.3201 105.3209 98.0087 92.5895 83.5979 80.4838 72.9023 67.6716 54.1352 53.9376 53.8253 53.5816 53.3974 53.2824 53.2935 53.2844 53.3195 53.3199 53.3677 53.3978 53.3955 53.3555 53.3236 53.2694 53.2604 53.2600 53.2841 53.3282 53.3589 53.4153 53.4896 53.4500 53.4365 53.4364 53.4011 53.3830 53.2993 53.2812 53.2946 53.2901 53.2901 53.3115 53.2939 53.3642 53.3291 53.4480 53.4480 53.5439 53.5438 53.5438 53.5394 53.4862 53.4508 53.3844 53.3271 53.3230 53.2873 53.3576 53.2910 53.3215 53.3088 53.2380 53.2068 53.1539 53.1714
108.5042 108.5041 110.3299 110.3307 101.9142 96.4949 86.7250 83.6109 70.7542 65.5235 54.7531 54.5556 54.0722 53.8284 53.5117 53.3967 53.3115 53.2778 53.3140 53.2830 53.3740 53.3855 53.4223 53.4096 53.3777 53.3672 53.3582 53.2946 53.3230 53.3651 53.3783 53.4373 53.5468 53.5740 53.5430 53.5466 53.5114 53.4932 53.4095 53.4095 53.4230 53.3960 53.3960 53.4174 53.3998 53.4704 53.4353 53.5187 53.5187 53.4562 53.4560 53.5087 53.5043 53.4685 53.4155 53.3493 53.3095 53.2878 53.2698 53.3354 53.2737 53.3265 53.3308 53.3480 53.3301 53.2948 53.2593
