regresion/ABRIL_2003/SeaWiFS/Composicion (Lt_555).txt
ncols         167
nrows         127
xllcorner     -112.014
yllcorner     26.717
cellsize      0.00899
[rows 0 to 28 of 127, columns 0 to 66 of 167]
31.5939 31.6042 31.5868 31.5617 31.4573 31.4572 31.3941 31.3815 31.3546 31.3210 31.1748 31.1870 31.1017 31.0889 31.1159 31.1159 31.0905 31.1279 31.1238 31.0821 30.9914 31.0166 31.1524 31.1400 31.1523 31.1291 31.0704 31.0096 31.0219 30.9868 31.0012 30.9758 31.0006 30.9861 30.9547 30.9169 30.9023 30.9374 30.9373 30.8996 30.8370 31.0294 30.9295 30.7706 30.7351 30.7500 30.7375 30.7455 30.7455 30.7829 30.7807 30.8786 30.8785 31.0641 31.1141 31.1889 31.2158 31.1804 31.2054 31.2303 31.1697 31.1591 31.0842 31.0445 31.0190 31.0795 31.0795
31.6892 31.6475 31.6076 31.5825 31.6200 31.6199 31.4962 31.4836 31.3735 31.3377 31.3149 31.2895 31.1894 31.1641 31.1661 31.2142 31.1365 31.1594 31.1042 31.0417 31.0292 31.0042 31.1295 31.1296 31.1543 31.0982 31.0374 30.9745 30.9743 30.9743 31.0013 30.9991 31.0696 31.0696 31.0298 30.9646 30.9001 30.8999 30.9019 30.8684 30.8058 30.8308 30.7309 30.7479 30.7124 30.7499 30.7375 30.7582 30.7582 30.7681 30.7680 30.9263 30.9263 31.0512 31.0280 31.0906 31.1051 31.0821 31.0944 31.1194 31.1471 31.1344 31.1574 31.1176 31.0421 31.1150 31.1150
31.6872 31.6475 31.6076 31.6326 31.6701 31.6324 31.5087 31.4981 31.3881 31.3752 31.3524 31.3271 31.2270 31.2017 31.2037 31.2517 31.1469 31.1699 31.1543 31.0918 31.0792 31.0542 31.1921 31.1921 31.1814 31.1253 31.1000 31.0371 31.0119 31.0119 31.0513 31.0492 31.0800 31.0800 31.0548 30.9896 30.9251 30.9250 30.9269 30.8934 30.7701 30.7951 30.6952 30.8231 30.7876 30.8251 30.8126 30.7957 30.7957 30.8037 30.8036 30.9764 30.9763 31.0011 30.9779 31.0656 31.0800 31.1072 31.1195 31.1068 31.1345 31.0718 31.0948 31.0801 31.0045 31.0900 31.0900
31.6097 31.6450 31.6825 31.6950 31.7221 31.6844 31.6347 31.6241 31.4904 31.5028 31.5279 31.4754 31.3396 31.2892 31.3096 31.2970 31.2319 31.2299 31.1918 31.1543 31.1522 31.1668 31.2794 31.2337 31.2129 31.2005 31.2001 31.1372 31.1995 31.1996 31.2494 31.1946 31.0778 31.1028 31.1525 31.1169 31.1273 31.1796 31.0317 31.0064 30.8081 30.7853 30.7998 30.8498 30.8498 30.8957 30.9082 30.9563 30.9563 30.9515 30.9514 31.1517 31.1411 31.1281 31.0175 31.0924 31.0197 31.0343 31.0969 31.0467 31.1699 31.0948 31.0552 31.0926 31.0673 31.1154 31.1003
31.5972 31.6325 31.6700 31.6825 31.7095 31.7094 31.6596 31.6366 31.5029 31.5279 31.5529 31.5004 31.3646 31.3122 31.3326 31.3199 31.2444 31.2424 31.1792 31.1417 31.1397 31.1543 31.2940 31.2483 31.2756 31.2631 31.2502 31.1873 31.2120 31.2120 31.2474 31.1926 31.1279 31.1529 31.2026 31.1670 31.1774 31.2296 31.0336 31.0084 30.9209 30.8981 30.9125 30.9375 30.9375 30.9834 30.9959 31.0420 31.0420 31.0015 31.0014 31.1642 31.1536 31.1531 31.0425 31.0570 30.9842 31.0593 31.1219 31.0968 31.2200 31.2075 31.1679 31.1281 31.1028 31.1153 31.1002
31.4987 31.5214 31.6844 31.7075 31.7850 31.7849 31.7869 31.7638 31.7261 31.7385 31.6385 31.6510 31.5478 31.5079 31.4930 31.4929 31.4553 31.3195 31.2044 31.1794 31.1464 31.1337 31.1605 31.1376 31.3485 31.3986 31.3628 31.3124 31.3121 31.2825 31.2658 31.2154 31.2278 31.2528 31.2402 31.2044 31.2044 31.2067 31.0357 31.0608 30.9877 30.9605 30.9731 30.9333 30.9333 31.0290 31.0665 30.9892 30.9892 31.0290 31.0289 31.2312 31.2437 31.3061 31.2684 31.1097 31.0344 31.0969 31.0446 31.0321 31.1052 31.1052 31.1278 31.0630 31.1006 31.1525 31.0393
31.4987 31.5465 31.7095 31.7199 31.7975 31.7995 31.8015 31.8140 31.7762 31.7760 31.6761 31.7011 31.5980 31.5330 31.5180 31.5179 31.4427 31.3069 31.2169 31.1919 31.1213 31.1086 31.1479 31.1251 31.3736 31.4236 31.4003 31.3500 31.3477 31.3181 31.2532 31.2029 31.1777 31.2027 31.1650 31.1293 31.1813 31.1836 31.0858 31.1109 31.0629 31.0357 31.0482 31.0335 31.0335 31.0644 31.1019 31.0517 31.0517 31.0415 31.0414 31.0810 31.0934 31.2456 31.2078 31.1221 31.0469 31.0718 31.0195 31.0822 31.1553 31.1281 31.1507 31.1881 31.2257 31.1901 31.0768
31.5347 31.5597 31.6975 31.7474 31.8748 31.8768 31.9516 31.9640 31.8510 31.8759 31.7858 31.8108 31.6479 31.6352 31.5703 31.5828 31.5076 31.4949 31.2970 31.1842 31.1337 31.0835 31.1104 31.1855 31.3125 31.3350 31.4352 31.4330 31.4307 31.3804 31.3428 31.3303 31.2530 31.2676 31.2424 31.1693 31.1485 31.1336 31.0731 31.0982 31.0983 31.0586 31.0711 31.0559 31.0809 31.0767 31.0748 31.0015 31.0015 30.9911 30.9911 30.9958 31.0334 31.1233 31.1210 31.1454 31.1326 31.1452 31.0821 31.1198 31.0651 31.0504 31.0754 31.1149 31.2154 31.1652 31.0896
31.5596 31.5721 31.7100 31.7495 31.8769 31.8768 31.9516 31.9640 31.8510 31.9010 31.8109 31.7460 31.5831 31.5475 31.4826 31.4950 31.4825 31.4699 31.2845 31.1717 31.1358 31.0856 31.0728 31.1479 31.2874 31.3099 31.4478 31.4455 31.4933 31.4430 31.4555 31.4430 31.3406 31.3552 31.3550 31.2820 31.1736 31.1587 31.1232 31.1483 31.1108 31.0712 31.0837 31.0663 31.0913 31.1268 31.1248 31.0516 31.0516 31.0663 31.0663 31.0479 31.0855 30.9604 30.9581 30.9575 30.9448 31.0325 30.9694 31.0675 31.0128 31.0879 31.1129 31.1399 31.2405 31.1902 31.1147
31.6346 31.6471 31.6218 31.6863 31.8997 31.8996 32.0617 32.0741 31.9883 31.9650 31.8001 31.7728 31.6979 31.6477 31.5202 31.5452 31.4977 31.4851 31.4972 31.4200 31.2591 31.1983 31.2127 31.2127 31.1973 31.2328 31.4605 31.4981 31.5709 31.5708 31.5790 31.5188 31.4561 31.4455 31.4328 31.4179 31.2470 31.1968 31.1863 31.1589 31.1589 31.1063 31.1313 31.1312 31.1292 31.1144 31.1394 31.1413 31.1413 31.0433 31.0558 31.0228 31.0207 30.9330 30.9579 30.9827 30.9045 31.0422 31.0295 31.1651 31.0647 31.1023 31.2025 31.1900 31.1776 31.1274 31.1046
31.6957 31.7352 31.6493 31.7242 31.8498 31.8623 32.1119 32.1118 32.0529 32.1383 31.9234 31.8731 31.8211 31.7332 31.5703 31.5682 31.4957 31.5582 31.5850 31.5598 31.3466 31.3361 31.3002 31.2752 31.1743 31.2473 31.3327 31.3703 31.5436 31.5435 31.5289 31.4686 31.4913 31.4807 31.4577 31.4826 31.3348 31.2720 31.1990 31.1235 31.1359 31.1207 31.1457 31.1541 31.1522 31.1143 31.1393 31.1539 31.1539 31.0539 31.0161 31.0457 31.0456 30.9579 30.9329 30.8700 30.8064 30.8419 30.8771 31.1775 31.1272 31.1399 31.2151 31.1899 31.1775 31.1525 31.1297
31.6851 31.7245 31.6240 31.6865 31.8345 31.8469 32.1136 32.1135 32.1135 32.1988 31.9485 31.8982 31.8487 31.7608 31.6105 31.6084 31.4578 31.5203 31.5601 31.5349 31.3740 31.3635 31.2855 31.2710 31.2476 31.3099 31.4078 31.4329 31.5667 31.5313 31.5188 31.5084 31.5186 31.4431 31.2952 31.2448 31.1988 31.2068 31.1693 31.0834 31.1333 31.1581 31.1581 31.1290 31.1146 31.1416 31.1666 31.1440 31.1440 30.9912 30.9535 30.9449 30.9448 30.8822 30.8573 30.8928 30.8065 30.8045 30.8397 31.1777 31.1148 31.1274 31.2051 31.1925 31.1800 31.1675 31.2051
31.9632 31.9506 31.9505 32.0255 31.9120 32.0121 32.1535 32.1388 32.2744 32.3118 32.1114 32.0714 32.0093 31.9966 31.8713 31.8587 31.6100 31.5976 31.6101 31.5850 31.4868 31.5160 31.4380 31.4360 31.3205 31.3579 31.4078 31.4328 31.4892 31.4538 31.5040 31.4936 31.4706 31.3951 31.2848 31.2345 31.1864 31.1840 31.1463 31.0709 31.1564 31.1311 31.1311 31.0913 31.0768 31.1019 31.1269 31.0792 31.0792 31.0455 31.0078 31.0452 31.0074 30.9574 30.9593 30.9697 30.8817 30.8546 30.8898 31.0024 30.9895 31.1524 31.2281 31.2551 31.1948 31.1946 31.2321
32.0005 31.9879 32.0229 32.0874 31.8509 31.9510 32.1765 32.1617 32.2493 32.2867 32.1515 32.1115 32.0096 31.9969 31.9216 31.9090 31.6978 31.6853 31.6847 31.6596 31.5824 31.6116 31.5112 31.4738 31.3332 31.3077 31.3307 31.3207 31.3790 31.3054 31.3806 31.3553 31.2823 31.2698 31.2239 31.2068 31.1567 31.0710 31.0709 30.9828 31.0183 30.9931 31.0037 31.0186 30.9936 31.0293 31.0293 31.0167 31.0167 31.0228 30.9851 30.9702 30.9325 30.9051 30.9071 30.8819 30.9195 30.9175 30.9527 31.0028 30.9170 31.1298 31.1904 31.2300 31.1697 31.1568 31.2573
32.0658 32.1282 32.0879 32.1899 32.1669 32.2148 32.2877 32.3378 32.3870 32.3848 32.2371 32.1992 32.0474 32.0242 31.9489 31.9237 31.7981 31.8002 31.7370 31.7264 31.6617 31.7117 31.6594 31.6345 31.6465 31.5814 31.4893 31.4793 31.3663 31.2926 31.3699 31.3446 31.3698 31.3574 31.2635 31.2463 31.1838 31.1713 31.0565 31.0061 31.0186 30.9514 30.9619 30.9665 30.9415 31.0041 31.0041 31.0311 31.0311 30.9475 30.9746 30.9598 30.9095 30.9447 30.9445 30.9549 30.9403 30.9404 30.9258 30.9383 30.8900 31.0777 31.1653 31.1798 31.1444 31.1818 31.2822
32.1154 32.1779 32.1774 32.2774 32.1518 32.1998 32.2624 32.3124 32.3645 32.3623 32.2978 32.2599 32.0472 32.0239 31.9990 31.9738 31.8707 31.8728 31.7851 31.7745 31.6619 31.7118 31.7344 31.7095 31.6867 31.5715 31.4794 31.4815 31.3935 31.2675 31.2698 31.2571 31.3219 31.2819 31.1985 31.2339 31.2089 31.1962 31.0315 31.0063 31.0168 30.8911 30.8787 30.8285 30.8535 30.8909 30.8929 30.9577 30.9577 30.9430 30.9700 30.9699 30.9196 30.9192 30.9190 30.8920 30.9151 30.8901 30.9282 30.9657 31.0030 31.1782 31.1400 31.1545 31.2447 31.2697 31.2797
31.8641 31.8765 31.9641 32.0517 32.0013 32.0618 32.2600 32.2975 32.2872 32.3122 32.2081 32.1450 32.0343 32.0134 31.9510 31.9383 31.8477 31.8601 31.7223 31.7244 31.6348 31.6971 31.6194 31.5445 31.5467 31.4815 31.5294 31.5315 31.5209 31.3950 31.2342 31.2215 31.3362 31.2962 31.3112 31.3717 31.2946 31.2820 31.2194 31.2046 31.1901 31.1168 31.1044 31.0540 31.0790 31.0058 31.0078 30.9367 30.9367 30.9325 30.9324 30.9322 30.9446 30.9548 30.9922 31.0048 31.0256 31.0507 31.0281 31.0656 31.0781 31.1303 31.1067 31.1587 31.2843 31.2591 31.2691
31.7766 31.7891 31.9618 32.0119 32.0664 32.1269 32.3999 32.4374 32.3723 32.3973 32.2979 32.2348 32.2096 32.1887 32.0986 32.0860 31.8854 31.8978 31.7726 31.7748 31.7224 31.7848 31.6595 31.4971 31.5324 31.5194 31.5692 31.4559 31.3704 31.3554 31.2215 31.1963 31.3215 31.3195 31.4219 31.4720 31.3324 31.3324 31.2678 31.2073 31.1822 31.1045 31.1295 31.0664 31.0914 31.0056 31.0076 30.9196 30.9196 30.9070 30.9070 30.9572 30.9696 31.0071 31.0445 31.0449 31.0154 31.0280 31.0532 31.0907 31.1032 31.1428 31.2073 31.2718 31.2440 31.2063 31.2063
31.7764 31.7285 31.9015 31.9745 32.0494 32.1120 32.1615 32.1865 32.3597 32.2967 32.1694 32.2237 32.1487 32.0859 32.0484 32.0483 31.8226 31.8248 31.6994 31.7472 31.6349 31.6724 31.6595 31.4721 31.5450 31.5822 31.6467 31.5309 31.5079 31.5205 31.5225 31.4847 31.3362 31.3592 31.3321 31.4453 31.3703 31.3701 31.3035 31.3056 31.2554 31.2425 31.2675 31.1835 31.2085 31.1933 31.1953 31.0575 31.0575 31.0197 31.0197 30.9675 30.9277 30.9824 31.0178 31.0030 30.9903 31.0154 31.0153 31.0674 31.0043 30.9667 31.1193 31.1943 31.2441 31.3065 31.3065
31.6869 31.6389 31.7140 31.9246 32.0494 32.1120 32.1471 32.1720 32.3870 32.3240 32.3195 32.3738 32.2988 32.2360 32.2630 32.2629 31.9227 31.9249 31.7494 31.7972 31.5725 31.6100 31.5826 31.4722 31.5596 31.5697 31.5843 31.4685 31.4849 31.4850 31.4850 31.4452 31.3592 31.3967 31.3196 31.4203 31.3308 31.3452 31.2806 31.2806 31.2679 31.2675 31.3050 31.2336 31.2481 31.1933 31.1808 31.0825 31.0825 31.0072 31.0072 30.9801 30.9403 30.9805 31.0159 30.9780 30.9654 31.0029 31.0028 31.0424 30.9793 30.9917 31.1443 31.1943 31.2441 31.3066 31.3066
31.6871 31.6997 31.7116 31.8992 32.0117 32.0491 32.0841 32.0590 32.2211 32.3107 32.3483 32.3356 32.2984 32.2357 32.2378 32.2607 31.9481 31.8876 31.6975 31.7099 31.5224 31.6099 31.6203 31.5577 31.6345 31.5819 31.6340 31.5208 31.5226 31.5226 31.4099 31.3826 31.3949 31.4223 31.3323 31.3700 31.2304 31.2699 31.1427 31.1424 31.1548 31.2673 31.3048 31.2690 31.2835 31.2312 31.2188 31.1954 31.1954 31.1533 31.0653 31.0929 31.0929 31.1182 31.0784 30.9906 31.0051 31.0824 31.0546 31.0796 31.0817 31.1442 31.1941 31.1314 31.2317 31.3151 31.3804
31.9370 31.9496 31.9366 32.0096 32.0472 32.0846 32.0738 32.0487 32.2337 32.3233 32.2984 32.2857 32.2629 32.2002 32.1980 32.2209 32.1855 32.1251 31.8850 31.8974 31.5850 31.6726 31.7099 31.6327 31.6221 31.5445 31.5966 31.4709 31.4976 31.5081 31.4579 31.4326 31.4074 31.4224 31.3054 31.3681 31.2554 31.2949 31.1927 31.2050 31.2174 31.3048 31.3193 31.2689 31.2564 31.2062 31.2188 31.1954 31.1954 31.1533 31.0654 31.0930 31.0930 31.1182 31.0784 31.0031 31.0177 31.0948 31.0670 31.0921 31.0942 31.1567 31.2067 31.1690 31.2692 31.3277 31.3930
31.8723 31.9120 31.8864 31.9594 31.9362 31.9236 32.0108 32.0379 32.1980 32.1476 32.1226 32.1351 32.1626 32.1854 32.1479 32.1479 32.1583 32.1104 31.9351 31.9225 31.6101 31.6746 31.6844 31.6072 31.7093 31.6469 31.6342 31.7347 31.6739 31.6339 31.5941 31.3453 31.4453 31.4704 31.4183 31.3053 31.1677 31.2596 31.1824 31.1544 31.1564 31.1939 31.2084 31.1561 31.1436 31.1662 31.1788 31.1582 31.1582 31.1934 31.1306 31.1432 31.0678 31.0678 31.0301 31.0325 31.0173 31.0172 30.9794 31.0295 31.0190 31.1566 31.2045 31.1396 31.2425 31.1550 31.1800
31.8849 31.9225 31.8492 31.9117 31.8634 31.8508 31.6853 31.7124 31.8857 31.8081 31.9601 31.9599 32.1333 32.1456 31.9626 31.9626 31.9480 31.9501 32.0000 31.9623 31.7122 31.6996 31.6717 31.5946 31.6843 31.6343 31.6842 31.8076 31.7073 31.6694 31.5837 31.3349 31.3808 31.4183 31.3326 31.3347 31.2346 31.1967 31.1569 31.1792 31.1707 31.1186 31.1186 31.1288 31.1289 31.0929 31.0555 31.1330 31.1330 31.2185 31.1704 31.1808 31.1305 31.1554 31.0175 31.0072 30.9922 31.0172 30.9773 31.0149 31.0170 31.1422 31.1295 31.0899 31.2177 31.1675 31.1925
31.9099 31.9600 31.8842 31.9092 31.8357 31.8252 31.6749 31.6748 31.7978 31.6826 31.8346 31.8219 32.0355 32.0709 31.8728 31.8728 31.8853 31.8874 31.9748 31.9372 31.7094 31.6968 31.7363 31.6591 31.6591 31.6092 31.6214 31.8104 31.6850 31.8357 31.8106 31.8107 31.8460 31.3806 31.3450 31.3471 31.2470 31.2191 31.1439 31.2316 31.2710 31.2189 31.2190 31.1915 31.1915 31.0828 31.0454 31.1310 31.1310 31.1936 31.1454 31.1682 31.1179 31.1029 30.9650 31.0798 31.0547 31.0421 31.0274 31.0149 31.0044 31.1171 31.0944 31.1299 31.1798 31.1421 31.2299
31.8871 31.9247 31.8238 31.7613 31.6733 31.6628 31.5707 31.5706 31.7352 31.6473 31.7451 31.6947 31.8481 31.8960 31.9103 31.8872 31.8728 31.8228 31.8122 31.7996 31.7093 31.6572 31.6445 31.5946 31.6214 31.5944 31.6444 31.8354 31.6850 31.8232 31.7836 31.7836 31.7606 31.2972 31.3098 31.3474 31.3201 31.3048 31.2337 31.1667 31.1916 31.2168 31.2293 31.1663 31.1164 31.0078 31.0058 31.0331 31.0331 31.0833 31.0706 31.1184 31.1057 31.1158 31.0905 31.2429 31.1401 31.0776 31.0651 31.0901 31.1047 31.1925 31.1823 31.1445 31.1944 31.2817 31.3695
31.8593 31.8969 31.8238 31.7613 31.6733 31.6628 31.5707 31.5706 31.7378 31.6498 31.8356 31.7852 31.7978 31.8457 31.8977 31.8747 31.8602 31.8102 31.8096 31.7970 31.7093 31.6572 31.6445 31.5946 31.5963 31.5844 31.6343 31.6342 31.4838 31.4082 31.3686 31.3687 31.3456 31.3324 31.3450 31.3573 31.3300 31.2797 31.2086 31.1793 31.2042 31.2041 31.2166 31.1814 31.1314 31.0706 31.0687 31.0960 31.0960 31.0958 31.0832 31.1033 31.0907 31.1032 31.0780 31.2177 31.1653 31.1027 31.0676 31.0926 31.1072 31.1950 31.1696 31.1318 31.1818 31.2691 31.3418
31.7488 31.8238 31.7109 31.6484 31.5959 31.6354 31.5709 31.5206 31.5478 31.5603 31.6608 31.5980 31.6876 31.7126 31.7104 31.6727 31.6748 31.7622 31.7470 31.7698 31.6967 31.6945 31.7215 31.6194 31.6692 31.6094 31.5716 31.5839 31.4715 31.4209 31.3331 31.3227 31.2601 31.2323 31.2824 31.3050 31.3444 31.3319 31.1817 31.1168 31.1292 31.0913 31.0913 31.1209 31.0940 31.0957 31.0958 31.1459 31.1459 31.0454 31.1206 31.0908 31.1011 31.0781 31.0779 31.1532 31.1407 31.1782 31.2075 31.1701 31.1220 31.2452 31.2199 31.3073 31.3198 31.2443 31.3171
31.7488 31.8238 31.7109 31.6484 31.5959 31.6354 31.5734 31.5231 31.5353 31.5477 31.6482 31.5854 31.6751 31.7000 31.7204 31.6827 31.6848 31.7722 31.7344 31.7573 31.6967 31.6945 31.7240 31.6220 31.6591 31.5338 31.4960 31.5211 31.4086 31.3706 31.2828 31.3579 31.2953 31.1821 31.2321 31.2799 31.3193 31.3068 31.1566 31.0942 31.1066 31.0938 31.0938 31.1461 31.1191 31.1209 31.1209 31.1307 31.1307 31.0806 31.1558 31.1034 31.1137 31.0906 31.0905 31.1281 31.1306 31.1681 31.2201 31.1827 31.1346 31.2577 31.2325 31.3199 31.3425 31.2670 31.2668
