regresion/ABRIL_2003/SeaWiFS/Composicion (Lt_490).txt
ncols         167
nrows         127
xllcorner     -112.014
yllcorner     26.717
cellsize      0.00899
[rows 0 to 28 of 127, columns 67 to 133 of 167]
52.4220 52.3333 52.3729 52.4027 52.3012 52.2834 52.2482 52.2345 52.2561 52.2775 52.2732 52.3391 52.3040 52.3438 52.2912 52.3217 52.3398 52.4453 52.4806 52.6914 52.7218 52.7392 52.7567 52.7123 52.7870 52.7827 52.9722 52.9018 52.9597 53.0126 53.0651 52.9732 52.9687 52.9379 52.9552 53.0960 53.1485 53.2013 53.1960 53.1608 53.2003 53.0593 53.0236 53.0588 52.9879 52.8080 52.7776 52.6587 52.5010 52.4305 52.3814 52.4246 52.4948 52.8935 52.9460 53.2631 55.4042 56.9925 59.4975 60.3600 60.3069 54.1715 53.2985 52.9256 52.9256 52.9178 52.9447
52.4440 52.3150 52.2488 52.3012 52.3011 52.2834 52.2525 52.2388 52.2384 52.2428 52.2253 52.3088 52.2562 52.2340 52.2034 52.2691 52.3004 52.4629 52.4806 52.6690 52.6689 52.7568 52.7785 52.7121 52.8001 52.8178 52.8711 52.8007 52.8890 52.9243 53.0255 52.9907 53.0081 52.9202 52.9502 53.0910 53.1435 53.1436 53.1433 53.1782 53.2177 53.0768 53.0461 53.0991 52.9928 52.7819 52.7109 52.6011 52.5130 52.4248 52.3106 52.4014 52.3482 52.4579 52.4397 52.4009 52.4712 52.6167 53.2148 54.8485 54.9314 52.5715 52.5715 52.7496 52.7496 52.5813 52.6082
52.5144 52.3854 52.3192 52.3717 52.3716 52.3405 52.3096 52.2917 52.2912 52.2603 52.2428 52.3264 52.2738 52.2474 52.2167 52.3043 52.3356 52.5333 52.5509 52.6866 52.6865 52.7963 52.8181 52.7826 52.8706 52.8353 52.8886 52.8359 52.9242 52.9595 53.0211 52.9864 53.0784 52.9905 52.9502 53.0910 53.0731 53.0731 53.0596 53.0945 53.0590 52.9181 52.9404 52.9934 53.0104 52.7996 52.7241 52.6142 52.5658 52.4776 52.2930 52.3838 52.2601 52.3698 52.3912 52.3523 52.4227 52.4758 53.0739 54.2671 54.3500 52.6596 52.6596 52.8160 52.8160 52.5500 52.5769
52.4036 52.2973 52.3412 52.3407 52.2703 52.2392 52.2389 52.2258 52.2039 52.2210 52.2915 52.3223 52.2872 52.4057 52.4062 52.4362 52.4364 52.5813 52.5814 52.7262 52.6948 52.7695 52.7920 52.7348 52.7655 52.7126 52.8138 52.8490 52.9196 52.8849 52.9156 52.7926 52.8797 52.9854 53.0030 53.1262 53.0776 53.0597 53.0284 53.0592 52.9932 53.0109 53.0460 53.0107 53.0631 53.0284 52.9353 52.8646 52.8950 52.6796 52.4366 52.3917 52.2681 52.3210 52.3206 52.2814 52.2989 52.2474 52.2649 52.3412 52.3543 52.4175 52.4127 52.2609 52.2609 52.2620 52.2269
52.2979 52.1916 52.2355 52.3055 52.2351 52.2745 52.2741 52.2257 52.2038 52.2386 52.3091 52.3046 52.2696 52.3881 52.3886 52.4185 52.4186 52.5637 52.5638 52.7129 52.6815 52.8224 52.8448 52.7347 52.7654 52.7302 52.8314 52.8799 52.9505 52.9158 52.8979 52.7748 52.7916 52.8973 52.8797 53.0029 52.9762 52.9583 52.9579 52.9887 53.0109 53.0285 53.0460 53.0107 52.9530 52.9183 52.8120 52.7414 52.7717 52.5564 52.3837 52.3388 52.2547 52.3076 52.2325 52.1933 52.2108 52.1063 52.1239 52.2178 52.2310 52.3428 52.3380 52.1728 52.1728 52.2092 52.1741
52.2716 52.2716 52.2715 52.2748 52.2043 52.2612 52.2612 52.2081 52.2171 52.2520 52.2873 52.3751 52.3756 52.4540 52.4542 52.4799 52.4624 52.5677 52.5986 52.7436 52.7526 52.8229 52.8225 52.7169 52.6905 52.7081 52.8314 52.8802 52.9808 52.9282 52.8971 52.7917 52.7960 52.8489 52.7959 52.8661 52.8349 52.8656 52.9056 52.9364 52.9359 52.9755 52.9930 52.9712 52.9312 52.9532 52.8774 52.9125 52.8064 52.7754 52.7222 52.5695 52.4854 52.2430 52.1855 52.2384 52.1987 52.1422 52.1597 52.1731 52.1553 52.1197 52.0964 52.0490 52.0490 52.0198 52.0063
52.1483 52.1483 52.1482 52.2262 52.1557 52.1906 52.1906 52.2257 52.2348 52.2344 52.2697 52.3885 52.3889 52.4187 52.4188 52.4975 52.4801 52.5501 52.5810 52.7788 52.7877 52.8580 52.8577 52.7345 52.7081 52.7038 52.8270 52.7920 52.8927 52.8400 52.7739 52.6684 52.6551 52.7080 52.7473 52.8175 52.7819 52.8126 52.8703 52.9012 52.9183 52.9579 52.9710 52.9492 52.8960 52.9180 52.8422 52.8772 52.7887 52.7577 52.7265 52.5737 52.5031 52.2607 52.2030 52.2559 52.2162 52.2127 52.2301 52.2041 52.1863 52.1725 52.1492 52.1194 52.1194 52.0903 52.0767
52.2003 52.1708 52.1880 52.2442 52.2222 52.2748 52.2179 52.2530 52.3059 52.3183 52.2660 52.3362 52.3715 52.4414 52.3888 52.4808 52.4589 52.5819 52.5685 52.7174 52.7174 52.8144 52.7964 52.7611 52.7435 52.7218 52.7695 52.7517 52.8793 52.9146 52.9013 52.8486 52.8131 52.7250 52.7342 52.8399 52.7868 52.8132 52.8128 52.8172 52.8873 52.8832 52.8607 52.8433 52.8383 53.0407 52.9521 52.9165 52.8455 52.8279 52.8143 52.7591 52.6975 52.4818 52.4110 52.2533 52.2355 52.2212 52.2606 52.1633 52.1455 52.1227 52.0582 52.0014 52.0014 52.0100 52.0276
52.1693 52.1397 52.1569 52.2264 52.2045 52.2924 52.2355 52.2530 52.3059 52.3669 52.3146 52.3361 52.3714 52.4767 52.4240 52.4456 52.4237 52.6036 52.5902 52.5764 52.5764 52.7263 52.7083 52.7259 52.7082 52.6336 52.6813 52.6637 52.7913 52.8266 52.8133 52.7606 52.7778 52.6897 52.6636 52.7693 52.7692 52.7956 52.8128 52.8172 52.8830 52.8788 52.8079 52.7904 52.7855 52.9879 52.9520 52.9164 52.8498 52.8321 52.7967 52.7415 52.6974 52.4817 52.4286 52.2709 52.2531 52.2170 52.2564 52.2337 52.2160 52.1402 52.0757 52.0718 52.0718 52.0318 52.0495
52.2050 52.2050 52.1873 52.2745 52.2744 52.2916 52.3226 52.3529 52.3708 52.4412 52.3359 52.3001 52.2826 52.3879 52.4056 52.4329 52.4327 52.6613 52.6263 52.6260 52.6082 52.7622 52.7796 52.7932 52.7704 52.7702 52.7921 52.7744 52.8800 52.8449 52.8845 52.7612 52.7297 52.7827 52.7472 52.8001 52.7643 52.7468 52.7819 52.7602 52.8210 52.8253 52.7721 52.8250 52.7897 52.9303 52.8945 52.9337 52.8671 52.8846 52.8851 52.7238 52.6663 52.5690 52.5336 52.2029 52.2029 52.2029 52.2643 52.1880 52.1702 52.1299 52.1298 52.1588 52.1588 52.0973 52.0798
52.2402 52.2402 52.2578 52.2394 52.2569 52.3093 52.3446 52.4058 52.3884 52.4938 52.3885 52.3530 52.3356 52.4364 52.4541 52.5032 52.5030 52.6436 52.6085 52.6260 52.6081 52.7622 52.7662 52.7577 52.7703 52.7745 52.7921 52.7921 52.8491 52.8140 52.8800 52.7567 52.6768 52.7298 52.6767 52.7296 52.6938 52.6585 52.7816 52.7820 52.7724 52.7551 52.7371 52.8118 52.7764 52.8599 52.8242 52.8766 52.8629 52.8628 52.8323 52.6710 52.6839 52.5866 52.5689 52.2382 52.2381 52.2423 52.2641 52.1526 52.1526 52.1300 52.0945 52.1366 52.1366 52.1196 52.1021
52.3285 52.2398 52.2397 52.3454 52.3277 52.3045 52.3224 52.4413 52.4941 52.5290 52.4764 52.4762 52.4060 52.4939 52.4586 52.5198 52.5551 52.6779 52.6604 52.7131 52.6025 52.7389 52.7606 52.8620 52.8442 52.8440 52.8616 52.8264 52.9011 52.8265 52.8806 52.8321 52.7658 52.6955 52.6424 52.7305 52.6417 52.6552 52.8087 52.8132 52.7909 52.8439 52.8083 52.8258 52.7725 52.8645 52.8685 52.8112 52.8151 52.8678 52.7856 52.8037 52.8167 52.7110 52.6933 52.4272 52.4271 52.2291 52.2510 52.1749 52.1749 52.2302 52.1947 52.1509 52.1509 52.2038 52.1687
52.3108 52.2221 52.2617 52.2616 52.2968 52.3222 52.3005 52.4941 52.5821 52.5994 52.5468 52.5247 52.4544 52.4496 52.4143 52.5198 52.5551 52.6604 52.6429 52.7659 52.6553 52.7563 52.8266 52.8444 52.8618 52.8440 52.8793 52.7911 52.8262 52.7516 52.8496 52.8011 52.7128 52.6426 52.5675 52.6556 52.6415 52.6770 52.8440 52.8616 52.8436 52.8966 52.8256 52.7859 52.7680 52.8603 52.8509 52.7980 52.7272 52.7975 52.7812 52.7993 52.8210 52.7154 52.6757 52.4096 52.4138 52.2509 52.2156 52.1220 52.1352 52.2300 52.2380 52.1424 52.1424 52.0982 52.0631
52.2766 52.2183 52.2755 52.2754 52.3501 52.3628 52.3719 52.5124 52.5828 52.6001 52.5827 52.5646 52.4414 52.4494 52.4319 52.5374 52.5199 52.6605 52.6783 52.7433 52.7041 52.7919 52.8269 52.7740 52.8267 52.8442 52.8667 52.7214 52.7565 52.7783 52.8705 52.8178 52.7296 52.6769 52.5842 52.5846 52.6186 52.6538 52.7902 52.8254 52.8253 52.7859 52.7149 52.7542 52.7243 52.7421 52.7462 52.7813 52.7105 52.8029 52.8094 52.7889 52.8106 52.8345 52.7948 52.7628 52.7670 52.4269 52.3915 52.2332 52.2464 52.2257 52.2337 52.3458 52.3458 52.3072 52.2504
52.4038 52.3456 52.2402 52.2752 52.3633 52.4464 52.4950 52.5476 52.5962 52.5959 52.5785 52.4984 52.3752 52.4494 52.4319 52.4889 52.4714 52.5944 52.6122 52.7212 52.6820 52.6863 52.7036 52.6331 52.7167 52.6636 52.7257 52.6551 52.6726 52.6944 52.7824 52.7297 52.7515 52.6989 52.6587 52.6591 52.6671 52.7376 52.8429 52.8253 52.8956 52.7859 52.7678 52.8422 52.7638 52.7814 52.8165 52.8693 52.7983 52.8776 52.8491 52.8286 52.8064 52.8303 52.8652 52.8331 52.7979 52.4579 52.4577 52.3523 52.3168 52.1903 52.1849 52.3904 52.3904 52.3245 52.2677
52.3988 52.3809 52.2624 52.2088 52.2883 52.4953 52.5833 52.5701 52.6364 52.6712 52.6359 52.5166 52.4815 52.5734 52.5208 52.5952 52.5470 52.6299 52.5732 52.7225 52.7224 52.7399 52.7574 52.6869 52.7039 52.5409 52.6332 52.6766 52.6943 52.6416 52.7473 52.7299 52.7642 52.7469 52.6893 52.6894 52.6669 52.7199 52.8252 52.6978 52.7680 52.7371 52.7416 52.7944 52.7279 52.7455 52.7806 52.8203 52.7316 52.7671 52.7327 52.7025 52.6803 52.6805 52.7153 52.8688 52.8335 52.7133 52.7131 52.6956 52.6601 52.3905 52.3851 52.4594 52.4594 52.4364 52.4189
52.3284 52.3105 52.2445 52.2221 52.2269 52.4029 52.5086 52.5659 52.6364 52.6711 52.6358 52.5738 52.5387 52.5777 52.5251 52.6303 52.5821 52.6252 52.5685 52.6345 52.6343 52.7180 52.7178 52.5592 52.5276 52.5099 52.5670 52.5886 52.6414 52.5888 52.6987 52.6812 52.6582 52.6409 52.6498 52.6499 52.6317 52.6803 52.8383 52.7638 52.7989 52.7898 52.8163 52.8691 52.8687 52.8380 52.8025 52.8422 52.7845 52.8154 52.7285 52.6982 52.6803 52.6804 52.6583 52.8118 52.7983 52.7309 52.7308 52.6646 52.6468 52.4082 52.3722 52.4146 52.4146 52.4624 52.4449
52.3629 52.3627 52.2926 52.3055 52.2969 52.4248 52.6009 52.6709 52.6666 52.6660 52.6527 52.5906 52.5556 52.5904 52.5378 52.6431 52.5907 52.6388 52.6565 52.7578 52.7224 52.7885 52.7756 52.6171 52.5991 52.5677 52.6071 52.5191 52.5720 52.5370 52.6419 52.5408 52.5051 52.5363 52.5452 52.5454 52.5448 52.5934 52.7556 52.7377 52.7372 52.7944 52.8339 52.8163 52.8336 52.7722 52.6834 52.6969 52.7052 52.6875 52.6022 52.5667 52.5488 52.6501 52.6279 52.6770 52.6635 52.7711 52.7710 52.6843 52.6665 52.6329 52.5969 52.5329 52.5329 52.4858 52.4156
52.5879 52.6231 52.4210 52.3549 52.3197 52.4253 52.5659 52.6884 52.6841 52.6570 52.6437 52.6076 52.5725 52.5897 52.5371 52.6071 52.5548 52.6120 52.6297 52.6697 52.5989 52.5988 52.6163 52.5459 52.5632 52.5142 52.5403 52.4875 52.5714 52.5363 52.5712 52.4701 52.4612 52.4924 52.4523 52.4525 52.5982 52.5982 52.6508 52.6373 52.6940 52.8172 52.8699 52.8568 52.7808 52.7677 52.7321 52.7455 52.7192 52.7016 52.6342 52.5615 52.5085 52.5967 52.5834 52.6580 52.6578 52.6623 52.6666 52.6460 52.6309 52.6618 52.6439 52.5009 52.5009 52.4624 52.3922
52.5530 52.5881 52.4562 52.3901 52.3901 52.4956 52.5439 52.6664 52.6883 52.6612 52.6261 52.5900 52.6077 52.6249 52.5549 52.6250 52.6075 52.6648 52.7177 52.7577 52.6868 52.7043 52.7218 52.5631 52.5804 52.5142 52.5402 52.5403 52.6242 52.5759 52.6108 52.4836 52.4747 52.4749 52.4348 52.5229 52.6686 52.5803 52.6329 52.6900 52.7467 52.7996 52.8524 52.8437 52.7677 52.7285 52.6929 52.6576 52.6313 52.6137 52.5463 52.5045 52.4515 52.5305 52.5172 52.6405 52.6403 52.7328 52.7371 52.8173 52.8022 52.7344 52.7164 52.6059 52.6059 52.4538 52.2956
52.5712 52.5712 52.5143 52.4434 52.4785 52.5305 52.5655 52.7634 52.7542 52.7488 52.7138 52.6783 52.6960 52.5723 52.5023 52.6167 52.5992 52.7051 52.7580 52.7754 52.7045 52.7044 52.6907 52.5714 52.6236 52.5180 52.4824 52.5176 52.6056 52.5574 52.5572 52.4300 52.4040 52.4042 52.5446 52.6327 52.5971 52.5441 52.5831 52.6625 52.6973 52.7150 52.7635 52.7328 52.6971 52.6360 52.6313 52.5741 52.5384 52.5385 52.5596 52.5131 52.4425 52.4728 52.4106 52.5339 52.5558 52.6789 52.6964 52.7735 52.7735 52.6312 52.5899 52.6383 52.6383 52.5044 52.3462
52.5888 52.5888 52.5319 52.4610 52.5093 52.5613 52.5697 52.7676 52.7366 52.7313 52.6962 52.6607 52.6787 52.5550 52.5023 52.6167 52.6168 52.7227 52.7581 52.7754 52.7263 52.7393 52.7256 52.6242 52.6764 52.5884 52.5528 52.5748 52.6628 52.5884 52.5882 52.4828 52.4568 52.4569 52.5973 52.6675 52.6320 52.6320 52.6710 52.7328 52.7677 52.7369 52.7855 52.6759 52.6403 52.6359 52.6313 52.5741 52.5385 52.5165 52.5376 52.5171 52.4466 52.4552 52.3930 52.5515 52.5734 52.6307 52.6482 52.7256 52.7256 52.6813 52.6400 52.4399 52.4399 52.4009 52.3002
52.6417 52.6417 52.5671 52.5139 52.5489 52.5474 52.6044 52.7453 52.7319 52.8018 52.7667 52.7092 52.7272 52.6397 52.5870 52.6571 52.6572 52.8111 52.8464 52.8152 52.7308 52.7657 52.7249 52.6722 52.7469 52.6235 52.5704 52.5748 52.6055 52.5312 52.5494 52.4440 52.4389 52.4390 52.4561 52.5264 52.5655 52.5655 52.5999 52.6572 52.6744 52.6437 52.6433 52.5339 52.6043 52.5956 52.6084 52.5732 52.4898 52.4678 52.3971 52.3942 52.3673 52.3867 52.2851 52.3733 52.4085 52.5362 52.5537 52.6673 52.6616 52.6145 52.6113 52.3575 52.3575 52.3886 52.2879
52.7298 52.7298 52.6244 52.5711 52.5357 52.5342 52.5694 52.7102 52.7101 52.7800 52.7669 52.8370 52.8154 52.6222 52.6048 52.6530 52.6180 52.7980 52.8858 52.8679 52.8145 52.8714 52.7954 52.7602 52.8130 52.6720 52.6363 52.5840 52.6014 52.5135 52.5099 52.4572 52.4961 52.5095 52.4737 52.4955 52.5480 52.5172 52.5516 52.5869 52.6042 52.6176 52.6172 52.5470 52.6174 52.6131 52.6259 52.6568 52.5909 52.5641 52.4757 52.4688 52.4947 52.4790 52.3381 52.3603 52.3602 52.5498 52.5278 52.6203 52.6237 52.5694 52.5467 52.3823 52.3823 52.4096 52.3058
52.8001 52.8001 52.6947 52.6585 52.6230 52.6226 52.6577 52.7281 52.7280 52.7975 52.7845 52.8906 52.8690 52.7632 52.7457 52.7060 52.6709 52.7454 52.8331 52.8672 52.8315 52.8666 52.7602 52.6721 52.6363 52.5835 52.5834 52.5621 52.5491 52.4612 52.5269 52.4743 52.5664 52.5798 52.5617 52.5835 52.5648 52.5340 52.4986 52.5339 52.5336 52.5470 52.6524 52.5822 52.6531 52.6488 52.6485 52.6794 52.6087 52.5819 52.4048 52.4577 52.4309 52.4039 52.2982 52.3098 52.3097 52.5520 52.5300 52.6239 52.6274 52.5865 52.5639 52.3598 52.3598 52.3941 52.2903
52.8879 52.8879 52.7117 52.6754 52.5526 52.5521 52.5696 52.6400 52.6973 52.7668 52.7629 52.8338 52.8691 52.8556 52.8029 52.6926 52.6572 52.6923 52.7101 52.8145 52.7612 52.7611 52.6900 52.7074 52.6187 52.6015 52.6366 52.6325 52.6547 52.5668 52.5838 52.4564 52.5268 52.5311 52.5130 52.5131 52.5121 52.5649 52.5295 52.5298 52.5294 52.5823 52.6877 52.7054 52.7763 52.7677 52.7673 52.8109 52.7226 52.7226 52.5988 52.5461 52.5192 52.5319 52.4041 52.5128 52.4775 52.6534 52.6710 52.7075 52.7073 52.5793 52.5656 52.4582 52.4582 52.4863 52.3984
52.8837 52.9188 52.7426 52.6586 52.5357 52.5530 52.5705 52.5346 52.5918 52.7541 52.7502 52.8338 52.8691 52.8907 52.8381 52.6572 52.6218 52.6696 52.6873 52.7613 52.7789 52.7788 52.7077 52.7251 52.6059 52.5888 52.6239 52.6198 52.6016 52.5137 52.5308 52.4034 52.4738 52.4780 52.4904 52.4905 52.4767 52.5296 52.4942 52.4944 52.5118 52.5646 52.6927 52.7103 52.7407 52.7321 52.7496 52.7932 52.7226 52.7226 52.6469 52.5943 52.5674 52.5684 52.4406 52.5530 52.5177 52.6359 52.6535 52.6937 52.6936 52.6052 52.5914 52.4322 52.4322 52.4603 52.3724
52.8306 52.8657 52.8087 52.8656 52.7600 52.7596 52.6279 52.4861 52.5348 52.6092 52.6446 52.7853 52.7854 52.9434 52.9215 52.8464 52.7979 52.6912 52.6914 52.7393 52.7393 52.7435 52.6724 52.7432 52.5712 52.5670 52.6417 52.6416 52.5838 52.4387 52.5088 52.4427 52.4954 52.5131 52.6002 52.7235 52.7011 52.6395 52.6218 52.6530 52.6351 52.7055 52.9172 52.9480 52.9299 52.9165 52.9340 52.9165 52.7578 52.7402 52.6818 52.7040 52.6730 52.7007 52.7358 52.8346 52.7290 52.7066 52.7022 52.6545 52.6058 52.5856 52.6031 52.6013 52.6013 52.5443 52.6499
52.8121 52.8472 52.7902 52.8471 52.7415 52.7293 52.5975 52.4557 52.5044 52.5747 52.6100 52.7508 52.7509 52.9265 52.9046 52.8423 52.7937 52.6567 52.6569 52.7578 52.7578 52.7620 52.6951 52.7659 52.6419 52.6377 52.7125 52.7124 52.6015 52.4564 52.4862 52.4201 52.5079 52.5256 52.5825 52.7058 52.6834 52.6219 52.6393 52.6704 52.6224 52.6927 52.8818 52.9126 52.9299 52.9165 52.9340 52.9165 52.7529 52.7353 52.6818 52.7038 52.6727 52.7744 52.8095 52.8660 52.7604 52.6884 52.6841 52.6753 52.6265 52.5801 52.5976 52.6229 52.6229 52.5191 52.6246
