regresion/ABRIL_2003/SeaWiFS/Composicion (Lt_555).txt
ncols         167
nrows         127
xllcorner     -112.014
yllcorner     26.717
cellsize      0.00899
[rows 58 to 86 of 127, columns 0 to 66 of 167]
31.7972 31.7846 31.8501 31.7708 31.7354 31.7228 31.6964 31.7339 31.7550 31.6942 31.6443 31.6337 31.6212 31.6336 31.5482 31.5482 31.5882 31.5630 31.6007 31.6359 31.6338 31.6335 31.6080 31.5935 31.5932 31.6533 31.6323 31.6551 31.6071 31.6319 31.6714 31.7214 31.8341 31.8512 31.9849 31.9724 31.9578 31.9079 31.9055 31.8803 31.9447 31.9025 31.9150 31.9043 31.8669 31.8710 31.8711 31.9605 31.9605 31.8207 31.7934 31.7037 31.7036 31.7286 31.6910 31.6510 31.5507 31.5527 31.5522 31.5668 31.5811 31.5936 31.6059 31.6684 31.6310 31.7185 31.6831
31.7716 31.7590 31.8492 31.7700 31.7710 31.7584 31.7217 31.7592 31.7697 31.7319 31.6819 31.6337 31.6212 31.6085 31.5256 31.5235 31.5861 31.5609 31.5734 31.5732 31.5583 31.6207 31.6201 31.6056 31.6052 31.6552 31.6198 31.6048 31.5694 31.6193 31.6463 31.6988 31.7968 31.7862 31.8844 31.8844 31.8698 31.7697 31.7673 31.8673 31.9318 31.9172 31.9297 31.9295 31.8920 31.8458 31.8459 31.9358 31.9358 31.7960 31.8084 31.7287 31.7286 31.7537 31.7286 31.6510 31.5878 31.5898 31.6148 31.6294 31.6438 31.6563 31.6435 31.6914 31.6690 31.7439 31.7186
31.8071 31.7673 31.8722 31.8846 31.9334 31.9334 31.9217 31.8965 31.8195 31.7964 31.7965 31.7462 31.7212 31.7335 31.6381 31.6360 31.6486 31.6610 31.6463 31.6335 31.6208 31.6061 31.6055 31.6056 31.6072 31.6302 31.6072 31.6194 31.6569 31.6943 31.7339 31.7636 31.8847 31.8969 31.8947 31.7823 31.8051 31.7800 31.7945 31.9049 31.8673 31.8548 31.9048 31.9192 31.8817 31.8458 31.8439 31.8337 31.8337 31.8335 31.8459 31.8039 31.8038 31.7766 31.7515 31.7405 31.6774 31.6900 31.7149 31.7295 31.7564 31.7564 31.7187 31.7540 31.7441 31.8044 31.7791
31.7974 31.7577 31.7828 31.7953 31.9349 31.9348 31.9474 31.9222 31.8701 31.8345 31.8089 31.7439 31.7341 31.7213 31.6360 31.5857 31.5983 31.6359 31.6212 31.6607 31.6581 31.6935 31.7686 31.7687 31.7830 31.7430 31.6822 31.7221 31.7200 31.7574 31.7845 31.8117 31.8595 31.8844 31.8821 31.7717 31.7945 31.7545 31.7689 31.7918 31.7542 31.7668 31.8168 31.8439 31.8064 31.8713 31.8694 31.8209 31.8209 31.8334 31.8459 31.8164 31.7808 31.7636 31.7260 31.7151 31.6272 31.6398 31.6521 31.6667 31.6810 31.6810 31.6563 31.6812 31.6562 31.7291 31.7289
31.8621 31.8349 31.8579 31.8577 31.9349 31.9098 31.9077 31.8972 31.8972 31.8218 31.8212 31.8064 31.7862 31.7734 31.7860 31.7357 31.6837 31.6587 31.6587 31.6857 31.6706 31.7185 31.8082 31.7812 31.8079 31.7951 31.7198 31.7598 31.7348 31.7597 31.8576 31.8848 31.9073 31.8321 31.8322 31.7967 31.7945 31.7273 31.7543 31.7918 31.7439 31.7814 31.7814 31.7709 31.7814 31.8338 31.8463 31.7958 31.7958 31.8437 31.8562 31.7766 31.7409 31.7280 31.6779 31.6275 31.5521 31.6293 31.6313 31.5833 31.6079 31.6434 31.6061 31.6061 31.6061 31.6768 31.6767
31.8944 31.8671 31.8639 31.8637 31.9021 31.8770 31.9000 31.8895 31.8672 31.7919 31.8016 31.7888 31.7536 31.7282 31.7734 31.7608 31.7338 31.7108 31.6707 31.6957 31.6831 31.6809 31.7329 31.7059 31.8059 31.7704 31.7077 31.7577 31.7474 31.7471 31.8701 31.9223 32.0076 31.9301 31.8569 31.8067 31.8046 31.7398 31.7668 31.7667 31.7187 31.7291 31.7291 31.7337 31.7442 31.8339 31.8464 31.7581 31.7581 31.8457 31.8457 31.7762 31.7635 31.7153 31.6778 31.6777 31.6149 31.6920 31.6440 31.5960 31.6334 31.6689 31.6060 31.6061 31.6060 31.6537 31.6537
31.9449 31.8822 31.9198 31.9321 31.9675 31.9173 31.9603 31.9247 31.9295 31.8792 31.8638 31.8637 31.7785 31.7553 31.7880 31.7502 31.7732 31.7480 31.7455 31.7328 31.6952 31.6785 31.7911 31.8037 31.8433 31.8077 31.7577 31.7827 31.8454 31.8223 31.8723 31.8724 31.9346 31.9321 31.9069 31.8296 31.8294 31.8023 31.8294 31.8167 31.7414 31.7540 31.7520 31.7712 31.7463 31.7713 31.7713 31.7456 31.7456 31.7287 31.7411 31.7656 31.7656 31.7653 31.7507 31.7778 31.7149 31.7170 31.7213 31.7568 31.7691 31.8067 31.7438 31.7060 31.7037 31.6390 31.6390
31.9032 31.8406 31.8781 31.8905 32.0035 31.9533 31.9613 31.9257 31.9506 31.9003 31.9065 31.9063 31.8211 31.7980 31.7980 31.7603 31.7833 31.7581 31.7706 31.7580 31.7203 31.7037 31.8163 31.8289 31.8333 31.8329 31.7828 31.8079 31.8705 31.8349 31.8849 31.8824 31.9447 31.9572 31.9320 31.8422 31.8420 31.8021 31.8293 31.7941 31.7188 31.7439 31.7419 31.7335 31.7086 31.7587 31.7587 31.7833 31.7833 31.7639 31.7763 31.7656 31.7656 31.7653 31.7507 31.7778 31.7048 31.7069 31.7338 31.7693 31.7817 31.8192 31.7689 31.7311 31.7139 31.6491 31.6491
31.9917 31.9355 31.9715 31.8991 31.9459 31.9256 31.9884 31.9382 31.9132 31.8900 31.8608 31.8607 31.8858 31.8710 31.8835 31.8206 31.8707 31.8706 31.7831 31.7913 31.8161 31.7662 31.7432 31.7808 31.7205 31.6973 31.7975 31.8247 31.9122 31.8744 31.7594 31.7569 31.8570 31.8674 31.8795 31.8398 31.8796 31.8295 31.7918 31.7566 31.7795 31.7963 31.7838 31.7357 31.7357 31.8087 31.7962 31.7832 31.7832 31.7909 31.8012 31.7884 31.8008 31.8277 31.8152 31.8424 31.7466 31.7571 31.7944 31.8444 31.8839 31.9318 31.8939 31.8290 31.7992 31.8136 31.8136
32.0444 31.9881 32.0242 31.9518 31.9550 31.9347 32.0157 31.9655 31.9405 31.9173 31.8522 31.8522 31.8952 31.8803 31.8971 31.8342 31.8707 31.8706 31.7831 31.7913 31.8312 31.7813 31.7205 31.7580 31.7080 31.7224 31.8227 31.8499 31.9374 31.8719 31.7569 31.7695 31.8695 31.8799 31.8921 31.8524 31.8922 31.8320 31.7943 31.7817 31.8047 31.7837 31.7713 31.7356 31.7356 31.7685 31.7560 31.7933 31.7933 31.7530 31.7634 31.7884 31.8008 31.8528 31.8404 31.8322 31.7843 31.7948 31.8195 31.8696 31.9091 31.9569 31.9166 31.8517 31.8118 31.8262 31.8262
32.1325 32.0136 32.0652 32.0152 32.0323 31.9980 31.9919 31.9971 31.8905 31.8625 31.9310 31.8685 31.9136 31.9587 32.0005 31.9574 31.8791 31.8664 31.8436 31.8164 31.8460 31.8711 31.8083 31.8208 31.7832 31.8249 31.9124 31.9125 31.9101 31.8071 31.6818 31.7547 31.7295 31.7295 31.7648 31.7272 31.7920 31.7441 31.7191 31.7107 31.7462 31.7231 31.7107 31.7960 31.8085 31.7935 31.7830 31.8056 31.8056 31.7760 31.7759 31.7905 31.7904 31.8800 31.8549 31.9052 31.8969 31.9219 31.8967 31.8695 31.9445 31.9672 31.9247 31.9620 31.9118 31.9117 31.9117
32.1482 32.0294 32.0452 31.9951 31.9923 31.9580 31.9717 31.9769 31.8703 31.8423 31.9286 31.8661 31.9313 31.9764 32.0015 31.9584 31.8634 31.8507 31.8338 31.8065 31.8532 31.8783 31.8332 31.8457 31.8082 31.8475 31.9350 31.8470 31.8446 31.8071 31.6818 31.6919 31.6666 31.6917 31.7270 31.7046 31.7694 31.7316 31.7065 31.6982 31.7337 31.7357 31.7232 31.7935 31.8060 31.7683 31.7579 31.7805 31.7805 31.8137 31.8136 31.8056 31.8055 31.8699 31.8449 31.9052 31.8969 31.9219 31.9194 31.8922 31.9670 31.9897 31.9624 31.9997 31.9495 31.9494 31.9367
31.8109 32.0959 31.9486 32.0171 31.9965 31.9544 31.9577 31.9200 31.7354 31.7191 31.7572 31.7864 31.9232 31.9452 31.9696 31.9696 31.9077 31.9034 31.8864 31.8759 31.8580 31.9305 31.8708 31.8730 31.8478 31.8725 31.9328 31.8197 31.7548 31.7423 31.6567 31.6293 31.5894 31.6394 31.6915 31.7191 31.7066 31.6480 31.6210 31.6335 31.7461 31.7982 31.7983 31.8560 31.8560 31.8642 31.8912 31.9264 31.9264 31.8783 31.8907 31.8328 31.8348 31.8825 31.8721 31.9344 31.9218 31.9447 31.9296 31.9398 31.9897 31.9792 32.0124 31.9998 31.9246 31.9141 31.9014
31.7616 32.0465 31.9346 32.0031 31.9825 31.9404 31.9672 31.9296 31.7450 31.7286 31.7375 31.7666 31.8971 31.9191 31.9434 31.9434 31.8498 31.8454 31.8782 31.8677 31.8178 31.8903 31.8775 31.8798 31.8464 31.8730 31.9333 31.8679 31.8030 31.7905 31.7049 31.6066 31.5667 31.6168 31.6688 31.6813 31.6688 31.6354 31.6085 31.6459 31.7585 31.7832 31.7832 31.8560 31.8560 31.8642 31.8912 31.9138 31.9138 31.8808 31.8932 31.8579 31.8599 31.8699 31.8596 31.9344 31.9193 31.9422 31.9296 31.9398 31.9645 31.9540 31.9873 31.9746 31.9019 31.8914 31.8913
32.1199 32.1911 32.0393 32.0792 31.9740 31.9070 31.8625 31.8411 31.8373 31.8081 31.7882 31.8079 31.9283 31.9006 31.9044 31.9293 31.8896 31.9156 31.8870 31.9030 31.8406 31.9021 31.8669 31.8545 31.7939 31.7955 31.8310 31.7906 31.6924 31.6903 31.6276 31.5315 31.5689 31.5939 31.6709 31.6855 31.6334 31.6334 31.5958 31.6332 31.6687 31.7038 31.6664 31.7392 31.7787 31.8286 31.8286 31.9638 31.9638 32.0185 31.9954 31.9457 31.9456 31.9201 31.9097 31.9720 31.9570 31.9900 31.9878 31.9898 32.0020 31.9895 31.9998 31.9496 31.8769 31.8707 31.8706
32.5733 32.3335 32.0974 32.1373 31.9492 31.8823 31.8468 31.8254 31.8510 31.8218 31.8257 31.8454 31.9014 31.8737 31.9410 31.9658 31.8801 31.8562 31.7998 31.8158 31.7534 31.8399 31.9009 31.9031 31.8193 31.8069 31.8424 31.8167 31.7559 31.7428 31.6676 31.5690 31.5689 31.5437 31.6206 31.6352 31.6082 31.6685 31.6205 31.6454 31.6809 31.7164 31.6790 31.7643 31.8037 31.8560 31.8560 31.9663 31.9663 32.0060 31.9829 31.9078 31.9077 31.9452 31.9348 31.9820 31.9443 31.9774 31.9753 31.9773 31.9497 31.9373 31.9394 31.8892 31.8892 31.8830 31.8829
32.5024 32.3366 32.0837 32.0849 31.8931 31.8898 31.9284 31.8774 31.8382 31.8758 31.8649 31.8962 31.9573 31.9380 31.9818 31.9852 31.8337 31.8232 31.8157 31.8032 31.7260 31.7832 31.9554 31.9576 31.8796 31.8547 31.7690 31.7162 31.7161 31.6926 31.6968 31.6231 31.5710 31.5354 31.5707 31.6082 31.6456 31.7059 31.6935 31.7414 31.6914 31.6892 31.6537 31.7035 31.7036 31.7432 31.7807 31.9454 31.9454 31.9955 31.9955 31.9702 31.9701 31.9951 31.9952 32.0006 31.9503 31.9523 31.9398 31.9273 31.9123 31.9248 31.9143 31.8456 31.8456 31.8561 31.8560
32.3566 32.2292 32.0483 32.0495 31.9454 31.9422 31.9633 31.9124 31.8932 31.9307 31.8652 31.8965 31.9546 31.9352 31.8679 31.8713 31.8030 31.7947 31.8158 31.8283 31.7511 31.7833 31.9111 31.9508 31.9092 31.8555 31.7698 31.7329 31.7328 31.6609 31.6504 31.6754 31.6504 31.5854 31.6083 31.6181 31.6431 31.6807 31.6683 31.7539 31.7039 31.7142 31.6787 31.7185 31.7185 31.7284 31.7660 31.9704 31.9704 31.9954 31.9954 32.0053 32.0052 32.0302 32.0179 32.0006 31.9377 31.9397 31.9272 31.9147 31.8897 31.9022 31.8643 31.7956 31.8332 31.8436 31.8184
32.4803 32.3531 32.2454 32.1985 32.1158 32.0772 32.0130 31.9879 31.9793 32.0199 31.9408 31.9007 31.9422 31.9569 31.9576 31.9114 31.8413 31.8245 31.7726 31.8303 31.7677 31.7678 31.8291 31.8938 31.8842 31.8158 31.7321 31.7223 31.7117 31.6523 31.6627 31.6773 31.6504 31.5958 31.6082 31.5910 31.5889 31.6515 31.6787 31.7266 31.6910 31.7661 31.7037 31.8080 31.7955 31.7701 31.7951 31.7972 31.7972 31.8451 31.8450 31.9050 31.8777 32.0362 32.0134 31.8650 31.8272 31.8272 31.8146 31.8521 31.8166 31.8836 31.8457 31.7937 31.8312 31.8687 31.8434
32.5162 32.4129 32.3184 32.2714 32.2537 32.2151 32.1278 32.1026 31.9890 32.0117 31.9824 31.9698 31.9944 32.0502 32.0273 31.9352 31.8728 31.8469 31.7763 31.8066 31.7398 31.7499 31.7353 31.7750 31.8257 31.7986 31.7379 31.7023 31.6667 31.6750 31.7228 31.7265 31.6599 31.6290 31.6164 31.5785 31.5786 31.6036 31.6411 31.6764 31.6408 31.7706 31.7081 31.7831 31.7706 31.8329 31.8579 31.8224 31.8224 31.8656 31.8529 31.8926 31.9050 32.0635 32.0384 31.9277 31.8318 31.8317 31.8317 31.8692 31.8418 31.9087 31.8333 31.7687 31.8187 31.8541 31.8389
33.2197 32.7882 32.7499 32.4510 32.4203 32.3687 32.1617 32.1105 31.9537 31.9650 31.9310 31.9330 31.9200 31.9574 31.9020 31.8099 31.8394 31.8135 31.7637 31.7940 31.7251 31.7352 31.6478 31.6728 31.7505 31.7381 31.7379 31.7023 31.6668 31.7000 31.7707 31.7619 31.7599 31.7289 31.6539 31.6035 31.6036 31.6514 31.6785 31.6909 31.6533 31.7580 31.7081 31.8227 31.7977 31.8350 31.8081 31.7579 31.7579 31.7780 31.7654 31.7404 31.7528 31.7651 31.7401 31.7150 31.6190 31.8317 31.8317 31.8736 31.8462 31.8317 31.7563 31.7561 31.8061 31.8415 31.8263
34.1326 33.5089 32.9384 32.6395 32.5224 32.4708 32.2011 32.1499 31.9969 31.9594 31.8531 31.8988 31.9786 31.9324 31.8870 31.8994 31.9213 31.7959 31.7102 31.7476 31.6838 31.6880 31.6344 31.6198 31.6842 31.6841 31.6965 31.6965 31.6817 31.7139 31.7742 31.7764 31.7763 31.7790 31.7041 31.6662 31.6539 31.6686 31.6706 31.6579 31.6203 31.7080 31.6580 31.7703 31.7454 31.8080 31.7811 31.7156 31.7156 31.7154 31.7279 31.7278 31.7152 31.7399 31.7170 31.6945 31.6692 31.8820 31.8796 31.9215 31.8839 31.8695 31.8145 31.8144 31.8142 31.8390 31.8390
37.6185 36.9947 32.6102 32.2963 32.6629 32.6113 32.2885 32.2373 31.9510 31.9135 31.8473 31.8930 31.9056 31.8594 31.8155 31.8280 31.8082 31.6828 31.6208 31.6582 31.6324 31.6367 31.5887 31.5638 31.6216 31.6717 31.7340 31.7317 31.7023 31.7167 31.7417 31.7668 31.7667 31.7918 31.7793 31.7417 31.7064 31.7460 31.7585 31.7205 31.6704 31.6702 31.6577 31.7448 31.6803 31.7534 31.7285 31.7032 31.7032 31.6780 31.6905 31.6633 31.6506 31.7050 31.6821 31.7571 31.7193 31.9092 31.8817 31.9070 31.8795 31.8545 31.8020 31.7769 31.7641 31.7993 31.7993
61.7335 42.9034 31.7172 32.2441 32.9304 32.9029 32.6599 32.5921 32.2374 32.1097 31.9975 32.0214 32.0013 31.8463 31.8149 31.8149 31.7825 31.6598 31.6459 31.6833 31.6219 31.6366 31.6136 31.5637 31.6468 31.6718 31.7090 31.7066 31.7398 31.7542 31.6415 31.6666 31.6039 31.6290 31.6540 31.6291 31.6083 31.6583 31.7083 31.6704 31.6453 31.6201 31.6077 31.7303 31.6659 31.7159 31.6909 31.6782 31.6782 31.6407 31.6301 31.5778 31.5777 31.6571 31.6446 31.7195 31.6817 31.7236 31.7065 31.8172 31.8398 31.9025 31.8646 31.8143 31.7913 31.8369 31.8369
81.9118 63.0817 50.8436 42.1386 36.1850 36.1574 32.6401 32.5722 32.5804 32.4527 32.0415 32.0654 31.9680 31.8130 31.8819 31.8819 31.7940 31.6713 31.6229 31.6603 31.5939 31.6086 31.6336 31.5962 31.6099 31.6964 31.6962 31.7234 31.8315 31.8168 31.6665 31.6790 31.6538 31.6542 31.6563 31.6687 31.6458 31.6456 31.6706 31.6956 31.6831 31.6200 31.5930 31.6782 31.6408 31.7157 31.7032 31.6905 31.6905 31.6533 31.6427 31.7697 31.7696 31.8946 31.8820 31.7967 31.7715 31.8862 31.9043 32.0275 32.0401 32.0527 32.0022 31.8372 31.8268 31.8515 31.8162
87.1597 83.6626 77.1029 68.2384 53.8284 52.9528 44.4838 36.2423 34.1263 33.7538 32.0901 32.2172 32.0099 31.8250 31.8911 31.7017 31.6158 31.6433 31.5940 31.6529 31.5982 31.5662 31.5690 31.5690 31.5846 31.6337 31.6587 31.6859 31.7438 31.7291 31.6686 31.6811 31.6164 31.6169 31.5960 31.6082 31.5707 31.5580 31.5830 31.6185 31.6455 31.5802 31.5532 31.6281 31.5906 31.6154 31.6030 31.6174 31.6174 31.6554 31.6428 31.7573 31.7697 31.9322 31.9071 31.8218 31.7798 31.8069 31.8042 31.8022 31.8271 31.7645 31.6892 31.7371 31.7391 31.7785 31.7433
96.7933 93.2963 89.3520 89.3529 79.3866 78.5111 66.4488 58.2073 48.2992 47.9267 31.5235 31.6506 31.7484 31.5635 31.9392 31.7497 31.6808 31.7083 31.5902 31.6491 31.6185 31.5865 31.5733 31.5597 31.5742 31.6277 31.6256 31.6134 31.6109 31.6453 31.6223 31.6634 31.6008 31.5987 31.5882 31.5579 31.5329 31.5203 31.5328 31.6056 31.6182 31.5908 31.5783 31.6158 31.6158 31.6281 31.5907 31.6929 31.6929 31.8824 31.8698 31.9448 31.9573 32.0196 31.9944 31.8567 31.8400 31.7776 31.7647 31.7772 31.7769 31.7746 31.7270 31.8040 31.8186 31.8185 31.7932
100.3000 98.5536 95.9255 96.3640 85.9530 80.7006 70.2498 65.3343 55.4263 47.1631 30.7598 31.8176 31.9154 31.4362 31.8119 31.7384 31.6555 31.7511 31.6382 31.5977 31.5939 31.5511 31.5379 31.5243 31.5331 31.5867 31.5610 31.5488 31.5880 31.6223 31.5952 31.6363 31.6008 31.5987 31.5881 31.5558 31.5558 31.5557 31.5452 31.5951 31.5681 31.5407 31.5282 31.5928 31.5928 31.6302 31.5928 31.6909 31.6909 31.8573 31.8572 31.9447 31.9426 31.9298 31.9047 31.8192 31.7920 31.7650 31.7773 31.8272 31.8165 31.8142 31.7540 31.6537 31.6683 31.6808 31.6555
99.4078 99.4076 101.5963 102.0348 93.2698 88.0175 75.1037 70.1883 52.4718 44.2085 31.3702 32.4279 32.6823 32.2031 31.7614 31.6879 31.5943 31.6564 31.5861 31.6160 31.6487 31.6434 31.6176 31.5335 31.5423 31.5173 31.4917 31.5309 31.5473 31.5935 31.5664 31.5730 31.5749 31.5649 31.5169 31.5354 31.5479 31.5490 31.5260 31.5261 31.4990 31.5029 31.4905 31.5299 31.5299 31.6678 31.6304 31.7409 31.7409 31.7823 31.7822 31.7946 31.7925 31.8924 31.8548 31.7692 31.7545 31.6775 31.7025 31.7752 31.7669 31.8419 31.8315 31.8688 31.8060 31.7935 31.7933
