regresion/ABRIL_2003/SeaWiFS/Composicion (Lt_490).txt
ncols         167
nrows         127
xllcorner     -112.014
yllcorner     26.717
cellsize      0.00899
[rows 0 to 28 of 127, columns 0 to 66 of 167]
52.9477 53.0139 53.0040 53.0215 52.9423 52.9422 52.9064 52.9063 52.8847 52.8930 52.8486 52.8482 52.8362 52.8006 52.8225 52.8225 52.7339 52.7690 52.7603 52.7162 52.6402 52.6755 52.7238 52.7415 52.7589 52.7452 52.7184 52.7226 52.6870 52.6559 52.6773 52.7125 52.6947 52.7079 52.6597 52.6065 52.6199 52.6500 52.6323 52.5969 52.5616 52.6761 52.6762 52.6313 52.6530 52.6225 52.6402 52.6133 52.6133 52.6486 52.6617 52.7453 52.7275 52.7231 52.7232 52.6170 52.5856 52.5193 52.4129 52.3953 52.3115 52.3156 52.1929 52.1354 52.1351 52.1486 52.1486
52.9381 52.9823 52.9776 52.9951 52.9950 52.9949 52.9811 52.9809 52.8982 52.9374 52.9242 52.9062 52.8882 52.8173 52.8567 52.8875 52.8123 52.7905 52.7101 52.6924 52.6747 52.6746 52.7803 52.8155 52.8504 52.7941 52.7630 52.7451 52.6920 52.6921 52.6782 52.6737 52.6999 52.7529 52.6779 52.6551 52.6335 52.6334 52.6200 52.5757 52.5404 52.6284 52.6284 52.6892 52.7110 52.7110 52.7286 52.6488 52.6488 52.6438 52.6613 52.7756 52.7754 52.7401 52.6737 52.5680 52.5547 52.4708 52.4528 52.4352 52.3694 52.3866 52.2588 52.2191 52.1661 52.1795 52.1795
52.8986 52.9646 52.9600 52.9951 52.9950 52.9949 52.9811 52.9852 52.9025 52.9196 52.9065 52.8885 52.8706 52.8173 52.8567 52.8875 52.8257 52.8038 52.6925 52.6747 52.6570 52.6568 52.7802 52.8154 52.8722 52.8160 52.7983 52.7803 52.7272 52.7273 52.7134 52.7088 52.6956 52.7486 52.6955 52.6728 52.6511 52.6510 52.6552 52.6109 52.5444 52.6324 52.6324 52.7245 52.7462 52.7639 52.7815 52.6664 52.6664 52.6221 52.6395 52.7579 52.7577 52.7048 52.6385 52.5680 52.5547 52.4708 52.4528 52.4351 52.3693 52.3690 52.2411 52.2544 52.2014 52.1443 52.1443
52.8775 52.9787 52.9608 52.9784 53.0178 53.0177 53.0350 53.0391 52.9243 52.9593 52.9946 52.9546 52.9056 52.9053 52.9312 52.8958 52.8382 52.8338 52.7101 52.7101 52.7058 52.7100 52.7626 52.8066 52.8328 52.8681 52.8326 52.7795 52.8143 52.7969 52.7436 52.7340 52.6899 52.7428 52.6898 52.6587 52.6546 52.6589 52.6632 52.6099 52.5609 52.6374 52.6767 52.7295 52.7296 52.7206 52.7734 52.7862 52.7862 52.7589 52.7764 52.8822 52.8688 52.7802 52.6788 52.5730 52.4712 52.4225 52.4753 52.4045 52.3294 52.3469 52.2722 52.2545 52.1838 52.0918 52.1044
52.8951 52.9787 52.9608 52.9784 53.0178 53.0528 53.0702 53.0567 52.9418 52.9593 52.9946 52.9546 52.9056 52.9187 52.9446 52.9091 52.8382 52.8338 52.6747 52.6747 52.6882 52.6924 52.7844 52.8284 52.8328 52.8681 52.8503 52.7971 52.8318 52.8144 52.7570 52.7474 52.7428 52.7957 52.7426 52.7116 52.6722 52.6765 52.6672 52.6139 52.6314 52.7079 52.7472 52.8177 52.8177 52.7735 52.8262 52.8173 52.8173 52.7764 52.7939 52.8118 52.7984 52.7274 52.6259 52.5771 52.4754 52.4577 52.5105 52.4222 52.3470 52.3646 52.2898 52.2680 52.1973 52.1445 52.1572
52.8993 52.9653 53.0181 53.0315 53.0890 53.1240 53.1283 53.1148 53.1143 53.1139 53.0789 53.0788 53.0205 53.0159 52.9936 52.9935 52.9582 52.8565 52.7639 52.7639 52.7548 52.7898 52.7407 52.7451 52.8814 52.9167 52.9559 52.9027 52.8497 52.8051 52.7610 52.7079 52.6196 52.6548 52.6020 52.5356 52.5356 52.5403 52.4958 52.5132 52.5172 52.5834 52.6362 52.7374 52.7726 52.7806 52.7982 52.7058 52.7058 52.6924 52.6923 52.7846 52.8198 52.7843 52.7663 52.6350 52.5291 52.4935 52.4007 52.3654 52.3964 52.3612 52.3384 52.3693 52.2459 52.2502 52.2146
52.7935 52.9653 53.0181 53.0490 53.1065 53.1106 53.1149 53.1324 53.1319 53.1139 53.0789 53.0611 53.0029 52.9807 52.9584 52.9582 52.9404 52.8388 52.7815 52.7815 52.7724 52.8074 52.7230 52.7275 52.8638 52.8991 52.9382 52.8849 52.8631 52.8185 52.7610 52.7079 52.6019 52.6372 52.5844 52.5180 52.5220 52.5267 52.5310 52.5485 52.5701 52.6362 52.6891 52.7726 52.8078 52.8115 52.8292 52.7585 52.7585 52.7100 52.7099 52.7670 52.8022 52.7356 52.7176 52.6173 52.5113 52.5111 52.4183 52.4183 52.4492 52.3923 52.3695 52.3869 52.2634 52.2326 52.1970
52.8775 53.0184 53.0358 53.1060 53.1983 53.2024 53.2196 53.2371 53.2013 53.1657 53.1262 53.1085 53.0907 53.1082 53.0157 53.0155 53.0154 53.0151 52.8967 52.8437 52.8081 52.7903 52.6710 52.6888 52.7454 52.7228 52.8460 52.8413 52.8017 52.7310 52.7309 52.7310 52.6208 52.6074 52.6423 52.5934 52.5841 52.5970 52.5836 52.5305 52.6360 52.6316 52.6668 52.7674 52.7674 52.7939 52.7898 52.7234 52.7234 52.7628 52.7628 52.6661 52.7189 52.5999 52.5600 52.5240 52.5236 52.5236 52.4349 52.4350 52.4080 52.3862 52.4038 52.4258 52.3026 52.2848 52.2315
52.9655 53.0712 53.0885 53.1102 53.2025 53.2024 53.2196 53.2371 53.2013 53.1657 53.1262 53.0865 53.0687 53.0729 52.9804 52.9802 52.9978 52.9975 52.9143 52.8613 52.8123 52.7945 52.6887 52.7064 52.7453 52.7227 52.8107 52.8060 52.7841 52.7134 52.7309 52.7310 52.6383 52.6249 52.6950 52.6461 52.6370 52.6499 52.6012 52.5481 52.6536 52.6492 52.6844 52.7807 52.7807 52.8291 52.8250 52.7763 52.7763 52.8156 52.8156 52.7055 52.7583 52.6174 52.5775 52.4888 52.4884 52.4531 52.3645 52.4484 52.4214 52.4213 52.4389 52.4610 52.3378 52.3024 52.2491
53.0005 53.1062 53.0707 53.1100 53.1804 53.1803 53.2850 53.3025 53.2884 53.2219 53.1823 53.1247 53.1248 53.1071 53.0145 53.0144 52.9668 53.0372 53.0193 52.9972 52.8954 52.8642 52.8155 52.8508 52.7049 52.7006 52.7579 52.7400 52.7534 52.7180 52.6914 52.7140 52.7138 52.6828 52.7177 52.6952 52.6860 52.6506 52.6898 52.6322 52.6849 52.6977 52.6977 52.8033 52.7817 52.7948 52.8124 52.7991 52.7991 52.7676 52.7851 52.7232 52.7365 52.6480 52.6655 52.5769 52.5537 52.5712 52.5181 52.5668 52.4608 52.4082 52.4254 52.4079 52.2849 52.2671 52.2365
52.9258 53.1414 53.0927 53.1454 53.1451 53.1449 53.3203 53.3202 53.3281 53.2881 53.2309 53.1954 53.1911 53.1732 53.0674 53.0276 52.9977 52.9975 52.9661 53.0013 52.9128 52.8995 52.8153 52.8506 52.7446 52.7579 52.7182 52.7004 52.6785 52.6430 52.7091 52.7316 52.7444 52.7133 52.7351 52.6817 52.6331 52.6330 52.7075 52.6365 52.6891 52.7371 52.7371 52.7636 52.7419 52.7771 52.7948 52.7991 52.7991 52.7985 52.7630 52.7363 52.7714 52.7183 52.7184 52.6650 52.5934 52.5892 52.6021 52.5491 52.4431 52.4258 52.4254 52.3724 52.3373 52.3900 52.3594
52.8773 53.0929 53.0574 53.1100 53.1399 53.1398 53.2891 53.2890 53.3062 53.2662 53.2131 53.1776 53.1961 53.1781 53.1255 53.0857 52.9621 52.9619 52.9133 52.9485 52.9348 52.9214 52.7928 52.8413 52.7747 52.7392 52.6820 52.6996 52.6913 52.6606 52.7308 52.7353 52.7304 52.6948 52.7694 52.6984 52.6716 52.6982 52.7333 52.6844 52.7018 52.7016 52.7016 52.7284 52.6891 52.7464 52.7816 52.8041 52.8041 52.7463 52.7109 52.6837 52.7189 52.7188 52.7189 52.6788 52.5768 52.5198 52.5326 52.5151 52.3914 52.4091 52.4305 52.3775 52.3424 52.3951 52.3949
52.8638 52.9518 53.0047 53.1455 53.1975 53.2501 53.3288 53.3420 53.4432 53.3899 53.3896 53.2613 53.2622 53.2266 53.1916 53.1561 53.0543 53.0543 52.9837 52.9131 52.9171 52.9257 52.8501 52.8810 52.7879 52.7525 52.7173 52.7349 52.6866 52.6560 52.7615 52.7660 52.7699 52.7343 52.7382 52.7028 52.6893 52.6673 52.6847 52.6490 52.6624 52.6269 52.6269 52.6928 52.6536 52.6537 52.6889 52.7643 52.7643 52.7548 52.7194 52.7542 52.7188 52.7011 52.7230 52.6652 52.6297 52.5903 52.6208 52.6387 52.5676 52.4972 52.4439 52.3949 52.3290 52.3816 52.3814
52.9343 53.0223 53.0700 53.1975 53.2015 53.2541 53.3066 53.3198 53.4255 53.3722 53.3420 53.2136 53.2273 53.1917 53.1389 53.1034 53.0722 53.0722 53.0007 52.9300 52.8902 52.8987 52.8282 52.8459 52.7353 52.7173 52.7307 52.7359 52.6917 52.6427 52.7306 52.6952 52.7342 52.7343 52.7072 52.6621 52.6797 52.6134 52.6132 52.5953 52.5910 52.6084 52.6219 52.6443 52.6444 52.6401 52.6402 52.7104 52.7104 52.7054 52.6699 52.7005 52.6650 52.6081 52.6301 52.5948 52.6123 52.6084 52.6389 52.6213 52.5022 52.4669 52.4271 52.3958 52.3299 52.3646 52.3821
53.0094 53.0622 53.0569 53.2371 53.2764 53.3072 53.3025 53.3024 53.3546 53.4030 53.3376 53.3019 53.3332 53.2312 53.1608 53.1076 53.0369 53.0589 53.0228 52.9564 52.8813 52.8634 52.7533 52.7710 52.7176 52.6952 52.7043 52.7094 52.6564 52.6074 52.6466 52.6111 52.7343 52.7343 52.7468 52.6663 52.7014 52.6839 52.6445 52.6265 52.6088 52.6174 52.6308 52.6047 52.6048 52.5869 52.5869 52.6085 52.6085 52.6170 52.6919 52.6521 52.5990 52.6125 52.6475 52.6257 52.6036 52.6391 52.6523 52.6171 52.5509 52.4803 52.4975 52.4485 52.4353 52.4526 52.4700
53.0084 53.0612 53.0962 53.2899 53.2894 53.3203 53.3376 53.3374 53.2894 53.3377 53.3864 53.3507 53.2979 53.1959 53.2312 53.1780 53.0671 53.0892 53.0009 52.9345 52.8110 52.7931 52.7707 52.7532 52.6698 52.6476 52.6742 52.6786 52.6607 52.5898 52.6641 52.6816 52.7737 52.7864 52.8123 52.7368 52.7192 52.7013 52.6443 52.6266 52.6223 52.5696 52.6048 52.5870 52.6398 52.6219 52.5910 52.5950 52.5950 52.6077 52.6826 52.6473 52.5941 52.6290 52.6640 52.6249 52.6381 52.6206 52.6387 52.6387 52.6207 52.5325 52.4789 52.4298 52.4341 52.4339 52.4474
53.0257 53.0785 53.1313 53.2546 53.2188 53.3202 53.3682 53.3328 53.2144 53.1966 53.2233 53.1700 53.1742 53.1649 53.2002 53.1824 53.0538 53.0185 52.9126 52.9345 52.8420 52.8065 52.7839 52.7664 52.6653 52.6431 52.6563 52.6608 52.6648 52.5939 52.6508 52.6683 52.8131 52.8258 52.9181 52.8779 52.8386 52.8207 52.7679 52.6927 52.6709 52.6051 52.6403 52.6047 52.6575 52.6613 52.6304 52.5859 52.5859 52.5415 52.6120 52.6294 52.6469 52.6601 52.6776 52.6602 52.6513 52.6514 52.6208 52.6207 52.6559 52.5720 52.5580 52.4561 52.4736 52.4735 52.4870
53.0091 53.0619 53.1276 53.2156 53.2240 53.3254 53.3381 53.3027 53.1926 53.1748 53.2278 53.1744 53.2094 53.2001 53.1600 53.1421 53.0360 53.0006 52.8775 52.8994 52.8421 52.8066 52.7010 52.7011 52.6967 52.6435 52.6433 52.6431 52.6999 52.6772 52.6855 52.6851 52.8610 52.8566 52.9490 52.9486 52.8916 52.8208 52.7638 52.6804 52.6979 52.6226 52.6578 52.6221 52.6397 52.6612 52.6655 52.6117 52.6117 52.5766 52.6471 52.6469 52.6644 52.6294 52.6468 52.6124 52.5858 52.6211 52.6386 52.6033 52.6385 52.5896 52.6109 52.5092 52.5040 52.5039 52.5039
53.0435 53.0654 53.1325 53.2340 53.2691 53.3395 53.2685 53.2684 53.2107 53.0868 53.1348 53.1433 53.1431 53.0722 53.0548 53.0546 52.9484 52.8821 52.7764 52.8071 52.7365 52.7366 52.7186 52.7188 52.7497 52.7849 52.7888 52.7305 52.7343 52.7520 52.8088 52.7908 52.8300 52.7901 52.8210 52.8920 52.8392 52.8389 52.7776 52.7821 52.7818 52.7284 52.7636 52.7011 52.7187 52.6959 52.7002 52.5588 52.5588 52.5938 52.5938 52.5721 52.6911 52.6477 52.6256 52.5860 52.5858 52.6033 52.6207 52.6073 52.5361 52.5181 52.6281 52.5927 52.6276 52.5921 52.5921
53.0215 53.0435 53.0622 53.1989 53.2691 53.3395 53.2995 53.2994 53.2152 53.0913 53.0997 53.1082 53.1256 53.0547 53.0942 53.0940 52.9309 52.8646 52.7940 52.8248 52.6839 52.6839 52.7146 52.7367 52.7541 52.7673 52.8767 52.8184 52.7384 52.7561 52.8440 52.8216 52.8608 52.8253 52.8210 52.8745 52.7999 52.8216 52.8172 52.8172 52.7994 52.7460 52.7636 52.7188 52.7230 52.6607 52.6607 52.5413 52.5413 52.5762 52.5762 52.4842 52.6033 52.6084 52.5863 52.5685 52.5683 52.5331 52.5504 52.5895 52.5183 52.4654 52.5753 52.5751 52.6100 52.6098 52.6098
53.0052 53.0583 53.0577 53.1809 53.2338 53.2688 53.1935 53.1758 53.1033 53.0543 53.0721 53.0189 53.0363 53.0185 53.0580 53.0534 52.8963 52.8653 52.8434 52.8433 52.7202 52.7729 52.7862 52.8039 52.8607 52.8204 52.9298 52.8943 52.8452 52.8629 52.8273 52.8402 52.9104 52.8260 52.8392 52.8744 52.7645 52.7686 52.7466 52.6932 52.6931 52.7808 52.7984 52.8022 52.8064 52.6961 52.6962 52.6295 52.6295 52.6029 52.6381 52.5729 52.5729 52.5553 52.6038 52.5860 52.6256 52.5947 52.5718 52.6067 52.6284 52.6460 52.6987 52.6280 52.6807 52.6543 52.6591
53.0756 53.1286 53.1457 53.2120 53.1945 53.2295 53.1980 53.1803 53.1738 53.1248 53.0722 53.0190 53.0581 53.0403 53.0711 53.0665 53.0545 53.0236 52.9314 52.9312 52.7381 52.7909 52.8082 52.8039 52.9486 52.9083 52.9298 52.8767 52.8628 52.9113 52.8932 52.8930 52.9104 52.8261 52.8351 52.8703 52.8173 52.8390 52.7994 52.7460 52.7283 52.8160 52.8203 52.8020 52.8020 52.6961 52.6786 52.6119 52.6119 52.4975 52.5326 52.5732 52.5732 52.5377 52.5862 52.5509 52.5905 52.6120 52.5891 52.6243 52.6460 52.6636 52.7163 52.6456 52.6983 52.6546 52.6594
53.0360 53.0579 53.0927 53.1765 53.1101 53.0571 53.1446 53.1310 53.0907 53.0198 52.9672 53.0375 53.0943 53.1248 53.1427 53.1427 53.1385 53.1429 53.0197 53.0019 52.7911 52.7953 52.8420 52.8377 52.9998 52.9823 53.0172 53.2471 53.2334 53.2109 53.1531 52.9114 52.9465 52.9110 52.9419 52.8888 52.8183 52.8266 52.8223 52.7639 52.7327 52.7503 52.7545 52.6969 52.6969 52.7628 52.7453 52.6655 52.6655 52.5378 52.5376 52.5555 52.5906 52.5022 52.5023 52.5066 52.5367 52.5364 52.5715 52.6067 52.5930 52.6106 52.6765 52.6720 52.7474 52.6772 52.6770
53.0009 53.0361 53.0404 53.1107 53.0089 52.9559 52.8448 52.8313 52.8797 52.8221 52.8791 52.9318 52.9975 53.0500 53.0417 53.0417 53.0024 52.9714 53.0244 53.0243 52.8835 52.8657 53.0002 52.9784 53.0702 53.0879 53.1226 53.3833 53.4006 53.3473 53.2633 53.0216 52.9953 52.9422 52.9108 52.9153 52.8624 52.7912 52.8044 52.7989 52.7720 52.7323 52.7148 52.7099 52.6748 52.6436 52.5734 52.5951 52.5951 52.6086 52.5422 52.5379 52.5554 52.4846 52.5198 52.5413 52.5364 52.5364 52.5846 52.6023 52.5711 52.5887 52.6238 52.6197 52.7303 52.6596 52.6594
53.0529 53.1233 53.1225 53.1049 53.0030 52.9542 52.8482 52.7952 52.8083 52.7859 52.8429 52.8955 52.9849 53.0510 53.0199 53.0199 53.0023 52.9713 53.0243 53.0241 52.9663 52.9485 53.0052 52.9833 53.0181 53.0358 53.0882 53.3363 53.3537 53.4419 53.3714 53.3890 53.3668 52.9243 52.9107 52.9152 52.8799 52.8559 52.8557 52.8376 52.8592 52.8196 52.8020 52.7796 52.7444 52.6310 52.5607 52.5742 52.5742 52.6095 52.5431 52.5032 52.5207 52.4981 52.5334 52.5725 52.5546 52.5370 52.5678 52.5853 52.5718 52.5895 52.6111 52.6598 52.7477 52.6947 52.7122
53.0750 53.1279 53.0916 53.0037 52.9502 52.9014 52.8220 52.7690 52.8081 52.8431 52.8739 52.8912 52.9675 52.9806 52.9319 52.9008 52.9320 52.9320 52.9010 52.9009 52.9662 52.9795 52.9964 52.9965 53.0354 53.0311 53.1190 53.3891 53.3537 53.4419 53.4025 53.3674 53.3361 52.9509 52.9506 52.9682 52.9638 52.9223 52.9130 52.7978 52.8328 52.8153 52.7977 52.7972 52.6918 52.6311 52.5918 52.5260 52.5260 52.6316 52.5961 52.5387 52.5385 52.4983 52.5158 52.5549 52.5854 52.5326 52.4975 52.5326 52.5367 52.5546 52.5586 52.6114 52.6817 52.7342 52.7517
53.0697 53.1225 53.0916 53.0037 52.9502 52.9014 52.8220 52.7690 52.7955 52.8305 52.8611 52.8783 52.9312 52.9443 52.9310 52.9000 52.9311 52.9312 52.9128 52.9126 52.9477 52.9609 52.9779 52.9780 53.0168 53.0008 53.0887 53.2122 53.1768 53.1234 53.0839 53.0488 53.0176 53.0166 53.0163 52.9453 52.9408 52.8877 52.8785 52.8340 52.8690 52.8159 52.7983 52.8031 52.6976 52.6488 52.6095 52.5437 52.5437 52.5962 52.5607 52.5329 52.5327 52.4975 52.5150 52.5540 52.5845 52.5318 52.5025 52.5376 52.5240 52.5419 52.5592 52.6120 52.6648 52.7174 52.7475
52.9861 53.0389 53.0210 52.9858 52.9279 52.8967 52.8397 52.8394 52.8792 52.8791 52.8966 52.8436 52.8833 52.8475 52.8785 52.8607 52.8475 52.9002 52.9655 52.9964 52.9827 52.9959 53.0702 53.0483 53.1005 53.0889 53.0710 53.1945 53.1420 53.0887 53.0882 53.0927 53.0573 52.9991 52.9635 52.8527 52.9271 52.9447 52.8742 52.8341 52.8340 52.7806 52.7280 52.7371 52.6803 52.6668 52.6668 52.6668 52.6668 52.4904 52.5432 52.5154 52.4932 52.5147 52.5146 52.4970 52.4614 52.4613 52.5065 52.5244 52.4757 52.5244 52.5417 52.6648 52.6649 52.6822 52.7123
52.9861 53.0389 53.0210 52.9858 52.9102 52.8790 52.8271 52.8268 52.8969 52.8968 52.8966 52.8436 52.8833 52.8475 52.8734 52.8556 52.8424 52.8951 52.9478 52.9787 52.9473 52.9605 53.0576 53.0357 53.0879 53.0878 53.0699 53.1051 53.0527 53.0170 53.0166 53.0868 53.0513 52.9451 52.9096 52.8519 52.9262 52.9439 52.8733 52.8037 52.8037 52.7857 52.7330 52.7725 52.7157 52.6668 52.6668 52.6615 52.6615 52.5208 52.5736 52.5163 52.4940 52.5155 52.5155 52.4625 52.4495 52.4494 52.4888 52.5067 52.4757 52.5244 52.5417 52.6648 52.6767 52.6940 52.6938
