regresion/ABRIL_2003/MODIS/Composicion (B12).txt
ncols         167
nrows         127
xllcorner     -112.012
yllcorner     26.720
cellsize      0.00898
[rows 87 to 115 of 127, columns 67 to 133 of 167]
39.5531 39.5996 39.7005 39.7598 39.8826 39.9457 39.9754 40.1215 40.3028 40.2327 40.1584 40.0538 39.8960 39.8157 39.6755 39.6202 39.6304 39.6778 39.7122 39.6395 39.5227 39.4444 39.4775 39.4900 39.5126 39.5484 39.6438 39.7342 39.8506 39.9013 39.9686 40.0196 39.9781 39.9462 39.9015 39.9191 40.0131 40.1175 40.0568 39.9644 39.8253 39.6616 39.5266 39.5532 39.6563 39.7119 39.7600 39.7376 39.8048 39.8124 39.8683 39.9231 39.9268 39.9238 39.9126 39.9155 39.8950 39.9082 39.9257 40.0160 40.0684 40.1316 40.1308 40.1547 40.2394 40.2546 40.2382
39.6151 39.6788 39.7922 39.8466 39.8747 39.9431 39.9530 40.0673 40.1877 40.1947 40.1057 39.9805 39.7267 39.7199 39.5410 39.5897 39.5801 39.6469 39.6353 39.5286 39.3057 39.2870 39.3676 39.4288 39.4046 39.4681 39.5248 39.5957 39.6620 39.7049 39.8302 39.9179 39.9146 39.8895 39.8462 39.8826 40.0065 40.0948 40.0383 39.9283 39.7696 39.6219 39.5442 39.5581 39.6333 39.6770 39.7721 39.7449 39.7955 39.8280 39.8598 39.9025 39.8811 39.8852 39.8730 39.8721 39.9177 39.9265 39.9076 39.8391 39.7503 39.8000 39.8532 39.8840 39.9848 40.0802 40.1492
39.6424 39.6882 39.7159 39.8475 39.9176 39.8915 39.9069 39.9822 40.0717 40.0492 39.9414 39.9003 39.8820 39.9235 39.6832 39.7074 39.6542 39.6288 39.5653 39.4467 39.4119 39.2994 39.3011 39.4177 39.4095 39.5114 39.6107 39.6905 39.7490 39.7868 39.8856 39.9034 39.8362 39.8269 39.8077 39.8370 39.9286 39.9497 39.9383 39.8730 39.6952 39.5903 39.5830 39.5847 39.6580 39.6964 39.7656 39.7112 39.7672 39.8051 39.8861 39.9132 39.8978 39.9193 39.9030 39.8646 39.8916 39.8922 39.8065 39.7214 39.6455 39.6503 39.6822 39.7584 39.7990 39.8378 39.9467
39.7315 39.7578 39.7137 39.7902 39.7543 39.7736 39.7719 39.8994 39.9290 39.8828 39.7677 39.6628 39.5860 39.5938 39.5126 39.5745 39.5132 39.5103 39.4407 39.3508 39.4041 39.4236 39.4690 39.5188 39.4759 39.5698 39.6150 39.6787 39.7362 39.7700 39.8802 39.8581 39.8084 39.8088 39.8978 39.8794 39.8665 39.8746 39.8559 39.7536 39.6398 39.5868 39.5887 39.6563 39.6929 39.6815 39.7418 39.7397 39.6998 39.7462 39.8368 39.8930 39.8529 39.8545 39.8057 39.7742 39.7045 39.6461 39.5980 39.5584 39.4886 39.5497 39.5999 39.6410 39.6878 39.7718 39.8808
39.7691 39.8094 39.7318 39.7121 39.7307 39.6527 39.5921 39.6166 39.5527 39.4790 39.4478 39.3857 39.4378 39.4948 39.4532 39.3926 39.4094 39.4526 39.4190 39.3922 39.4148 39.4874 39.5381 39.5885 39.5725 39.6164 39.7030 39.7545 39.7932 39.8426 39.9064 39.8344 39.7312 39.6909 39.7645 39.7395 39.8241 39.9030 39.9181 39.7919 39.6758 39.5516 39.5277 39.5786 39.5529 39.5698 39.5832 39.5567 39.5200 39.4910 39.6679 39.7098 39.6095 39.5804 39.5419 39.5006 39.4962 39.5233 39.5197 39.4358 39.4934 39.5555 39.5723 39.6199 39.6441 39.6237 39.7504
39.7491 39.8231 39.7420 39.6340 39.5848 39.5319 39.4343 39.4550 39.3796 39.2405 39.1799 39.2895 39.3548 39.3467 39.3643 39.2657 39.3539 39.4013 39.4140 39.4327 39.4011 39.5110 39.4928 39.5718 39.5425 39.6376 39.8096 39.9135 39.9655 40.0154 39.9679 39.8959 39.7348 39.6878 39.7621 39.7007 39.8189 39.8945 39.8417 39.7341 39.7278 39.6747 39.6281 39.6172 39.5551 39.4989 39.4035 39.4061 39.2268 39.2812 39.4231 39.5065 39.6117 39.5303 39.5106 39.4746 39.4844 39.4879 39.5354 39.5272 39.5570 39.5706 39.5217 39.5346 39.4728 39.4780 39.5451
39.6369 39.7690 39.7205 39.7226 39.6110 39.5217 39.4539 39.4422 39.3235 39.2600 39.3154 39.3226 39.2286 39.1990 39.0972 39.0326 39.1726 39.2694 39.3738 39.4050 39.3517 39.3715 39.4330 39.5168 39.5242 39.6714 39.8310 39.9703 39.9829 40.0816 40.0697 39.9925 39.8115 39.7906 39.7717 39.6912 39.7640 39.8032 39.8326 39.6937 39.6724 39.5379 39.4305 39.3811 39.3181 39.3897 39.4183 39.3782 39.4350 39.4327 39.4869 39.5075 39.4615 39.4041 39.3456 39.2587 39.2616 39.3170 39.3932 39.4371 39.4636 39.4449 39.4485 39.3981 39.3403 39.4089 39.4630
39.6548 39.7193 39.6467 39.5780 39.4717 39.4262 39.3433 39.3117 39.3446 39.4568 39.3725 39.3276 39.1566 39.0937 39.0102 39.0048 38.9891 39.1393 39.2792 39.3298 39.2878 39.2483 39.4465 39.5392 39.5139 39.6511 39.8304 39.9035 39.8685 39.9661 39.9970 39.8693 39.7810 39.8421 39.8486 39.8192 39.8314 39.8238 39.7522 39.6515 39.5519 39.5431 39.4618 39.3993 39.3669 39.3712 39.3402 39.2572 39.1326 39.1273 39.3164 39.4215 39.3322 39.2426 39.1495 39.0629 39.1224 39.1827 39.2409 39.3200 39.3719 39.3913 39.3861 39.3770 39.3090 39.3749 39.4192
39.8048 39.7755 39.7600 39.6844 39.5936 39.3585 39.2071 39.1741 39.1812 39.2787 39.2551 39.2243 39.1576 39.1046 39.1341 39.1295 39.0324 39.0639 39.2200 39.2380 39.1135 39.1718 39.3711 39.4392 39.4406 39.6650 39.8107 39.8549 39.7503 39.8196 39.8186 39.7965 39.7809 39.8535 39.8835 39.8878 39.8661 39.8341 39.7239 39.6440 39.5564 39.4280 39.2830 39.2149 39.2065 39.1776 39.1613 39.0685 38.8953 38.8436 39.0354 39.0828 39.1319 39.1040 39.0860 39.0742 39.1239 39.1186 39.2685 39.3123 39.3796 39.3691 39.3408 39.3438 39.2624 39.1933 39.2650
39.8520 39.7021 39.6888 39.6941 39.6207 39.4285 39.3291 39.2916 39.2666 39.2639 39.3503 39.1965 39.0716 39.0356 39.0743 39.1111 39.0630 39.0865 39.1259 39.1878 39.4001 39.4016 39.4047 39.3030 39.3084 39.4887 39.6400 39.6965 39.6574 39.7105 39.8123 39.8829 39.8110 39.9175 39.9444 39.9650 39.9071 39.8032 39.6528 39.5165 39.3673 39.0989 38.9555 38.9406 38.9501 38.9642 39.0072 38.9188 38.7644 38.6996 38.7718 38.8503 38.8816 38.9167 38.9967 38.9636 39.0195 39.0661 39.1299 39.2513 39.3312 39.4298 39.4186 39.4669 39.3846 39.2557 39.1866
40.0317 39.9325 39.9224 39.8161 39.6372 39.5090 39.3819 39.3523 39.3799 39.2922 39.2555 39.2417 39.0875 39.1273 39.0788 39.1317 39.0243 39.0051 39.0502 39.1329 39.0505 39.0525 39.1966 39.2285 39.2913 39.5760 39.6174 39.5942 39.5838 39.6532 39.7615 39.8113 39.7889 39.8322 39.7795 39.8028 39.7604 39.6595 39.5600 39.4266 39.2565 39.0277 38.8915 38.8199 38.8094 38.7873 38.8149 38.7711 38.6368 38.5920 38.6296 38.6901 38.7110 38.7742 38.9252 38.9218 38.9188 38.9587 39.0020 39.0896 39.2179 39.3389 39.3479 39.4563 39.3591 39.1958 39.1308
40.0626 40.0188 40.0289 39.8909 39.7808 39.6257 39.4721 39.4478 39.3910 39.3060 39.2676 39.2014 39.1180 39.1263 39.0573 39.1037 39.0439 39.2058 39.2603 39.2333 39.3111 39.3400 39.2164 39.2107 39.2389 39.2869 39.4083 39.4047 39.3634 39.4150 39.5611 39.7131 39.6733 39.6687 39.6298 39.6897 39.6527 39.6336 39.5362 39.4092 39.2085 38.9732 38.8414 38.8067 38.7334 38.6915 38.7336 38.6922 38.6107 38.5281 38.6415 38.7429 38.8178 38.8645 38.8951 38.8210 38.8361 38.8788 38.9301 39.1173 39.2157 39.2926 39.2928 39.3373 39.2365 39.2155 39.1199
40.0097 40.0382 40.0062 39.9319 39.9113 39.6872 39.4478 39.4350 39.3032 39.2490 39.1850 39.0928 39.0020 39.0954 39.1472 39.2205 39.2476 39.3484 39.4029 39.2818 39.2021 39.0744 38.9009 39.0216 38.9496 39.0599 39.2590 39.2022 39.3009 39.3287 39.4219 39.5362 39.4916 39.5035 39.4843 39.5472 39.5531 39.5854 39.4957 39.3695 39.1014 38.8736 38.7604 38.7130 38.5470 38.5548 38.5875 38.6041 38.4724 38.4157 38.5968 38.7058 38.8464 38.8887 38.8688 38.7551 38.7575 38.7694 38.9150 39.0915 39.1886 39.2184 39.2018 39.1760 39.1182 39.1558 39.1341
39.9178 39.9616 39.9101 39.9108 39.9212 39.6779 39.4471 39.4236 39.3331 39.2338 39.2010 39.2186 39.2264 39.2616 39.1539 39.1363 39.1016 39.1128 39.1418 39.1367 39.0699 38.9125 38.8440 38.9250 38.8404 38.8974 38.9815 38.9083 39.0575 39.1884 39.3983 39.5712 39.5296 39.4764 39.4258 39.4649 39.4732 39.4943 39.4081 39.3410 39.0715 38.7840 38.6058 38.4770 38.2607 38.2258 38.2412 38.2879 38.1885 38.2682 38.5312 38.6278 38.8237 38.8677 38.8173 38.6999 38.7469 38.7100 38.8451 38.9240 39.0497 39.0217 39.0236 39.0547 39.0777 39.1296 39.0855
39.6366 39.6728 39.6471 39.6932 39.8439 39.7015 39.5406 39.4562 39.3905 39.3016 39.2273 39.2251 39.1328 39.1750 39.1051 39.0982 39.0465 39.0652 39.0398 39.1134 39.0494 38.8880 38.8183 38.9055 38.8191 38.8141 38.7885 38.8076 38.9818 39.0921 39.3402 39.4714 39.3781 39.3155 39.2829 39.3772 39.3865 39.3909 39.3407 39.2414 39.0218 38.7214 38.5832 38.4911 38.2479 38.0336 38.0758 37.9777 37.8008 37.8962 38.3671 38.5194 38.6981 38.6951 38.6638 38.5499 38.6495 38.6959 38.7407 38.8234 38.9837 39.0739 39.0465 39.0934 39.1136 39.1111 39.1100
39.5744 39.5016 39.4345 39.3048 39.3569 39.4002 39.4862 39.4163 39.4013 39.3510 39.3594 39.2412 39.1399 39.1277 39.0267 38.9858 38.9223 38.9667 38.9858 38.9915 39.0618 38.8459 38.7976 38.8968 38.7923 38.7912 38.7030 38.8135 38.9786 39.1618 39.2882 39.3825 39.3219 39.2313 39.1769 39.2342 39.2602 39.2421 39.2070 38.9985 38.8494 38.5392 38.3361 38.1677 38.0067 37.9376 37.9424 38.0046 37.8873 37.9345 38.0938 38.1542 38.4865 38.5230 38.4379 38.4605 38.5452 38.6062 38.6279 38.7242 38.8641 38.9759 38.9545 39.0231 39.0509 39.0277 38.9614
39.4759 39.4300 39.3936 39.1806 39.0597 38.9041 38.9932 38.9400 39.1418 39.2279 39.2518 39.2009 39.0593 39.0270 38.9092 38.8609 38.7683 38.7487 38.7841 38.8101 38.8926 38.8216 38.8438 38.7877 38.7055 38.6565 38.7356 38.9254 39.0375 39.1350 39.1506 39.1278 39.1157 39.1410 39.1128 39.1532 39.1369 39.1288 39.0415 38.8878 38.7008 38.4826 38.2987 38.0576 37.8721 37.7072 37.6582 37.6612 37.6698 37.7373 38.1132 38.2039 38.4392 38.5171 38.5117 38.4777 38.4217 38.4264 38.5073 38.7064 38.7080 38.7271 38.6949 38.7522 38.8020 38.8625 38.8017
39.4186 39.3034 39.2698 39.1268 38.9387 38.8826 38.8478 38.8459 38.9520 38.9522 38.9431 38.9249 38.9480 38.9051 38.8942 38.7793 38.5902 38.6229 38.6502 38.7844 38.9333 38.8791 38.8298 38.6218 38.5919 38.6034 38.7705 38.9408 38.9621 39.0460 38.9255 38.8762 38.8141 38.9036 38.9459 39.0177 38.9712 38.8556 38.7174 38.5531 38.4298 38.2227 38.1101 37.9516 37.8722 37.7664 37.7549 37.6332 37.5885 37.8136 37.9341 38.0397 38.0106 38.2003 38.2357 38.1466 38.2305 38.2434 38.3505 38.4593 38.5275 38.5734 38.5601 38.6487 38.6912 38.6863 38.6690
39.3720 39.2869 39.2539 39.1038 38.9757 38.7400 38.7969 38.7882 38.8897 38.8874 38.7940 38.6995 38.6320 38.6150 38.6448 38.7859 38.7006 38.8885 38.8600 38.9527 38.9161 38.7719 38.6198 38.5396 38.5002 38.5679 38.7219 38.8921 38.8466 38.8956 38.7145 38.5965 38.5664 38.6409 38.7285 38.8445 38.7982 38.6676 38.4780 38.3200 38.3026 38.0779 37.8925 37.8031 37.7823 37.6637 37.6156 37.4875 37.3231 37.4540 37.5267 37.6989 37.8871 38.0228 38.1375 38.2119 38.3665 38.3940 38.4484 38.4588 38.4399 38.4740 38.4151 38.4112 38.5158 38.5828 38.5470
39.2583 39.1379 39.0886 38.9613 38.8515 38.8586 38.7898 38.7590 38.6775 38.6593 38.5731 38.6453 38.6541 38.6002 38.6005 38.5097 38.7027 38.9745 38.9750 38.8321 38.7437 38.5788 38.5319 38.4985 38.4842 38.5396 38.7053 38.8203 38.6389 38.6292 38.4499 38.3371 38.4349 38.4211 38.4276 38.6929 38.5870 38.4393 38.1657 38.0183 37.9223 37.6788 37.5242 37.4812 37.5136 37.4702 37.4658 37.3748 37.2659 37.3947 37.6397 37.7671 37.9656 38.0583 38.1036 38.1795 38.2721 38.3034 38.3422 38.3999 38.3634 38.4084 38.4167 38.3244 38.4006 38.4586 38.4615
39.1366 39.0297 39.0062 38.8613 38.7198 38.6764 38.7155 38.6339 38.7189 38.6061 38.6351 38.5734 38.6035 38.5706 38.5622 38.7377 38.7093 38.7300 38.7697 38.7580 38.5393 38.4155 38.3845 38.4267 38.4405 38.4707 38.5374 38.6377 38.2871 38.2839 38.1060 38.1338 38.2776 38.1495 38.1127 38.3305 38.1814 37.9615 37.7508 37.7284 37.6611 37.5309 37.4335 37.3989 37.4167 37.3591 37.3457 37.2688 37.1790 37.2696 37.4381 37.4924 37.7201 37.9246 37.9340 37.8720 37.8885 37.9247 38.1593 38.2558 38.2846 38.3831 38.3866 38.3596 38.3915 38.5163 38.4893
39.1096 39.0324 39.0134 38.8677 38.7274 38.6646 38.6491 38.6162 38.6942 38.7015 38.6915 38.5666 38.7194 38.6921 38.7184 38.7148 38.5838 38.3067 38.3344 38.4254 38.3416 38.4290 38.3467 38.3528 38.3817 38.2946 38.5004 38.3465 37.9212 37.9325 37.8757 37.8299 37.8365 37.7624 37.7377 37.8657 37.9562 37.8337 37.7199 37.6517 37.5838 37.4741 37.4265 37.4153 37.3781 37.3261 37.3173 37.2979 37.1610 37.2548 37.4186 37.4285 37.5834 37.7227 37.7992 37.8103 37.8521 37.8639 37.9855 38.0772 38.1696 38.3319 38.3407 38.3538 38.3503 38.3041 38.3550
39.2237 39.1688 39.1108 38.9463 38.8283 38.7750 38.7933 38.7816 38.7911 38.8463 38.8632 38.8398 38.7791 38.7675 38.6906 38.5326 38.2508 38.0878 38.0462 38.0748 38.2597 38.3834 38.3692 38.3429 38.3256 38.1778 38.2232 38.0434 37.8401 37.9293 37.8274 37.8808 37.6896 37.6194 37.5775 37.6418 37.7077 37.6690 37.6417 37.6019 37.5603 37.4759 37.4034 37.3850 37.3702 37.3414 37.3479 37.3238 37.2124 37.2574 37.4653 37.4635 37.5167 37.6826 37.8440 37.8106 37.7632 37.7551 37.8014 37.8504 37.9792 38.1446 38.1337 38.2203 38.1839 38.1961 38.2564
39.3057 39.2445 39.1325 39.0193 38.9218 38.8579 38.9019 38.8523 38.9163 38.8769 38.7629 38.6392 38.6066 38.6178 38.4290 38.1448 37.8608 37.7326 37.7104 37.8615 38.1017 38.2616 38.2141 38.2407 38.2779 38.0757 37.8473 37.6671 37.5602 37.6162 37.6583 37.6204 37.5676 37.5094 37.4795 37.4930 37.5567 37.5177 37.5653 37.5640 37.4835 37.4284 37.4151 37.3626 37.3259 37.3501 37.3765 37.2982 37.2425 37.3633 37.4439 37.4589 37.5771 37.7323 37.8285 37.7349 37.6524 37.6667 37.6444 37.6666 37.8285 38.0023 37.9222 38.0145 38.0508 38.1630 38.1223
39.3267 39.2931 39.2323 39.0825 38.9890 38.9777 38.8175 38.8080 38.8829 38.7579 38.5991 38.5681 38.3442 38.3111 37.9693 37.7999 37.6755 37.6183 37.6415 37.9172 38.0089 38.0889 38.1525 38.1090 38.1677 37.9063 37.5611 37.4520 37.4327 37.4469 37.4234 37.3771 37.3558 37.3861 37.3537 37.3362 37.3867 37.4569 37.5322 37.5077 37.4310 37.3833 37.4118 37.3744 37.3766 37.4190 37.4500 37.4216 37.4023 37.3834 37.5226 37.5826 37.6786 37.6402 37.7295 37.6185 37.5918 37.5553 37.5655 37.6988 37.8175 37.8869 37.7910 37.8386 37.8578 38.0195 38.0039
39.3872 39.2914 39.2026 39.0609 39.0099 38.7890 38.6789 38.6972 38.6471 38.7939 38.7397 38.6218 38.4289 38.3512 38.0987 37.8669 37.6857 37.6348 37.6644 37.9131 37.8980 37.9803 38.0352 37.9239 37.9794 37.5441 37.2941 37.2645 37.2871 37.3411 37.2676 37.2369 37.2069 37.2146 37.2423 37.2503 37.3677 37.3923 37.4659 37.4861 37.4428 37.4043 37.4469 37.4877 37.4599 37.4255 37.4052 37.3547 37.2594 37.4238 37.4568 37.5349 37.4515 37.5341 37.4799 37.4281 37.4702 37.4432 37.4403 37.5271 37.6549 37.8053 37.7824 37.8599 37.8817 37.9166 37.8461
39.3375 39.2361 39.1307 38.9981 39.0429 38.8475 38.8470 38.8527 38.7386 38.8752 38.7672 38.6816 38.4926 38.4478 38.2322 37.9676 37.7466 37.7038 37.7260 37.8102 37.8297 37.8842 37.8313 37.7287 37.8162 37.3753 37.2278 37.1980 37.1883 37.2161 37.1888 37.1904 37.1742 37.1716 37.1608 37.1856 37.2810 37.3380 37.4397 37.4527 37.4247 37.3867 37.4392 37.5001 37.5737 37.6174 37.5797 37.4801 37.3802 37.3787 37.3546 37.4214 37.5625 37.5008 37.4144 37.3100 37.2711 37.2208 37.2526 37.2977 37.4288 37.6291 37.5982 37.7107 37.7049 37.6926 37.6550
39.2513 39.1003 39.0461 38.9748 38.9100 38.8805 38.8160 38.8298 38.7217 38.7268 38.5333 38.5664 38.4628 38.4371 38.2876 38.0813 37.9701 37.8786 37.9627 37.8282 37.8373 37.8311 37.7167 37.5594 37.6298 37.1620 37.1101 37.1216 37.0981 37.1198 37.1122 37.1098 37.1100 37.1389 37.1716 37.1543 37.1912 37.2649 37.4972 37.5301 37.4819 37.4304 37.4485 37.5014 37.5827 37.6188 37.5765 37.4465 37.3336 37.1946 37.1730 37.2199 37.1603 37.1704 37.1870 37.1332 37.1015 37.0293 37.1051 37.2103 37.3027 37.4533 37.4463 37.5229 37.5985 37.6532 37.6575
39.1578 39.0712 39.0322 38.9487 38.8995 38.8209 38.8197 38.8190 38.7760 38.5650 38.4568 38.3208 38.3723 38.3735 38.3235 38.2517 38.0842 37.9032 37.9225 37.7402 37.7272 37.7250 37.6698 37.4596 37.4959 37.0739 37.0955 37.1201 37.0836 37.0972 37.0355 37.0703 37.0948 37.1294 37.1444 37.0849 37.0833 37.1434 37.2756 37.4541 37.4387 37.4727 37.4327 37.4469 37.5034 37.4688 37.4299 37.4028 37.2403 37.0921 37.0832 37.0662 36.9299 36.9850 37.0341 37.1043 37.0427 37.0115 37.0247 37.1393 37.2634 37.4427 37.4792 37.5741 37.5877 37.6124 37.6516
