regresion/ABRIL_2003/MODIS/Composicion (B10).txt
ncols         167
nrows         127
xllcorner     -112.012
yllcorner     26.720
cellsize      0.00898
[rows 0 to 28 of 127, columns 0 to 66 of 167]
59.3071 59.3774 59.4103 59.3610 59.4011 59.4437 59.4513 59.4731 59.4362 59.4964 59.4808 59.4454 59.4363 59.4472 59.4152 59.3796 59.3182 59.3166 59.2328 59.2070 59.0910 59.0626 59.0776 59.1282 59.1567 59.2571 59.2928 59.3291 59.3484 59.3731 59.3969 59.4247 59.4596 59.5173 59.5424 59.5548 59.5164 59.5909 59.5703 59.5659 59.5131 59.5054 59.5034 59.4711 59.4387 59.3705 59.2373 59.1991 59.0547 59.0569 59.0912 59.1196 59.2085 59.1710 59.0852 59.0560 59.0307 58.9945 58.8621 58.7808 58.7335 58.6313 58.5532 58.4258 58.4168 58.6747 58.8334
59.3758 59.4710 59.5217 59.5444 59.4978 59.4554 59.3969 59.3581 59.3744 59.3319 59.2926 59.3386 59.3998 59.4500 59.4054 59.4663 59.4213 59.3685 59.2702 59.2710 59.1718 59.1273 59.1207 59.1768 59.1832 59.2218 59.2452 59.3187 59.3482 59.3814 59.4070 59.4327 59.4394 59.4649 59.4833 59.5453 59.5336 59.6524 59.6734 59.6517 59.6022 59.5956 59.6045 59.5545 59.5099 59.4098 59.3552 59.3008 59.1768 59.1771 59.1973 59.1881 59.2044 59.1637 59.0709 58.9999 58.8701 58.7565 58.6930 58.6575 58.6612 58.5657 58.5566 58.4442 58.4416 58.5945 58.7550
59.4067 59.5175 59.5438 59.5506 59.5578 59.5501 59.5088 59.4844 59.4808 59.4255 59.3562 59.3477 59.3743 59.3318 59.2813 59.2719 59.2268 59.2506 59.2469 59.2593 59.2401 59.2150 59.2174 59.2755 59.2768 59.2764 59.2656 59.3292 59.3972 59.3893 59.4089 59.4073 59.4489 59.4449 59.4590 59.5491 59.5543 59.6879 59.7063 59.7113 59.6652 59.6458 59.6342 59.6157 59.6136 59.5548 59.4556 59.3419 59.1893 59.0765 58.9957 58.9826 59.0195 58.9859 58.9355 58.9161 58.9375 58.8682 58.8071 58.7511 58.6443 58.5443 58.5591 58.4881 58.5263 58.6250 58.7442
59.4676 59.5036 59.5079 59.5561 59.5152 59.5029 59.5027 59.5371 59.5516 59.5836 59.5147 59.5120 59.5007 59.4268 59.3763 59.3603 59.3158 59.2507 59.1571 59.1703 59.0702 58.9835 58.9978 59.1279 59.2140 59.2366 59.2711 59.3283 59.3763 59.4391 59.4468 59.4456 59.4511 59.4916 59.5314 59.5956 59.6263 59.7217 59.7460 59.7206 59.6062 59.5608 59.5063 59.4658 59.4396 59.3738 59.3097 59.2591 59.1529 59.0744 59.0618 59.1290 59.1975 59.1527 59.0845 59.0256 58.9909 58.9979 58.8840 58.8194 58.7034 58.6396 58.6140 58.5573 58.5284 58.5715 58.6512
59.4451 59.4534 59.4315 59.5091 59.5048 59.5269 59.5655 59.6440 59.6431 59.6614 59.6192 59.5729 59.5860 59.5427 59.4531 59.4325 59.3487 59.2981 59.2130 59.2022 59.0357 58.9813 58.9591 59.0748 59.1340 59.1709 59.1275 59.1286 59.1760 59.3051 59.3148 59.3738 59.4941 59.5707 59.5498 59.5842 59.5849 59.6167 59.5480 59.4502 59.4311 59.4176 59.4388 59.4773 59.5204 59.5086 59.4509 59.4327 59.3116 59.1931 59.1763 59.2102 59.2545 59.2402 59.1828 59.1068 59.0419 58.9975 58.8654 58.8241 58.7548 58.7652 58.7239 58.6602 58.5562 58.5447 58.6453
59.4837 59.4741 59.4329 59.4986 59.5834 59.6572 59.6828 59.7170 59.7252 59.7122 59.7133 59.7394 59.7446 59.7099 59.6334 59.5676 59.4655 59.3861 59.3171 59.2927 59.1309 59.0436 59.0066 59.0655 59.1514 59.1959 59.1853 59.1549 59.1083 59.1325 59.1162 59.0997 59.1057 59.1046 59.2858 59.3778 59.3893 59.4838 59.5057 59.4397 59.4126 59.4417 59.4784 59.5326 59.5981 59.5836 59.5690 59.5493 59.4328 59.3476 59.3355 59.3441 59.3750 59.3034 59.2545 59.2112 59.0893 58.9517 58.8241 58.7893 58.8372 58.8768 58.8170 58.7438 58.6325 58.5931 58.6696
59.5927 59.5648 59.5231 59.5675 59.6454 59.7575 59.7515 59.7641 59.7618 59.7444 59.7386 59.7618 59.8319 59.7508 59.7004 59.6372 59.5452 59.4970 59.4122 59.3678 59.2636 59.1805 59.0698 59.0585 59.0289 59.0222 59.0085 59.0094 59.0502 59.0809 59.0961 59.1097 59.1902 59.2631 59.2975 59.2864 59.2587 59.2493 59.2020 59.1617 59.1889 59.2530 59.3422 59.4600 59.5939 59.5917 59.5699 59.5516 59.4665 59.3671 59.3853 59.3991 59.4532 59.3880 59.3489 59.2591 59.1138 58.9521 58.8324 58.7974 58.9087 58.9429 58.9171 58.8429 58.7402 58.6958 58.6879
59.6341 59.6469 59.6736 59.7285 59.7576 59.8330 59.8280 59.8062 59.8349 59.8075 59.8230 59.8332 59.8727 59.8097 59.7936 59.7411 59.6442 59.5021 59.3958 59.2732 59.2502 59.0888 58.9585 58.9614 58.9800 59.0462 59.0869 59.1544 59.1770 59.2160 59.2213 59.2681 59.3240 59.3411 59.3075 59.2573 59.2450 59.2240 59.1388 59.0397 59.0756 59.1498 59.2188 59.2712 59.3672 59.3957 59.4448 59.4044 59.3646 59.3934 59.4403 59.4145 59.4827 59.4792 59.4270 59.3110 59.1985 59.0008 58.8661 58.8265 58.9324 58.9755 58.9511 58.9124 58.8373 58.8129 58.7139
59.5283 59.5789 59.7179 59.7493 59.8564 59.8977 59.8830 59.8689 59.8792 59.8735 59.8293 59.8591 59.8889 59.8322 59.7990 59.7854 59.6888 59.5366 59.4410 59.4049 59.3657 59.2554 59.1171 59.0666 59.0309 59.0918 59.0981 59.1807 59.2734 59.3649 59.3568 59.4092 59.4273 59.4352 59.3964 59.3413 59.3020 59.2772 59.1820 59.0975 59.1336 59.1344 59.2267 59.3273 59.3646 59.3713 59.3959 59.4024 59.3108 59.2411 59.2220 59.2727 59.3341 59.3453 59.3974 59.3483 59.2586 59.1149 58.9790 58.8825 58.9509 58.9599 58.9467 58.9591 58.9372 58.8926 58.7402
59.4216 59.6052 59.7762 59.7774 59.8656 59.8865 59.8295 59.7468 59.7005 59.7130 59.7604 59.7972 59.7739 59.7969 59.8080 59.8274 59.7617 59.6602 59.5564 59.5240 59.4766 59.4261 59.3054 59.2596 59.1867 59.2190 59.1821 59.2487 59.3325 59.3809 59.4071 59.4515 59.4854 59.4588 59.4165 59.3762 59.3508 59.3364 59.2745 59.2140 59.2138 59.2131 59.2338 59.3155 59.3633 59.3530 59.4046 59.4359 59.4100 59.3722 59.2913 59.2477 59.2830 59.2386 59.2363 59.1438 59.0631 59.0330 58.9178 58.8946 58.9697 58.9729 58.9361 58.9586 58.9659 58.8853 58.7320
59.2372 59.2791 59.3198 59.3600 59.4807 59.5819 59.6956 59.7587 59.7818 59.7916 59.8072 59.8790 59.8764 59.9036 59.9150 59.9072 59.8608 59.7877 59.6717 59.6127 59.5564 59.5217 59.3963 59.3859 59.3217 59.3184 59.2799 59.2971 59.3391 59.3561 59.3872 59.4478 59.4997 59.4935 59.4628 59.4317 59.4173 59.4007 59.4170 59.3715 59.3513 59.3331 59.3123 59.3551 59.3607 59.3637 59.3804 59.4299 59.4598 59.4344 59.3498 59.3083 59.3219 59.2490 59.1967 59.1197 59.0913 59.0350 58.9710 58.8844 58.8236 58.7258 58.6907 58.6775 58.7053 58.7188 58.7025
59.2838 59.3324 59.3935 59.4402 59.5053 59.5081 59.5314 59.5865 59.6326 59.6462 59.7076 59.8041 59.8951 59.9833 59.9801 59.9207 59.8293 59.7612 59.6402 59.6026 59.5437 59.5223 59.4418 59.4301 59.3535 59.3403 59.2888 59.3030 59.3271 59.3431 59.3693 59.4357 59.4460 59.4538 59.4145 59.3896 59.4072 59.4254 59.4362 59.4858 59.4717 59.4385 59.4039 59.3661 59.3892 59.4107 59.4725 59.5314 59.5274 59.4825 59.3667 59.3052 59.3066 59.2278 59.1900 59.0343 58.9707 58.9362 58.8587 58.8044 58.7541 58.6856 58.6533 58.6049 58.6070 58.6185 58.5866
59.3747 59.4010 59.4676 59.5206 59.5705 59.5765 59.5678 59.5862 59.6252 59.6551 59.6285 59.6495 59.6971 59.7486 59.7723 59.7433 59.6764 59.6261 59.5692 59.5594 59.5422 59.5481 59.5084 59.5168 59.4746 59.4104 59.3520 59.3404 59.3466 59.3570 59.4012 59.4385 59.4833 59.4813 59.4594 59.4462 59.4451 59.4629 59.4605 59.5291 59.5418 59.5082 59.4628 59.4346 59.4078 59.4076 59.4839 59.5415 59.4934 59.3996 59.2748 59.2281 59.1915 59.1053 59.0958 58.9981 58.9613 58.9548 58.9363 58.8927 58.8424 58.7594 58.7130 58.6709 58.6443 58.6524 58.6594
59.4627 59.4669 59.5244 59.5626 59.5492 59.5344 59.5576 59.5675 59.6160 59.6572 59.6620 59.6505 59.6859 59.7511 59.8096 59.7490 59.6744 59.5494 59.4310 59.4149 59.3365 59.3647 59.3747 59.4466 59.4453 59.4277 59.4256 59.3457 59.3166 59.3267 59.4188 59.4811 59.5187 59.4991 59.5005 59.4364 59.4319 59.4729 59.4579 59.5091 59.5371 59.5327 59.4980 59.4560 59.2965 59.2805 59.2550 59.3532 59.3455 59.3239 59.3065 59.2815 59.2804 59.1991 59.1990 59.1160 59.0833 59.0468 59.0181 58.9762 58.9097 58.8276 58.7366 58.6800 58.6272 58.5928 58.6219
59.4693 59.5269 59.5671 59.6357 59.6361 59.6534 59.6926 59.6682 59.7334 59.7622 59.7317 59.7098 59.7483 59.8004 59.8597 59.8266 59.7367 59.6623 59.5066 59.4649 59.4010 59.3369 59.2764 59.2793 59.2515 59.2712 59.2373 59.2073 59.1897 59.2774 59.3019 59.3963 59.3850 59.4051 59.4260 59.3984 59.4281 59.4715 59.4294 59.4091 59.3166 59.3148 59.2896 59.2803 59.2536 59.2432 59.2342 59.3324 59.3750 59.3741 59.3858 59.3736 59.3848 59.2937 59.2285 59.1754 59.1208 59.0500 59.0050 59.0034 58.9678 58.8335 58.7613 58.6871 58.5927 58.5581 58.5902
59.5952 59.6052 59.5921 59.6593 59.6747 59.7354 59.7056 59.7878 59.8499 59.8579 59.8303 59.7857 59.8034 59.8458 59.9308 59.9152 59.8836 59.7898 59.6593 59.5919 59.4991 59.3916 59.3291 59.3047 59.2561 59.3019 59.2296 59.1375 59.1065 59.0785 59.0726 59.1079 59.1460 59.2248 59.2576 59.2414 59.2591 59.3638 59.3913 59.3891 59.3600 59.3914 59.3803 59.4025 59.3762 59.3540 59.2778 59.3173 59.3397 59.3591 59.3943 59.4206 59.4310 59.3231 59.2326 59.1739 59.1526 59.1374 59.0680 59.0353 58.9812 58.8564 58.7845 58.7580 58.6425 58.6058 58.6263
59.6683 59.6863 59.6831 59.7528 59.7551 59.7939 59.8132 59.8702 59.9140 59.8708 59.8034 59.8096 59.7947 59.8352 59.9187 59.9118 59.9087 59.8773 59.7717 59.7282 59.6445 59.5076 59.4373 59.3761 59.3109 59.2793 59.1606 59.1160 59.0755 59.0008 58.9746 58.9406 59.0108 59.1022 59.1785 59.2202 59.2244 59.2733 59.3321 59.3853 59.3910 59.3678 59.4097 59.4359 59.4251 59.4053 59.3271 59.3268 59.2781 59.3152 59.3478 59.4097 59.4203 59.3658 59.3267 59.2473 59.2077 59.1509 59.1079 59.0711 59.0242 58.9098 58.8707 58.8345 58.7792 58.7032 58.7153
59.7734 59.7464 59.7451 59.8080 59.8510 59.8722 59.8772 59.9188 59.9424 59.8987 59.8368 59.7693 59.7464 59.8075 59.9075 59.9182 59.8579 59.8148 59.7476 59.6856 59.6050 59.4896 59.4572 59.4022 59.2764 59.2431 59.1548 59.1020 59.1054 59.1232 59.0989 59.0989 59.0749 59.1754 59.2889 59.3992 59.4011 59.4352 59.3941 59.3900 59.3606 59.3789 59.3333 59.3278 59.3422 59.3894 59.3596 59.2909 59.2614 59.3094 59.3667 59.4015 59.4314 59.4142 59.3622 59.3018 59.2569 59.1830 59.1376 59.1004 59.0973 59.0460 58.9615 58.9283 58.8808 58.7937 58.8030
59.8081 59.8406 59.8433 59.8819 59.9527 59.9502 59.9419 59.9124 59.9201 59.8989 59.8182 59.7096 59.6260 59.6139 59.6880 59.6923 59.5930 59.5765 59.6018 59.5812 59.5199 59.4943 59.4610 59.3859 59.2842 59.2460 59.1932 59.1778 59.1141 59.1291 59.1387 59.1657 59.1673 59.2474 59.3965 59.4785 59.4813 59.5018 59.4590 59.4434 59.4461 59.4551 59.4187 59.3488 59.3496 59.3461 59.2804 59.2344 59.1586 59.1686 59.2382 59.3390 59.3859 59.4469 59.4570 59.3310 59.3105 59.2247 59.1368 59.0968 59.1473 59.1355 59.0476 59.0033 58.9629 58.9187 58.8680
59.7055 59.7765 59.8276 59.8525 59.9147 59.9390 59.9532 59.8303 59.8094 59.7663 59.6803 59.5822 59.5201 59.5044 59.5274 59.5409 59.5841 59.5460 59.5204 59.5395 59.4764 59.4831 59.5064 59.4255 59.3032 59.2483 59.2149 59.2000 59.1326 59.1350 59.1549 59.1421 59.1781 59.2254 59.3287 59.3675 59.4096 59.4316 59.4395 59.4537 59.5165 59.5218 59.5091 59.4764 59.4294 59.4062 59.3592 59.3470 59.2872 59.2755 59.2256 59.2492 59.3300 59.3258 59.3027 59.1938 59.1683 59.2044 59.1523 59.1755 59.1981 59.1857 59.1122 59.0687 59.0459 59.0235 58.9319
59.4112 59.3881 59.4965 59.4627 59.6148 59.7565 59.8486 59.7772 59.7543 59.7188 59.6745 59.5808 59.5053 59.4617 59.4818 59.5039 59.5227 59.4459 59.4703 59.5369 59.5067 59.4925 59.5185 59.4379 59.3167 59.2688 59.2419 59.2027 59.1770 59.1335 59.1169 59.1464 59.2165 59.3033 59.3452 59.3219 59.3374 59.3591 59.3762 59.4051 59.5010 59.5302 59.5230 59.4869 59.4207 59.4201 59.3741 59.3518 59.3159 59.2289 59.2104 59.2431 59.3078 59.3297 59.2858 59.2132 59.1354 59.1413 59.1343 59.0889 59.0752 59.0405 59.0019 58.9290 58.9313 58.9441 58.8688
59.3959 59.4611 59.5156 59.4826 59.4902 59.5890 59.5972 59.5701 59.5709 59.5772 59.6091 59.5984 59.5534 59.5124 59.5325 59.5279 59.5031 59.4432 59.4425 59.5445 59.4476 59.4530 59.4746 59.4163 59.2883 59.2866 59.2962 59.2900 59.2733 59.2620 59.2588 59.2515 59.2844 59.3543 59.3550 59.2770 59.2316 59.2955 59.2705 59.3200 59.4293 59.4864 59.4985 59.4850 59.4414 59.4387 59.4204 59.3598 59.3224 59.2674 59.2266 59.2465 59.2931 59.3394 59.3117 59.2359 59.1253 59.0626 59.0287 58.9304 58.8901 58.8284 58.7945 58.8024 58.8587 58.8818 58.8314
59.4852 59.5607 59.6027 59.6017 59.6091 59.7262 59.7081 59.5935 59.5701 59.5245 59.5238 59.4499 59.3763 59.3813 59.3913 59.4425 59.4180 59.4118 59.4522 59.5619 59.4820 59.4595 59.5175 59.4049 59.3292 59.3480 59.4081 59.4097 59.3859 59.3711 59.3585 59.3504 59.3922 59.3882 59.3755 59.3183 59.2538 59.2978 59.2635 59.2819 59.3244 59.3817 59.4032 59.4354 59.4559 59.4288 59.4777 59.4958 59.4030 59.2939 59.1760 59.1419 59.1347 59.1486 59.1084 59.0751 59.0455 59.0159 58.9751 58.9529 58.9078 58.8544 58.8433 58.8623 58.8699 58.9579 58.9536
59.6299 59.6146 59.6923 59.6650 59.6732 59.7265 59.6597 59.5874 59.5872 59.5406 59.5381 59.4836 59.4147 59.3942 59.4606 59.4503 59.4303 59.4206 59.4002 59.5227 59.4638 59.4467 59.4825 59.4407 59.4371 59.4515 59.5588 59.5168 59.5029 59.5056 59.4866 59.4641 59.4619 59.3943 59.3181 59.2685 59.2425 59.3034 59.3058 59.2962 59.2915 59.3242 59.3813 59.3905 59.3268 59.3145 59.3228 59.3095 59.2262 59.1669 59.1364 59.0617 59.0985 59.1110 59.1132 59.1214 59.0926 59.0517 59.0377 58.9750 58.9863 58.9395 58.9085 58.9563 58.9666 58.9878 59.0103
59.5044 59.5884 59.6575 59.6332 59.6690 59.6453 59.5794 59.5618 59.5524 59.5396 59.4907 59.4465 59.4467 59.4538 59.5052 59.4930 59.4672 59.5095 59.5046 59.5729 59.4924 59.4369 59.4033 59.3459 59.3154 59.3461 59.4498 59.4618 59.5309 59.6208 59.6124 59.5101 59.4329 59.3598 59.3049 59.2602 59.2300 59.2157 59.1900 59.1591 59.1415 59.1351 59.1570 59.2240 59.2229 59.2710 59.2453 59.2827 59.2806 59.2730 59.2420 59.1833 59.1765 59.1249 59.0890 59.0911 59.1107 59.0650 59.0729 59.0348 59.0552 59.0093 58.9678 59.0239 58.9735 58.9578 58.9725
59.5214 59.6299 59.6699 59.6615 59.7077 59.6454 59.5871 59.5672 59.5082 59.4189 59.3829 59.3818 59.3780 59.4172 59.4748 59.4914 59.4780 59.4858 59.4949 59.5744 59.5353 59.4852 59.4443 59.4260 59.4062 59.4250 59.4281 59.3790 59.3631 59.3954 59.3770 59.2756 59.1961 59.1933 59.1934 59.1786 59.1403 59.1744 59.1561 59.1154 59.0971 59.1520 59.1806 59.2609 59.2516 59.2484 59.2436 59.3086 59.3467 59.3379 59.3003 59.2501 59.2108 59.1682 59.1167 59.0903 59.0797 59.0851 59.1248 59.0646 59.0482 59.0298 59.0131 59.0417 58.9206 58.9012 58.9456
59.5261 59.5773 59.6216 59.6435 59.6286 59.5740 59.5250 59.4523 59.4242 59.3340 59.3400 59.3583 59.3672 59.3859 59.4554 59.4764 59.4802 59.4987 59.4867 59.5575 59.5563 59.5690 59.5539 59.5400 59.4964 59.4342 59.3583 59.3110 59.2677 59.2070 59.2160 59.1054 59.0831 59.0603 59.0849 59.0372 59.0078 59.0673 59.0912 59.0708 59.1358 59.1816 59.1951 59.2205 59.2704 59.2585 59.2254 59.2692 59.3315 59.3550 59.3050 59.2658 59.2328 59.1558 59.1377 59.0907 59.0983 59.1030 59.1460 59.1159 59.0833 59.0585 58.9936 58.9863 58.9322 58.8894 58.9056
59.4927 59.5277 59.5907 59.6485 59.6246 59.5472 59.4587 59.3490 59.3585 59.3073 59.3610 59.3774 59.3998 59.4740 59.4962 59.4943 59.5291 59.5367 59.5426 59.5453 59.5234 59.4759 59.4377 59.3696 59.3309 59.3431 59.2842 59.2836 59.2709 59.2276 59.2083 59.1803 59.1831 59.1513 59.1474 59.1214 59.0901 59.1418 59.1037 59.0606 59.0236 59.0404 59.0669 59.1487 59.2039 59.2567 59.1975 59.2199 59.2384 59.3252 59.3223 59.2530 59.2325 59.1512 59.1508 59.0813 59.0751 59.1043 59.1312 59.1511 59.1010 59.0720 59.0005 58.9862 58.9539 58.9030 58.9361
59.5361 59.5725 59.6283 59.6964 59.6451 59.5385 59.4187 59.3339 59.3514 59.3460 59.3902 59.4152 59.4464 59.4266 59.3850 59.3312 59.3470 59.3831 59.4456 59.5034 59.4560 59.4263 59.4045 59.4146 59.4351 59.4318 59.3309 59.2940 59.2840 59.2641 59.2713 59.2436 59.2406 59.2140 59.1974 59.2102 59.2284 59.2739 59.2817 59.1888 59.1313 59.0733 59.0936 59.0910 59.1024 59.1139 59.0648 59.0510 59.0800 59.1501 59.2486 59.3029 59.2627 59.2498 59.2310 59.1465 59.1091 59.1126 59.1570 59.1250 59.0920 59.0557 59.0416 59.0064 59.0106 58.9475 58.9802
