regresion/ABRIL_2003/MODIS/Composicion (B10).txt
ncols         167
nrows         127
xllcorner     -112.012
yllcorner     26.720
cellsize      0.00898
[rows 29 to 57 of 127, columns 0 to 66 of 167]
59.6221 59.6404 59.6456 59.6835 59.6276 59.5144 59.4107 59.3128 59.2994 59.2722 59.2237 59.2673 59.3094 59.2899 59.2740 59.2516 59.2480 59.3152 59.4135 59.4895 59.4650 59.4419 59.4363 59.4679 59.4812 59.4311 59.3831 59.3340 59.3185 59.3276 59.3180 59.2754 59.2511 59.2393 59.2187 59.2370 59.2631 59.3051 59.2498 59.2443 59.1771 59.1269 59.1508 59.1631 59.1182 59.1175 59.0938 59.1181 59.1400 59.1022 59.0837 59.0935 59.0961 59.0865 59.1622 59.1710 59.1321 59.1543 59.1587 59.1467 59.1413 59.0590 59.0672 59.0283 59.0214 58.9998 59.0257
59.4869 59.4864 59.4678 59.4722 59.4412 59.3385 59.2391 59.1437 59.1887 59.1575 59.2859 59.3533 59.3572 59.3423 59.3113 59.2910 59.2871 59.2940 59.3892 59.4522 59.4684 59.4520 59.4850 59.5148 59.4840 59.4258 59.3727 59.3339 59.3370 59.2955 59.2788 59.2395 59.2043 59.2027 59.2315 59.2658 59.2782 59.3096 59.2465 59.2063 59.1912 59.1349 59.0659 59.1110 59.0833 59.0865 59.0925 59.0912 59.0711 59.0425 59.0510 59.0804 59.1447 59.1304 59.1627 59.1968 59.0903 59.0279 59.0377 59.0190 59.0523 59.0711 59.0233 58.9775 58.9757 58.9749 58.9316
59.3407 59.3159 59.2724 59.2887 59.2214 59.1165 59.0882 59.0253 59.1001 59.1600 59.3391 59.4159 59.3761 59.3460 59.3219 59.3433 59.3564 59.3515 59.3708 59.4142 59.4133 59.3736 59.3702 59.4000 59.3979 59.3651 59.3284 59.2883 59.2884 59.2669 59.2377 59.1981 59.1688 59.1736 59.2391 59.2655 59.2690 59.2793 59.2238 59.2075 59.1668 59.0811 58.9906 59.0445 59.0346 59.0853 59.0676 59.0773 59.0696 59.0618 59.1138 59.1078 59.1767 59.1694 59.2084 59.2552 59.1865 59.0921 59.0231 58.9647 58.8973 58.8523 58.8081 58.7519 58.7592 58.8087 58.9194
59.3277 59.2884 59.2782 59.2533 59.1803 59.1152 59.0704 58.9621 59.0554 59.1359 59.2384 59.2645 59.2370 59.2033 59.1609 59.2157 59.2712 59.2904 59.3179 59.3665 59.3851 59.4023 59.4402 59.4107 59.4223 59.4050 59.3156 59.2728 59.2740 59.2908 59.2381 59.2259 59.2142 59.2072 59.2709 59.3069 59.2922 59.2439 59.1648 59.1578 59.1491 59.0768 58.9795 59.0589 59.1035 59.1047 59.0619 59.1064 59.0854 59.1158 59.0848 59.0579 59.0543 59.0822 59.1121 59.0771 59.0595 59.0266 59.0207 58.9143 58.9222 58.9136 58.9228 58.9166 58.8956 58.8380 58.8931
59.3818 59.3414 59.2761 59.2309 59.1504 59.0651 58.9510 59.0240 59.1201 59.2006 59.2276 59.2271 59.1939 59.1104 59.0722 59.0876 59.0826 59.1184 59.2023 59.2300 59.2529 59.3289 59.4216 59.4083 59.4527 59.4595 59.3933 59.3386 59.3205 59.3440 59.3018 59.2617 59.2320 59.2538 59.2870 59.2760 59.2558 59.1827 59.1042 59.0843 59.0785 59.0056 58.9949 59.0683 59.0189 58.9627 58.9654 58.9522 58.9772 59.0532 59.0150 58.9756 59.0268 59.0823 59.1413 59.1486 59.1271 59.1102 59.0956 58.9984 58.9867 58.9744 58.9923 59.0118 58.9994 58.9481 58.9503
59.4185 59.3858 59.3387 59.2583 59.1803 59.0919 58.9630 59.0954 59.1711 59.2111 59.2422 59.2528 59.1893 59.1425 59.1045 59.1378 59.1317 59.1469 59.1478 59.1595 59.1050 59.1072 59.1665 59.2210 59.3279 59.3002 59.3005 59.2867 59.3297 59.3492 59.3207 59.3123 59.2899 59.2270 59.2586 59.2151 59.1860 59.0541 58.9271 58.9144 58.9298 58.8608 58.9284 58.9582 58.9625 58.9168 58.9195 58.9429 59.0029 59.0370 59.0454 59.0440 59.1161 59.1760 59.1756 59.1506 59.1481 59.1473 59.1487 59.0740 59.0534 58.9944 59.0488 59.0479 59.0472 59.0257 59.0095
59.4586 59.4133 59.3543 59.3335 59.2607 59.1335 59.0826 59.2011 59.2650 59.2443 59.2531 59.3025 59.2614 59.1900 59.1373 59.1706 59.1750 59.1852 59.1231 59.0871 59.0935 59.0983 59.1303 59.1792 59.1909 59.1923 59.1819 59.1685 59.1224 59.1781 59.1622 59.1856 59.1920 59.1470 59.0653 58.9651 59.0143 58.9558 58.8792 58.9059 58.9304 58.9054 58.9868 58.9917 58.9386 58.8601 58.8595 58.8656 58.8867 58.9574 59.0129 59.0619 59.1539 59.1652 59.1375 59.1296 59.1283 59.1301 59.1530 59.0908 59.0637 59.0268 59.0564 59.0405 59.0463 59.0260 59.0225
59.4265 59.3930 59.3438 59.3456 59.2725 59.1334 59.1639 59.2308 59.2693 59.3011 59.3305 59.3644 59.3968 59.3406 59.2626 59.2888 59.2648 59.2313 59.1899 59.1457 59.1608 59.2037 59.1923 59.2232 59.2171 59.2220 59.2264 59.1705 59.0761 59.0409 59.0065 59.0124 58.9473 58.9539 58.9416 58.9145 58.8987 58.8892 58.8839 58.9627 58.9694 58.9083 58.9242 58.9516 58.9123 58.7980 58.7777 58.8223 58.8646 58.9246 58.9648 59.0886 59.1897 59.1516 59.1228 59.1076 59.1170 59.1355 59.1527 59.1047 59.0697 59.0715 59.0973 59.0901 59.1026 59.0869 59.0749
59.4661 59.4543 59.3774 59.3919 59.2608 59.1576 59.2289 59.2568 59.2469 59.3028 59.3797 59.4369 59.4351 59.4204 59.3106 59.2921 59.2740 59.2496 59.2341 59.2196 59.2435 59.2637 59.2147 59.1921 59.1725 59.1736 59.1713 59.1173 59.0900 59.0803 59.0729 59.0550 59.0159 59.0009 58.9687 58.9489 58.9256 58.9135 58.8504 58.8010 58.7974 58.7167 58.7606 58.8819 58.8987 58.8528 58.8122 58.8024 58.8250 58.8625 58.9293 59.0174 59.1362 59.0967 59.1274 59.1168 59.1406 59.1773 59.2005 59.1734 59.1283 59.0998 59.1043 59.1243 59.1678 59.1336 59.0966
59.5157 59.5013 59.4355 59.4314 59.3108 59.2581 59.3161 59.2954 59.3297 59.3834 59.4276 59.4854 59.4701 59.4302 59.3123 59.2940 59.2376 59.1993 59.1810 59.1854 59.1725 59.1424 59.0867 59.1023 59.1458 59.1733 59.1604 59.1301 59.0816 59.0604 59.0458 59.0768 59.0835 59.1003 59.1238 59.0627 59.0416 59.0204 58.9406 58.8489 58.8105 58.7383 58.7067 58.7148 58.6647 58.5964 58.6203 58.6512 58.7602 58.8469 58.9777 59.0564 59.1697 59.1072 59.1414 59.1309 59.1785 59.2065 59.1793 59.1104 59.0789 59.0749 59.1080 59.1729 59.2022 59.1641 59.1195
59.5185 59.5094 59.4361 59.3797 59.3017 59.3219 59.3468 59.3492 59.3431 59.3337 59.3732 59.3928 59.3697 59.2737 59.2072 59.2145 59.1828 59.1637 59.1526 59.1810 59.1782 59.1350 59.1235 59.1778 59.2165 59.2222 59.1502 59.1032 59.0841 59.1221 59.1095 59.1493 59.1535 59.1292 59.1546 59.1075 59.0454 59.0173 58.8687 58.8277 58.7814 58.7542 58.7470 58.7101 58.6696 58.6436 58.6455 58.6666 58.6775 58.7817 58.8320 58.9244 59.0572 59.0698 59.1604 59.2108 59.2216 59.1766 59.1514 59.0585 59.0259 59.0573 59.1564 59.2154 59.1914 59.1214 59.1221
59.3804 59.3679 59.3120 59.2350 59.2002 59.2509 59.2871 59.2651 59.2676 59.2748 59.3155 59.3454 59.2993 59.2199 59.1410 59.1438 59.1197 59.1293 59.1637 59.1564 59.1506 59.1492 59.1492 59.2051 59.2190 59.2307 59.1769 59.1222 59.0887 59.1404 59.1646 59.1727 59.1937 59.1978 59.1968 59.1252 59.0724 59.0199 58.9192 58.8555 58.7830 58.7470 58.7201 58.6859 58.6999 58.7272 58.7103 58.7436 58.7289 58.7771 58.7991 58.8593 59.0067 59.0277 59.0410 59.0196 58.9685 59.0165 58.9719 58.9129 58.8879 58.9847 59.0785 59.1050 59.2088 59.0943 59.0143
59.2006 59.2229 59.1249 59.0221 58.9769 59.0483 59.1374 59.2239 59.2043 59.2586 59.2782 59.3090 59.2992 59.2624 59.1787 59.2340 59.1922 59.1283 59.1406 59.1027 59.1106 59.0739 59.0837 59.1585 59.1282 59.1370 59.1347 59.1350 59.1240 59.1634 59.2132 59.2404 59.2222 59.2116 59.1785 59.1082 59.0675 59.0276 58.9613 58.8715 58.8338 58.8383 58.7639 58.7085 58.7708 58.8228 58.8883 58.8717 58.8567 58.8655 58.9101 58.9630 58.9824 58.9898 58.9784 59.0178 58.9595 58.8996 58.8039 58.7034 58.6792 58.6432 58.6990 58.7157 58.8387 58.8816 58.9803
59.2743 59.2050 59.0787 59.1015 59.0551 59.0907 59.1286 59.1419 59.0725 59.0972 59.1760 59.2264 59.2857 59.2631 59.1369 59.2321 59.1640 59.0917 59.0378 59.0182 59.0105 59.0209 59.0909 59.1452 59.1089 59.0650 59.0860 59.0965 59.1092 59.1702 59.2212 59.2478 59.2161 59.1965 59.1680 59.0871 59.0451 59.0173 58.9414 58.8644 58.8410 58.8365 58.8027 58.8231 58.8864 58.9289 58.9689 58.9863 58.9288 58.9852 58.9766 58.9589 58.9572 58.9296 58.9263 58.8928 58.8775 58.7692 58.7263 58.6170 58.6776 58.6448 58.6482 58.7257 58.7222 58.8273 58.8342
59.3091 59.2712 59.2273 59.2387 59.2227 59.2473 59.2264 59.2222 59.2017 59.2056 59.2544 59.2307 59.1820 59.0603 58.9935 59.0482 59.0483 58.9898 58.9553 58.9604 58.9798 59.0677 59.1394 59.1879 59.1468 59.0906 59.0792 59.1163 59.1419 59.2093 59.2256 59.2133 59.1884 59.1842 59.1603 59.0847 59.0673 59.0431 58.9929 58.9562 58.8642 58.8980 58.9763 59.0136 58.9958 58.9912 58.9981 58.9850 58.8633 58.8457 58.8098 58.8500 58.8765 58.9048 58.8632 58.8469 58.8318 58.7859 58.7160 58.6554 58.6792 58.6190 58.5637 58.6173 58.7269 58.7954 58.8365
59.3437 59.2766 59.2958 59.3134 59.3113 59.3296 59.2437 59.2289 59.2617 59.2740 59.3003 59.3481 59.3660 59.2594 59.5283 59.5568 59.3012 59.0346 59.0424 59.0041 58.8905 58.9406 59.0252 59.0746 59.1239 59.1297 59.1420 59.1785 59.2150 59.2822 59.2999 59.2746 59.2031 59.1697 59.1440 59.1138 59.0896 59.0884 59.0799 59.0493 59.0178 59.0076 59.0138 58.9842 58.9391 58.9401 58.8966 58.8841 58.8539 58.8458 58.8029 58.8193 58.8825 58.8946 58.8845 58.7896 58.7891 58.7851 58.7471 58.6910 58.6623 58.6188 58.5622 58.5855 58.6941 58.8144 58.8512
59.3420 59.2999 59.3672 59.4382 59.3998 59.3361 59.2613 59.3226 59.3159 59.3112 59.3824 59.4161 59.4980 60.3950 61.5822 62.1598 63.1046 62.3171 61.2249 60.1999 59.6603 59.2786 59.0609 58.9130 58.8850 58.9254 58.9706 59.0600 59.1421 59.2772 59.2918 59.3602 59.3127 59.1857 59.1053 59.0814 59.0429 59.0066 59.0260 58.9866 58.9683 58.9903 59.0182 59.0271 58.9634 58.9680 58.9059 58.9435 58.8975 58.8027 58.8426 58.8872 58.9393 58.9332 58.9225 58.8698 58.8248 58.8586 58.7849 58.7045 58.6731 58.6257 58.6662 58.6943 58.7697 58.8631 58.9041
59.2806 59.2690 59.4022 59.4525 59.4268 59.3641 59.3314 59.3461 59.3511 59.3532 59.4473 59.4965 60.3210 61.7810 65.3345 65.6492 65.3627 67.5480 66.3917 62.5965 60.6047 60.4548 59.3643 59.0760 59.0177 59.0025 59.0112 59.0325 59.0489 59.0655 59.0825 59.0217 58.9001 58.8816 58.9075 58.9470 58.9260 59.0459 59.1125 59.0902 59.0849 59.0962 59.1177 59.0917 59.0764 59.0956 59.0419 59.0373 58.9473 58.8827 58.9067 58.9534 59.0257 59.0530 59.0212 58.9747 58.9225 58.9475 58.8958 58.8324 58.7678 58.6936 58.7166 58.7421 58.7913 58.8439 58.9146
59.2325 59.3109 59.4392 59.4839 59.4723 59.3964 59.3482 59.3348 59.3535 59.3795 59.4715 59.5384 60.3360 63.1140 67.7893 66.6677 68.1172 68.4740 69.8666 65.6742 61.8565 59.9971 59.3413 59.2042 59.0620 59.0125 59.0253 59.0103 58.9741 59.0750 59.0933 59.0535 59.0305 58.9241 58.8991 58.8886 58.8818 58.9331 58.9518 58.9985 59.0218 59.0627 59.1034 59.1481 59.2004 59.1689 59.1450 59.0831 58.9946 58.9396 58.9487 58.9952 59.0158 59.0484 59.0478 59.0185 58.9796 59.0090 58.9821 58.9392 58.8926 58.7910 58.8150 58.7823 58.7975 58.8975 58.9198
59.2872 59.3769 59.4880 59.4786 59.4511 59.3726 59.3353 59.3167 59.3692 59.4353 59.5465 59.5710 60.0832 61.9045 64.4679 65.6921 66.1409 66.7595 67.9368 64.4666 61.3927 59.8619 59.1695 59.0011 59.0384 59.0737 59.0859 59.1148 59.0709 59.0147 59.0277 58.9990 59.0315 59.0439 59.0281 58.9863 58.9860 59.0220 59.0240 58.9766 58.9555 58.9909 58.9770 58.9806 58.9948 59.0446 59.0773 59.0546 59.0231 59.0405 59.0446 59.0568 59.0283 59.0961 59.0743 59.0183 59.0189 59.0301 58.9720 58.9848 58.9293 58.8827 58.8982 58.8991 58.9275 58.9276 58.9382
59.3793 59.4757 59.5349 59.4685 59.4239 59.3569 59.3039 59.3038 59.3617 59.4257 59.4745 59.4559 59.5556 59.8041 61.1180 61.4504 61.0792 60.8512 60.2895 59.5818 59.1777 58.9834 58.9746 59.0470 59.1026 59.1319 59.1855 59.2189 59.1981 59.1029 59.0812 59.0107 59.0023 59.0475 59.0735 59.0443 59.0330 59.0358 59.0233 58.9500 58.9684 58.9842 59.0088 59.0412 59.0333 59.0273 58.9712 58.9934 58.9318 58.8880 58.8472 58.9219 58.9399 59.0612 59.1360 59.0915 59.0750 59.0333 58.9753 58.9498 58.9923 58.9942 59.0236 58.9893 59.0411 59.0962 59.0940
59.4540 59.5650 59.4912 59.4223 59.3566 59.2880 59.2400 59.2160 59.2399 59.2893 59.3803 59.3408 59.2569 59.1088 59.2783 59.3355 59.4529 59.6031 59.7402 59.5131 59.2150 59.0195 59.0184 59.0571 59.1155 59.1848 59.2379 59.2660 59.2231 59.1076 59.0850 58.9980 58.9871 59.0531 59.1131 59.0915 59.0982 59.0899 59.0384 59.0358 59.0503 59.0379 59.0121 59.0652 59.0939 59.0968 59.0184 59.0370 58.9427 58.8838 58.8626 58.8562 58.8509 58.8621 58.9524 58.9522 58.9028 58.9731 58.9518 59.0108 59.1632 59.1337 59.1688 59.1471 59.1715 59.2354 59.1525
59.2384 59.2638 59.2238 59.1807 59.1420 59.1430 59.1851 59.1782 59.2247 59.2357 59.2879 59.2847 59.2260 59.0632 59.0579 59.0615 59.2086 59.5422 59.8860 59.7321 59.4974 59.1162 58.9652 59.0366 59.1291 59.1559 59.1909 59.2029 59.1846 59.1093 59.1045 59.0420 59.0324 59.0427 59.1233 59.1060 59.1032 59.1187 59.0722 59.0813 59.0449 59.0859 59.0742 59.1031 59.0965 59.0765 59.0178 58.9879 58.9707 58.9269 58.9087 58.9033 58.9102 58.9002 58.9244 58.9189 58.9179 58.9904 59.0743 59.0675 59.0058 58.9602 59.0160 58.9530 58.9429 59.0241 59.0962
59.2077 59.1954 59.1656 59.1702 59.1297 59.0927 59.0544 59.0005 59.0290 59.0837 59.1578 59.1904 59.1656 58.9849 58.9428 58.9981 59.1986 59.3945 59.7027 59.6846 59.6970 59.3083 58.9887 58.9860 59.0979 59.1047 59.1673 59.1773 59.1666 59.1513 59.1346 59.1182 59.1051 59.1095 59.1202 59.1216 59.0996 59.1235 59.1134 59.1298 59.1092 59.1112 59.1017 59.0758 59.0492 59.0332 59.0401 59.0444 58.9752 58.9535 58.9491 58.9720 59.0388 58.9879 59.0193 58.9855 58.9359 58.9245 58.8996 58.9442 58.9498 58.9753 58.9478 58.9513 58.9859 58.9812 58.9924
59.2238 59.2096 59.1709 59.1860 59.1723 59.1504 59.0857 59.0259 59.0746 59.0547 59.0543 59.0282 58.9277 58.7812 58.7878 58.8587 58.9598 59.2160 59.4322 59.4186 59.6350 59.5643 59.1441 59.0178 59.1067 59.1134 59.1774 59.1825 59.1829 59.1652 59.1691 59.1517 59.1250 59.1095 59.0854 59.0871 59.0835 59.1249 59.1649 59.1395 59.0962 59.0912 59.0969 59.0494 59.0597 59.0514 59.0289 58.9939 58.9500 58.9079 58.9368 58.9234 58.8852 58.8253 58.8390 58.9211 58.9577 58.9832 58.9917 58.9970 58.9405 58.9839 58.9771 59.0102 59.0948 59.1068 59.0688
59.2107 59.2665 59.2406 59.2354 59.1981 59.1663 59.1249 59.0760 59.1103 59.0976 59.0863 59.0501 58.9702 58.8462 58.8411 58.8718 58.8774 59.0974 59.2558 59.2163 59.3566 59.4832 59.2632 59.0780 59.1019 59.1543 59.2094 59.2379 59.2572 59.2062 59.1972 59.1667 59.1237 59.0818 59.0731 59.0851 59.0892 59.0706 59.1223 59.1138 59.1109 59.1668 59.1183 59.0520 59.0361 59.0034 58.9308 58.9254 58.9029 58.9174 58.9323 58.9180 58.9677 58.9472 58.9917 59.0326 59.0210 59.0360 59.0410 59.0075 58.9769 59.0055 59.0157 59.0378 59.1212 59.1784 59.2173
59.2102 59.2754 59.2915 59.2850 59.2556 59.1998 59.1761 59.1770 59.2255 59.2006 59.1646 59.1329 59.0185 58.9188 58.9098 58.9307 58.9593 59.1445 59.2324 59.1813 59.1956 59.2883 59.2482 59.0585 58.9624 59.0156 59.0632 59.1339 59.1687 59.1699 59.1845 59.1490 59.1243 59.1265 59.1215 59.1062 59.0707 59.0162 59.0163 59.0351 59.0451 59.0924 59.0486 59.0508 58.9977 58.9995 58.9770 59.0047 58.9896 58.9741 58.9575 58.9893 59.0367 59.0417 59.0658 59.0635 59.0499 59.0632 59.0752 59.0335 59.0514 59.0669 59.0994 59.1676 59.2498 59.2742 59.3142
59.2472 59.3245 59.3335 59.3420 59.3089 59.2895 59.2707 59.2672 59.3177 59.2682 59.2264 59.1843 59.1411 59.0431 59.0716 59.0709 59.0836 59.2158 59.2809 59.1899 59.1835 59.2320 59.3093 59.2631 59.1472 59.1200 59.0465 59.0148 59.0452 59.0253 59.0130 58.9798 58.9660 58.9666 58.9814 59.0100 59.0302 59.0125 59.0269 59.0663 59.0573 59.1177 59.1099 59.0762 59.0266 59.0058 59.0429 59.0582 59.0129 58.9925 59.0116 59.0184 59.0620 59.0618 59.0952 59.1130 59.0918 59.0892 59.1120 59.0969 59.1418 59.1409 59.1942 59.2700 59.3314 59.3539 59.3769
59.3327 59.3964 59.4016 59.3966 59.3920 59.3601 59.3555 59.3560 59.3917 59.3243 59.2708 59.2659 59.2320 59.1568 59.1631 59.1220 59.1159 59.2034 59.3005 59.2429 59.2296 59.2401 59.3488 59.3833 59.2942 59.2737 59.0994 59.0233 58.9871 58.9778 59.0109 58.9662 58.9384 58.9130 58.8606 58.8590 58.8332 58.8687 58.9069 58.9959 59.0740 59.0708 59.1249 59.1343 59.0988 59.0549 59.1139 59.1584 59.1068 59.0608 59.0479 59.0398 59.1026 59.0799 59.1007 59.0948 59.0943 59.1357 59.1682 59.1415 59.2009 59.2464 59.2929 59.3566 59.4267 59.4330 59.4377
