regresion/ABRIL_2003/MODIS/Composicion (B12).txt
ncols         167
nrows         127
xllcorner     -112.012
yllcorner     26.720
cellsize      0.00898
[rows 29 to 57 of 127, columns 0 to 66 of 167]
40.8934 40.9137 40.8733 40.8486 40.7661 40.6561 40.5816 40.4977 40.5245 40.3832 40.2257 40.2712 40.3807 40.3894 40.4249 40.4255 40.4184 40.4810 40.5450 40.6229 40.6060 40.5418 40.4703 40.4302 40.4211 40.3268 40.2535 40.1573 40.0851 40.0324 39.9966 39.9081 39.8428 39.8383 39.8479 39.8982 39.9035 39.9540 39.8840 39.8536 39.7535 39.6767 39.7421 39.7900 39.7796 39.7989 39.7967 39.8400 39.8835 39.8753 39.9009 39.9358 39.9524 39.9433 40.0111 40.0230 40.0588 40.1310 40.1434 40.0913 40.0888 39.9976 40.0536 40.0397 40.0174 39.9667 39.9491
40.6889 40.6993 40.6201 40.5478 40.4849 40.3588 40.2821 40.2193 40.2601 40.1569 40.2925 40.4001 40.4592 40.4436 40.4715 40.4387 40.4199 40.4091 40.4729 40.5352 40.5591 40.5518 40.5229 40.4826 40.3793 40.2732 40.2188 40.1150 40.0583 39.9495 39.9168 39.8399 39.7839 39.7853 39.8547 39.9096 39.9212 39.9568 39.9108 39.8414 39.7908 39.6871 39.6629 39.7432 39.7333 39.7601 39.7826 39.7933 39.7935 39.8055 39.8803 39.9210 39.9961 39.9703 39.9998 40.0178 39.9391 39.9579 39.9690 39.9606 39.9704 39.9902 40.0353 39.9580 39.9859 39.9916 39.8545
40.4555 40.4287 40.3208 40.3068 40.2314 40.1230 40.1455 40.0945 40.1394 40.0947 40.2677 40.3676 40.3797 40.3898 40.4139 40.4189 40.4412 40.4161 40.4249 40.4775 40.4773 40.4549 40.4159 40.4051 40.3067 40.1850 40.1246 40.0417 39.9895 39.9218 39.8781 39.8120 39.7666 39.7794 39.8617 39.9148 39.9143 39.9355 39.8807 39.8641 39.7875 39.6466 39.5823 39.6749 39.6918 39.7557 39.7453 39.7741 39.7858 39.8113 39.9070 39.9513 40.0216 39.9980 40.0064 40.0257 39.9640 39.9179 39.8998 39.8749 39.8430 39.8013 39.7947 39.7762 39.8023 39.8451 39.9452
40.4177 40.3851 40.3270 40.2552 40.1873 40.1365 40.1334 39.9815 39.9820 40.0135 40.1458 40.2064 40.2280 40.2096 40.1785 40.2133 40.2673 40.2957 40.3401 40.4083 40.4628 40.4724 40.4585 40.4128 40.3572 40.2224 40.0736 39.9912 39.9650 39.9347 39.8885 39.8631 39.8483 39.8478 39.9091 39.9596 39.9504 39.9055 39.8342 39.8201 39.7992 39.6688 39.5655 39.6518 39.7370 39.7472 39.7075 39.7657 39.7688 39.8078 39.8261 39.8832 39.8951 39.9208 39.8963 39.8596 39.8727 39.8488 39.8490 39.7741 39.8175 39.8215 39.8806 39.9148 39.9407 39.8923 39.9456
40.3938 40.3428 40.2759 40.2247 40.1483 40.0803 39.9660 39.9646 40.0042 40.0846 40.1187 40.1602 40.1706 40.1217 40.0999 40.0867 40.0807 40.1079 40.1999 40.2527 40.2885 40.3375 40.4115 40.3652 40.3489 40.2511 40.1394 40.0476 40.0108 40.0169 39.9835 39.9336 39.9109 39.9209 39.9373 39.9165 39.9028 39.8134 39.7494 39.7486 39.7432 39.6352 39.5962 39.6598 39.6558 39.6115 39.6043 39.5973 39.6279 39.7004 39.6942 39.7349 39.8301 39.8960 39.9235 39.9428 39.9456 39.9262 39.9151 39.8457 39.8822 39.8733 39.9236 39.9757 40.0015 39.9616 39.9747
40.3807 40.3283 40.2630 40.2144 40.1756 40.0945 39.9459 40.0441 40.0771 40.1058 40.1438 40.1707 40.1388 40.1271 40.1173 40.1348 40.1278 40.1326 40.1212 40.1665 40.1111 40.0860 40.0999 40.1357 40.1981 40.0831 40.0484 40.0081 40.0261 40.0371 40.0187 39.9917 39.9674 39.9040 39.9179 39.8590 39.8383 39.7080 39.6090 39.5900 39.6106 39.5127 39.5382 39.5518 39.5770 39.5715 39.5845 39.6211 39.6814 39.7076 39.7318 39.8040 39.9110 39.9762 39.9681 39.9433 39.9684 39.9737 39.9829 39.9274 39.9264 39.8937 39.9556 39.9869 40.0356 40.0260 40.0074
40.3902 40.3614 40.3130 40.3017 40.2213 40.0666 40.0401 40.0889 40.1378 40.1258 40.1560 40.2268 40.1900 40.1474 40.1396 40.1551 40.1737 40.1728 40.0825 40.0590 40.0458 39.9916 39.9953 40.0412 40.0260 39.9519 39.9106 39.8590 39.8206 39.8547 39.8555 39.8850 39.8793 39.8121 39.7309 39.5983 39.6634 39.5932 39.5476 39.5925 39.5981 39.5774 39.6278 39.6084 39.5802 39.5511 39.5514 39.5658 39.5895 39.6660 39.7236 39.7924 39.9098 39.9335 39.9352 39.9393 39.9690 39.9686 40.0048 39.9568 39.9405 39.9271 39.9518 39.9578 40.0107 40.0154 40.0054
40.3683 40.3406 40.2746 40.2541 40.1889 40.0337 40.0634 40.1078 40.1415 40.1858 40.2269 40.2619 40.2819 40.2514 40.2239 40.2296 40.2445 40.1744 40.0910 40.0438 40.0410 40.0058 39.9543 40.0054 39.9934 39.9403 39.9429 39.8852 39.8095 39.7422 39.7237 39.7033 39.6358 39.6419 39.6175 39.5716 39.5480 39.5186 39.5484 39.6343 39.6200 39.5804 39.5691 39.5740 39.5524 39.4870 39.4975 39.5620 39.6227 39.6742 39.7216 39.8389 39.9464 39.9326 39.9522 39.9440 39.9683 39.9751 40.0139 39.9904 39.9670 39.9819 40.0108 40.0205 40.0705 40.1044 40.0861
40.4122 40.3868 40.2800 40.3048 40.1714 40.0657 40.1157 40.1447 40.1445 40.2292 40.3033 40.3330 40.2913 40.3117 40.2578 40.2337 40.2554 40.1912 40.1304 40.1068 40.1161 40.0360 39.9427 39.9163 39.8709 39.8750 39.8834 39.8225 39.7905 39.7702 39.7677 39.7100 39.6830 39.6650 39.6573 39.6027 39.5724 39.5459 39.4803 39.4447 39.4565 39.3986 39.4341 39.5495 39.5630 39.5355 39.5145 39.5672 39.6206 39.6502 39.7123 39.8008 39.9162 39.9123 39.9762 39.9690 39.9859 40.0025 40.0348 40.0254 40.0104 40.0226 40.0511 40.0863 40.1663 40.2019 40.1767
40.4500 40.4109 40.3515 40.3396 40.2292 40.1827 40.2456 40.2376 40.2832 40.3554 40.3815 40.3953 40.3479 40.3009 40.2315 40.2003 40.1961 40.1367 40.0750 40.0296 39.9718 39.8773 39.7860 39.8252 39.8686 39.8811 39.8818 39.8692 39.8264 39.7610 39.7380 39.7143 39.7059 39.7265 39.7583 39.7052 39.6691 39.6372 39.5538 39.5039 39.4616 39.4322 39.4267 39.4173 39.3713 39.2933 39.3779 39.4171 39.5362 39.5968 39.7203 39.8400 39.9127 39.8958 39.9469 39.9766 40.0372 40.0368 40.0095 39.9645 39.9622 39.9992 40.0593 40.1359 40.2165 40.2593 40.2577
40.4288 40.3939 40.3581 40.3093 40.2398 40.2714 40.3116 40.3306 40.3091 40.3131 40.3196 40.2858 40.2224 40.1139 40.0967 40.1213 40.1496 40.1217 40.0621 40.0536 39.9724 39.8415 39.8031 39.8757 39.9164 39.9184 39.8655 39.8344 39.8108 39.7988 39.7859 39.7747 39.7735 39.7785 39.7967 39.7489 39.6875 39.6638 39.5185 39.4998 39.4595 39.4611 39.4883 39.4564 39.4100 39.3739 39.4080 39.4536 39.4684 39.5812 39.6425 39.7522 39.8783 39.8733 39.9440 40.0186 40.0572 40.0174 39.9821 39.9178 39.9202 39.9947 40.1131 40.1578 40.1825 40.1989 40.2817
40.2307 40.2404 40.2631 40.1976 40.1583 40.2100 40.2515 40.2226 40.2261 40.2376 40.2110 40.1920 40.1278 40.0432 40.0007 40.0211 40.0506 40.0870 40.1024 40.0670 39.9700 39.8711 39.8408 39.9357 39.9342 39.9253 39.8920 39.8437 39.8007 39.7872 39.7958 39.8058 39.8114 39.8268 39.8300 39.7720 39.7250 39.6834 39.5861 39.5365 39.5012 39.5001 39.5016 39.4918 39.4970 39.5047 39.5030 39.5548 39.5229 39.5738 39.6122 39.7046 39.8739 39.8937 39.9005 39.8923 39.8455 39.8877 39.8321 39.7790 39.8018 39.9065 40.0675 40.0933 40.2213 40.1251 40.1323
40.0204 40.1039 40.0735 39.9767 39.9144 39.9813 40.0846 40.1608 40.1412 40.1441 40.0953 40.0780 40.0553 40.0591 40.0294 40.0983 40.1034 40.1038 40.0736 40.0448 39.9872 39.8757 39.7881 39.8712 39.8180 39.8152 39.8557 39.8572 39.8218 39.8150 39.8708 39.8804 39.8502 39.8568 39.8403 39.7890 39.7562 39.7441 39.6641 39.5966 39.6037 39.6481 39.6014 39.5805 39.6314 39.6520 39.7198 39.7045 39.6704 39.6877 39.7264 39.7944 39.8485 39.8492 39.8414 39.8928 39.8137 39.7674 39.6637 39.5463 39.5461 39.5264 39.6263 39.6259 39.7505 39.8288 40.0446
40.0762 40.0975 40.0096 40.0179 39.9810 40.0266 40.0707 40.0552 39.9796 39.9588 39.9471 39.9624 40.0291 40.0644 39.9983 40.1170 40.0930 40.0521 39.9743 39.9709 39.8900 39.8227 39.8139 39.8494 39.7794 39.7133 39.7601 39.7922 39.7987 39.8457 39.9146 39.9180 39.8980 39.9066 39.8906 39.8332 39.8048 39.7990 39.7137 39.6562 39.6784 39.7084 39.6975 39.7321 39.7718 39.7636 39.7938 39.7993 39.7634 39.8026 39.7965 39.7875 39.8229 39.7990 39.7755 39.7486 39.7045 39.5888 39.5417 39.4197 39.5230 39.5369 39.5614 39.6640 39.6390 39.7461 39.8141
40.1186 40.1605 40.1528 40.1657 40.1614 40.2001 40.1799 40.1088 40.0713 39.9762 39.9864 39.9659 39.9341 39.8769 39.8588 39.9264 39.9591 39.9009 39.8470 39.8651 39.8398 39.8621 39.8617 39.8968 39.8091 39.7260 39.7258 39.7949 39.8399 39.9081 39.9641 39.9443 39.9604 39.9863 39.9692 39.8956 39.9000 39.8890 39.8330 39.8045 39.7343 39.7857 39.8867 39.9297 39.8940 39.8471 39.8317 39.8030 39.6987 39.6787 39.6210 39.6616 39.7198 39.7471 39.6924 39.6595 39.6235 39.5964 39.5154 39.4345 39.4905 39.4790 39.4759 39.5522 39.6350 39.6968 39.7587
40.1423 40.1752 40.1922 40.2351 40.2386 40.2601 40.1633 40.0824 40.0941 40.0581 40.0416 40.1594 40.2626 40.1956 40.6056 40.6269 40.3726 40.0485 39.9453 39.8989 39.7185 39.7271 39.7491 39.7935 39.7947 39.7891 39.8072 39.8627 39.9292 40.0079 40.0417 40.0034 39.9579 39.9803 39.9991 39.9922 39.9792 39.9863 39.9655 39.9456 39.9180 39.9287 39.9438 39.9063 39.8423 39.7985 39.7392 39.7214 39.6983 39.6909 39.6047 39.6174 39.6950 39.7211 39.7047 39.5837 39.6044 39.6105 39.5743 39.4851 39.4649 39.4661 39.4602 39.5114 39.6166 39.7109 39.7344
40.1193 40.1487 40.2705 40.3640 40.2847 40.2330 40.1427 40.1228 40.1152 40.0912 40.1418 40.2544 40.5389 42.0991 44.0023 45.1290 44.7001 44.4370 42.7524 41.3441 40.5639 40.0421 39.8148 39.5770 39.5512 39.5860 39.6332 39.7623 39.8802 40.0137 40.0339 40.0836 40.0648 39.9972 39.9713 39.9677 39.9858 39.9548 39.9607 39.9205 39.8862 39.9182 39.9660 39.9583 39.8764 39.8374 39.7683 39.7905 39.7299 39.6540 39.6590 39.6818 39.7524 39.7619 39.7421 39.6668 39.6349 39.6877 39.6231 39.5169 39.4866 39.4646 39.5398 39.5943 39.6765 39.7522 39.7727
40.0985 40.1599 40.3171 40.3777 40.2897 40.2321 40.1683 40.1328 40.1418 40.1335 40.2901 40.4407 41.8653 44.3719 49.8154 51.0589 50.7864 52.7597 47.7667 43.8982 41.7116 41.4128 40.1007 39.7245 39.6431 39.6738 39.7256 39.8266 39.8826 39.8986 39.8858 39.8046 39.6978 39.7189 39.7823 39.8518 39.8536 39.9784 40.0461 40.0404 40.0441 40.0753 40.1133 40.0867 40.0237 40.0008 39.9175 39.8675 39.7706 39.7098 39.7332 39.7821 39.8617 39.8958 39.8606 39.7759 39.7195 39.7619 39.7399 39.6551 39.5827 39.5148 39.6028 39.6551 39.6846 39.6982 39.7538
40.0905 40.1963 40.3578 40.4038 40.3516 40.2434 40.1532 40.1194 40.1357 40.1499 40.3007 40.4852 41.9289 46.5044 53.4237 52.8217 55.6020 55.2286 51.5267 42.6283 43.3032 41.0031 40.1388 39.8985 39.7355 39.7219 39.7606 39.7989 39.8266 39.9107 39.9165 39.8989 39.8661 39.7886 39.7892 39.8458 39.8739 39.9342 39.9643 40.0042 40.0338 40.0786 40.1257 40.1557 40.1943 40.1197 40.0679 39.9352 39.8262 39.7728 39.7836 39.8358 39.8706 39.9238 39.9079 39.8399 39.7789 39.8183 39.7995 39.7456 39.6849 39.6127 39.6665 39.6884 39.6859 39.7229 39.7171
40.1519 40.2681 40.3900 40.3847 40.3320 40.2048 40.1302 40.0971 40.1327 40.2066 40.3580 40.4526 41.3515 44.4193 48.0972 50.4584 51.5383 52.0976 49.6115 43.1599 42.7021 40.8308 39.9512 39.7196 39.7338 39.7932 39.8397 39.9020 39.9185 39.9477 39.9581 39.9704 39.9960 39.9719 39.9628 39.9930 40.0111 40.0677 40.0749 40.0336 40.0196 40.0679 40.0318 40.0465 40.0127 39.9969 40.0003 39.9145 39.8267 39.8490 39.8476 39.8574 39.8596 39.9426 39.9057 39.8303 39.8042 39.8259 39.7744 39.7727 39.7272 39.6912 39.7227 39.7506 39.7383 39.6855 39.6413
40.2374 40.3552 40.4209 40.3364 40.2773 40.1681 40.0886 40.0683 40.1254 40.2169 40.2867 40.2701 40.4355 40.9444 42.9028 43.5058 43.1187 42.6241 41.5857 40.6613 39.9966 39.7237 39.6939 39.7480 39.7740 39.8254 39.9127 39.9758 40.0096 40.0245 40.0433 40.0520 40.0985 40.1031 40.0830 40.0925 40.0910 40.1363 40.1091 40.0368 40.0466 40.0643 40.0860 40.1055 40.0601 39.9989 39.8996 39.8556 39.7723 39.6870 39.6291 39.6855 39.7286 39.8356 39.9203 39.8566 39.8072 39.7518 39.6716 39.6539 39.7180 39.7551 39.7903 39.7572 39.7507 39.7350 39.6955
40.3086 40.4360 40.3495 40.2360 40.1573 40.0588 40.0042 39.9591 39.9914 40.0684 40.1384 40.0969 39.9914 39.8729 40.0952 40.1906 40.3500 40.5035 40.5793 40.3208 39.9478 39.7043 39.7061 39.7271 39.7944 39.8924 39.9712 40.0299 40.0526 40.0383 40.0743 40.0878 40.1420 40.1934 40.1743 40.1740 40.1641 40.1755 40.1319 40.1150 40.1140 40.1199 40.0980 40.1336 40.1258 40.0813 39.9629 39.9237 39.8100 39.6948 39.6360 39.6013 39.5911 39.5821 39.6613 39.6693 39.6079 39.6885 39.6097 39.6259 39.7666 39.7652 39.8221 39.7840 39.7454 39.8008 39.7113
40.0855 40.1093 40.0443 39.9624 39.9342 39.8929 39.9145 39.8836 39.9445 39.9798 40.0181 40.0051 39.9257 39.7927 39.8526 39.8217 40.0061 40.3469 40.6748 40.4729 40.2038 39.7797 39.6403 39.7021 39.8117 39.8832 39.9464 40.0136 40.0506 40.0548 40.0845 40.1022 40.1598 40.2156 40.2281 40.1752 40.1571 40.1788 40.1315 40.1300 40.0827 40.1326 40.1231 40.1272 40.0829 40.0270 39.9316 39.8376 39.8049 39.7153 39.6632 39.6347 39.6305 39.5882 39.6010 39.5844 39.5573 39.5846 39.6228 39.5841 39.5477 39.5530 39.6572 39.6516 39.5887 39.6142 39.6547
40.0040 39.9639 39.9240 39.8855 39.8647 39.8274 39.7693 39.7031 39.7131 39.7639 39.8278 39.8551 39.8336 39.6641 39.6506 39.7349 40.0274 40.2032 40.5728 40.5327 40.3982 39.9392 39.6148 39.6358 39.7786 39.8560 39.9502 40.0006 40.0556 40.0821 40.0858 40.1291 40.1774 40.2487 40.2739 40.2348 40.2123 40.1950 40.1499 40.1398 40.1030 40.1154 40.1000 40.0299 39.9511 39.9011 39.8938 39.8567 39.7885 39.7453 39.7018 39.6740 39.7292 39.6544 39.6603 39.5959 39.5452 39.5084 39.4553 39.4679 39.4625 39.5260 39.5318 39.5691 39.6076 39.5766 39.5735
39.9962 39.9197 39.8506 39.8429 39.8651 39.8578 39.7742 39.6987 39.7050 39.6625 39.6603 39.6456 39.5556 39.4412 39.4702 39.5522 39.6606 39.9253 40.1681 40.1446 40.3751 40.2389 39.8101 39.6836 39.8069 39.8787 39.9743 40.0205 40.0510 40.0652 40.0879 40.1365 40.1558 40.1938 40.2024 40.2316 40.2438 40.2335 40.2207 40.1440 40.0583 40.0350 40.0184 39.9364 39.8857 39.8308 39.7997 39.7734 39.7348 39.6655 39.6703 39.6525 39.6090 39.5161 39.5164 39.5543 39.5541 39.5521 39.5415 39.5295 39.4721 39.5410 39.5549 39.6257 39.6987 39.6838 39.6469
39.9372 39.9154 39.8398 39.8187 39.8072 39.7991 39.7489 39.6630 39.6714 39.6471 39.6487 39.6278 39.5736 39.4846 39.4954 39.5414 39.5605 39.7917 39.9408 39.9015 40.0614 40.1961 39.9470 39.7899 39.8574 39.9608 40.0326 40.0702 40.1076 40.0872 40.0961 40.1192 40.1228 40.1365 40.1544 40.1985 40.2175 40.1900 40.2148 40.1389 40.0841 40.0667 39.9691 39.8348 39.7923 39.7287 39.6464 39.6893 39.6868 39.6997 39.6943 39.6635 39.7014 39.6408 39.6511 39.6561 39.6200 39.6049 39.5915 39.5588 39.5282 39.5735 39.6082 39.6498 39.7298 39.7525 39.8041
39.8767 39.8857 39.8688 39.8448 39.7905 39.7796 39.7331 39.7280 39.7375 39.6946 39.6644 39.6572 39.5795 39.5199 39.5220 39.5773 39.6323 39.8382 39.9358 39.8944 39.9290 40.0526 39.9959 39.8148 39.7520 39.8586 39.9115 39.9550 40.0180 40.0533 40.0832 40.0971 40.1207 40.1509 40.1616 40.1613 40.1558 40.0840 40.0698 40.0441 40.0297 40.0229 39.9230 39.8537 39.7423 39.7322 39.6978 39.7615 39.7712 39.7493 39.7206 39.7347 39.7691 39.7317 39.7232 39.6918 39.6694 39.6412 39.6392 39.5892 39.6308 39.6635 39.7079 39.7730 39.8412 39.8467 39.8898
39.8347 39.8506 39.8216 39.8106 39.7598 39.7320 39.7047 39.7204 39.7686 39.7330 39.7157 39.6949 39.6851 39.6064 39.6383 39.6765 39.7310 39.8844 39.9615 39.9307 39.9309 40.0043 40.1056 40.0829 39.9934 39.9934 39.9299 39.9060 39.9416 39.9635 39.9688 39.9599 39.9801 39.9899 39.9733 40.0278 40.0712 40.0592 40.0977 40.1412 40.1003 40.1218 40.0123 39.8993 39.7815 39.7462 39.7774 39.8199 39.7850 39.7625 39.7712 39.7885 39.8242 39.7934 39.7991 39.7753 39.7285 39.7036 39.7245 39.6956 39.7641 39.7748 39.8370 39.8875 39.9181 39.9153 39.9418
39.8593 39.8838 39.8745 39.8604 39.8449 39.7882 39.7613 39.7844 39.8242 39.8064 39.7684 39.7759 39.7507 39.6987 39.7022 39.7156 39.7635 39.8873 40.0060 39.9963 39.9901 40.0152 40.1156 40.1708 40.0982 40.0793 39.9279 39.8468 39.8269 39.8941 39.9081 39.9499 39.9875 39.9382 39.9004 39.9237 39.9044 39.8769 39.9107 40.0273 40.1219 40.0988 40.1285 40.0660 39.9356 39.8779 39.9337 39.9690 39.9047 39.8662 39.8567 39.8516 39.9079 39.8399 39.8372 39.7853 39.7676 39.7770 39.8122 39.7612 39.8431 39.9216 39.9783 40.0291 40.0516 40.0384 40.0429
