regresion/ABRIL_2003/MODIS/Composicion (B12).txt
ncols         167
nrows         127
xllcorner     -112.012
yllcorner     26.720
cellsize      0.00898
[rows 0 to 28 of 127, columns 0 to 66 of 167]
40.3935 40.4082 40.3734 40.3094 40.2941 40.2886 40.2631 40.2923 40.2622 40.2748 40.2043 40.1635 40.1477 40.1607 40.1710 40.1136 40.0821 40.0213 39.9589 39.9368 39.8038 39.7496 39.7582 39.8327 39.8677 39.9361 39.9864 39.9997 40.0189 40.0298 40.0436 40.0519 40.0571 40.1039 40.1603 40.1776 40.1345 40.2026 40.1897 40.2150 40.1945 40.1940 40.1921 40.1455 40.0171 39.8949 39.6907 39.6476 39.4857 39.4735 39.5070 39.5741 39.6533 39.6128 39.5758 39.6088 39.6428 39.6695 39.6256 39.6252 39.5939 39.4495 39.3717 39.2807 39.3088 39.5476 39.6969
40.4724 40.5345 40.5287 40.5029 40.4336 40.3516 40.2799 40.2157 40.2254 40.1337 40.0449 40.0774 40.1328 40.1635 40.1157 40.1604 40.1501 40.0869 39.9679 39.9592 39.8272 39.7807 39.7854 39.8717 39.9076 39.9120 39.9105 40.0065 40.0283 40.0602 40.0681 40.0721 40.0444 40.0268 40.0628 40.1608 40.1362 40.2644 40.2649 40.2735 40.2667 40.2879 40.2695 40.1773 40.0695 39.8851 39.7587 39.7014 39.5749 39.5626 39.6116 39.6374 39.6450 39.6177 39.5718 39.5481 39.4775 39.4141 39.4188 39.4603 39.5266 39.4039 39.4014 39.3197 39.3581 39.4983 39.6244
40.5377 40.5999 40.5761 40.5504 40.5474 40.4854 40.4261 40.3834 40.3579 40.2618 40.1535 40.1224 40.0995 40.0297 39.9774 39.9564 39.9275 39.9389 39.9309 39.9363 39.8822 39.8641 39.8766 39.9597 39.9849 39.9566 39.9079 39.9805 40.0541 40.0489 40.0609 40.0535 40.0633 40.0191 40.0257 40.1580 40.1373 40.3002 40.3047 40.3164 40.2974 40.3013 40.2490 40.1683 40.1219 39.9946 39.8417 39.7366 39.5794 39.4658 39.3855 39.4163 39.4563 39.4527 39.4493 39.4789 39.5617 39.5127 39.4818 39.4952 39.4843 39.4022 39.4386 39.3932 39.4540 39.5524 39.6523
40.6093 40.5748 40.5634 40.5751 40.5081 40.4498 40.4484 40.4671 40.4476 40.4498 40.3511 40.3267 40.2778 40.1536 40.1041 40.0723 40.0121 39.9477 39.8484 39.8542 39.7352 39.6439 39.6671 39.8153 39.9187 39.9043 39.9050 39.9470 40.0187 40.0877 40.0922 40.0890 40.0620 40.0671 40.1152 40.2145 40.2315 40.3485 40.3797 40.3452 40.2161 40.1772 40.0702 39.9707 39.9081 39.7851 39.7081 39.6883 39.5898 39.4981 39.5291 39.5983 39.6706 39.6341 39.6085 39.6359 39.6296 39.6469 39.5573 39.5482 39.5243 39.5251 39.5389 39.4982 39.5003 39.5295 39.6017
40.5669 40.5270 40.5138 40.5746 40.5250 40.5149 40.5475 40.6075 40.5820 40.5648 40.5023 40.4353 40.4110 40.3224 40.2120 40.1580 40.0533 40.0215 39.9455 39.9434 39.7694 39.6978 39.6886 39.7894 39.8360 39.8437 39.7525 39.7221 39.7843 39.9623 39.9821 40.0402 40.1346 40.2136 40.2087 40.2425 40.2504 40.2665 40.2393 40.1203 40.0304 40.0565 39.9608 39.8793 39.9334 39.8612 39.8889 39.8566 39.7449 39.6378 39.6181 39.6501 39.6733 39.7003 39.7010 39.6957 39.6945 39.6673 39.5454 39.5242 39.5633 39.6329 39.6827 39.6112 39.5238 39.5090 39.6049
40.6046 40.5504 40.5179 40.5927 40.6714 40.7010 40.7082 40.7345 40.7162 40.6893 40.6555 40.6719 40.6292 40.5361 40.4240 40.3379 40.2270 40.1585 40.0827 40.0783 39.8729 39.7714 39.7287 39.7880 39.8852 39.9135 39.8493 39.7917 39.7455 39.8931 39.8861 39.8742 39.8174 39.8783 39.9745 40.1198 40.0803 40.1849 40.1730 40.0729 40.0039 39.9815 39.9707 39.9536 39.9989 39.9668 39.9698 40.0054 39.9169 39.8284 39.8094 39.8108 39.8195 39.7933 39.7812 39.7989 39.7392 39.6066 39.4817 39.4671 39.5827 39.6581 39.6769 39.6497 39.5990 39.5686 39.6563
40.6603 40.6343 40.6082 40.6681 40.7422 40.8522 40.8037 40.8332 40.8184 40.7721 40.7325 40.7364 40.7553 40.6419 40.5442 40.4597 40.3246 40.2800 40.1629 40.1147 39.9671 39.8573 39.7498 39.7364 39.7597 39.7299 39.7159 39.6839 39.7345 39.7857 39.8148 39.8776 39.9647 40.0686 40.1318 40.1288 40.1098 40.1403 40.0680 39.9749 39.9458 39.9756 39.9505 40.0245 40.1193 40.0976 40.0660 40.0664 39.9968 39.9184 39.9350 39.9405 39.9722 39.9213 39.9165 39.8906 39.7488 39.5947 39.4898 39.4813 39.6358 39.6741 39.7158 39.7177 39.6978 39.6603 39.6754
40.6536 40.6906 40.7435 40.8176 40.8544 40.9652 40.9500 40.9010 40.9262 40.8563 40.8258 40.8297 40.8344 40.7533 40.6846 40.5891 40.4450 40.2983 40.1385 39.9965 39.9204 39.7196 39.5802 39.6131 39.7028 39.7891 39.8127 39.8656 39.9203 40.0111 40.0249 40.1153 40.2189 40.2668 40.2657 40.2278 40.2089 40.1973 40.0701 39.9089 39.9094 39.9555 39.9217 39.9031 39.9718 39.9734 40.0161 39.9641 39.9297 39.9687 40.0421 40.0047 40.0571 40.0650 40.0309 39.9488 39.8302 39.6322 39.5134 39.5190 39.6725 39.6942 39.7214 39.7283 39.7481 39.7405 39.6906
40.5518 40.6121 40.7915 40.8326 40.9591 41.0160 40.9905 40.9880 40.9810 40.9301 40.8347 40.8381 40.8641 40.7817 40.7192 40.6834 40.5507 40.3461 40.1927 40.1123 40.0243 39.8859 39.7505 39.7175 39.7191 39.8076 39.8192 39.9394 40.0962 40.2218 40.2496 40.3471 40.3863 40.4212 40.4042 40.3188 40.2646 40.2246 40.0673 39.9032 39.9069 39.9032 39.9581 39.9721 39.9874 39.9575 39.9693 39.9908 39.8942 39.8161 39.8258 39.9043 39.9415 39.9711 40.0104 39.9906 39.8960 39.7429 39.6177 39.5704 39.6758 39.6830 39.6907 39.7467 39.7958 39.7540 39.6654
40.4587 40.6309 40.8393 40.8698 40.9596 41.0050 40.9640 40.8672 40.8033 40.7917 40.7969 40.8231 40.7825 40.7751 40.7427 40.7299 40.6448 40.4894 40.3514 40.3038 40.1914 40.1007 39.9709 39.9143 39.8715 39.9179 39.9197 40.0814 40.2493 40.3137 40.3570 40.4104 40.4632 40.4538 40.4308 40.3681 40.3311 40.2831 40.1478 40.0211 39.9932 39.9906 39.9784 40.0046 40.0115 39.9893 40.0095 40.0236 40.0239 39.9489 39.8519 39.8497 39.8737 39.8841 39.8799 39.7789 39.6869 39.6753 39.5764 39.5757 39.6919 39.7053 39.6743 39.7388 39.8122 39.7667 39.6461
40.2757 40.2719 40.3479 40.4269 40.5479 40.7014 40.8739 40.9288 40.9387 40.9021 40.8658 40.9337 40.8985 40.8888 40.8708 40.8093 40.7530 40.6304 40.5406 40.4616 40.3235 40.2147 40.0916 40.0649 40.0159 40.0216 40.0373 40.1905 40.3064 40.3422 40.3892 40.4501 40.5106 40.4988 40.4622 40.4239 40.4093 40.3418 40.2747 40.1666 40.1307 40.0976 40.0530 40.0533 40.0396 40.0232 40.0131 40.0188 40.0464 40.0186 39.8948 39.8394 39.8511 39.8368 39.8305 39.7583 39.7316 39.6731 39.6374 39.5769 39.5534 39.4688 39.4392 39.4780 39.5827 39.6138 39.6136
40.3824 40.3719 40.4430 40.5175 40.5890 40.6356 40.7131 40.7883 40.8377 40.8145 40.8187 40.8895 40.9113 40.9271 40.8978 40.8159 40.7161 40.6398 40.5547 40.4758 40.3219 40.2702 40.1813 40.1267 40.0834 40.0787 40.1064 40.2619 40.3930 40.4126 40.4424 40.4787 40.4818 40.4848 40.4476 40.3956 40.4041 40.3304 40.2789 40.2807 40.2654 40.2279 40.1553 40.0993 40.0847 40.0769 40.1129 40.1339 40.1216 40.0655 39.8981 39.8031 39.7808 39.7180 39.7435 39.6469 39.6100 39.5621 39.4998 39.4720 39.4693 39.4345 39.4152 39.3945 39.4752 39.5278 39.5221
40.5444 40.5231 40.5562 40.6024 40.6650 40.7294 40.7792 40.8422 40.8866 40.8692 40.7666 40.7645 40.7302 40.7147 40.7217 40.6677 40.5784 40.5490 40.5321 40.5007 40.3843 40.3176 40.3001 40.2761 40.2550 40.2232 40.2865 40.3609 40.4394 40.4561 40.4984 40.5263 40.5454 40.5321 40.5039 40.4306 40.4140 40.3377 40.2764 40.3303 40.3274 40.3072 40.2549 40.1923 40.1260 40.0971 40.1483 40.1476 40.0557 39.9467 39.7944 39.7245 39.6620 39.5881 39.6041 39.5133 39.5336 39.5810 39.5865 39.5558 39.5444 39.5011 39.4901 39.4571 39.5064 39.5745 39.6176
40.7700 40.7307 40.7150 40.7129 40.6422 40.6587 40.7476 40.8223 40.9092 40.9239 40.8395 40.8096 40.7451 40.7512 40.7882 40.6814 40.5935 40.4879 40.4228 40.3895 40.2496 40.1975 40.2177 40.2545 40.2864 40.3056 40.3833 40.3564 40.3597 40.3935 40.5045 40.5359 40.5635 40.5140 40.4600 40.3440 40.3446 40.3432 40.2918 40.3272 40.3344 40.3154 40.2744 40.2072 40.0382 39.9836 39.9270 39.9687 39.9057 39.8609 39.8041 39.7810 39.7601 39.6545 39.6877 39.5950 39.5912 39.6184 39.6362 39.6179 39.5891 39.5637 39.5011 39.4884 39.4973 39.5179 39.5885
40.8905 40.9526 40.9498 40.9637 40.8395 40.8435 40.9518 40.9290 41.0446 41.0628 40.9436 40.9008 40.8628 40.8680 40.8859 40.8044 40.7083 40.6474 40.5511 40.5078 40.4268 40.3338 40.2632 40.2062 40.1716 40.1925 40.2246 40.1932 40.1677 40.2702 40.3153 40.4169 40.3814 40.3637 40.3392 40.2958 40.3109 40.3220 40.2650 40.2182 40.1156 40.1059 40.0836 40.0543 40.0067 39.9494 39.9275 39.9636 39.9726 39.9288 39.8999 39.8768 39.8821 39.7600 39.6836 39.6494 39.6083 39.5381 39.5245 39.6001 39.5956 39.5688 39.5338 39.5121 39.4763 39.4914 39.5523
41.1051 41.1359 40.9309 40.9613 40.9774 41.0489 40.9825 41.1259 41.1988 41.2219 41.0869 41.0160 40.9734 40.9439 40.9939 40.9439 40.8914 40.8132 40.7426 40.6827 40.5664 40.4271 40.4009 40.3795 40.2929 40.3203 40.2615 40.1269 40.0525 40.0251 40.0364 40.0704 40.0772 40.1285 40.1200 40.0928 40.1108 40.2279 40.2603 40.2624 40.1862 40.1597 40.1602 40.1416 40.0857 40.0450 39.9515 39.9719 39.9620 39.9286 39.9211 39.9495 39.9543 39.8330 39.7287 39.6714 39.6918 39.6650 39.5757 39.5810 39.5629 39.5960 39.5696 39.5753 39.5112 39.4994 39.5756
41.2243 41.3357 41.2753 41.2927 41.2351 41.2022 41.2514 41.3235 41.3755 41.2934 41.1320 41.1215 41.0184 40.9939 41.0253 40.9667 40.9457 40.9385 40.8945 40.8659 40.7635 40.5869 40.5455 40.4966 40.4214 40.3990 40.2710 40.1969 40.0837 39.9255 39.8823 39.8435 39.9036 39.9500 39.9847 40.0008 40.0009 40.0297 40.1176 40.1980 40.1834 40.1269 40.1182 40.1141 40.1148 40.0932 40.0246 40.0161 39.9375 39.9234 39.9236 39.9926 39.9862 39.9183 39.8486 39.7588 39.7585 39.7033 39.6473 39.6285 39.6068 39.5949 39.6397 39.6417 39.6313 39.5873 39.6638
41.2253 41.3040 41.2920 41.3053 41.3543 41.3185 41.2981 41.3951 41.4475 41.3994 41.2539 41.1413 41.0405 41.0256 41.0587 41.0208 40.9524 40.9291 40.9126 40.8760 40.7685 40.6372 40.6027 40.5380 40.4181 40.3404 40.2749 40.2539 40.2009 40.1499 40.0269 39.9878 39.9245 39.9703 40.0706 40.1449 40.1290 40.1482 40.1332 40.1743 40.1359 40.1360 40.0634 40.0152 40.0086 40.0536 40.0334 40.0009 39.9599 39.9655 39.9684 39.9971 40.0175 39.9883 39.9320 39.8683 39.8266 39.7722 39.7071 39.6755 39.6622 39.6794 39.7123 39.7375 39.7019 39.6657 39.7194
41.0860 41.2290 41.2510 41.2902 41.3799 41.4092 41.3965 41.4399 41.4381 41.4202 41.3154 41.1616 40.9983 40.8936 40.9468 40.8996 40.7892 40.7734 40.8011 40.8115 40.7297 40.6545 40.6262 40.5405 40.4105 40.3572 40.3218 40.3259 40.2895 40.2430 40.1608 40.0427 39.9849 40.0403 40.2000 40.2818 40.2529 40.2634 40.2352 40.2263 40.2190 40.2014 40.1529 40.0722 40.0408 40.0132 39.9657 39.9320 39.8662 39.8580 39.8912 39.9482 39.9744 40.0488 40.0538 39.9425 39.9229 39.8353 39.7472 39.7233 39.7728 39.7809 39.8008 39.8205 39.7840 39.7595 39.7374
40.8526 41.0292 41.1039 41.1529 41.2575 41.2840 41.3510 41.3206 41.2992 41.3228 41.2975 41.1883 41.0519 40.9176 40.8260 40.7898 40.7879 40.7622 40.7488 40.7747 40.6688 40.6187 40.6450 40.5276 40.3729 40.3125 40.3320 40.3515 40.2990 40.2448 40.1836 40.0059 39.9839 40.0104 40.1432 40.2023 40.2231 40.2378 40.2284 40.2363 40.2823 40.2771 40.2731 40.2242 40.1597 40.1095 40.0626 40.0328 39.9989 39.9246 39.8602 39.8578 39.9066 39.9465 39.9112 39.8145 39.7925 39.8217 39.7591 39.7981 39.8413 39.8547 39.8689 39.9114 39.8762 39.8399 39.7436
40.5316 40.5529 40.6760 40.6898 40.9166 41.0964 41.2549 41.2383 41.2747 41.2976 41.2519 41.1305 40.9850 40.8870 40.8146 40.8739 40.8709 40.7659 40.7620 40.8224 40.7568 40.6813 40.6586 40.5216 40.3671 40.3186 40.3421 40.3332 40.2984 40.2242 40.1847 40.1110 40.0542 40.0901 40.1365 40.1683 40.1772 40.1864 40.1793 40.2061 40.2739 40.2963 40.3036 40.2895 40.2256 40.2321 40.1900 40.1625 40.1271 40.0178 39.9617 39.9355 39.9475 39.9681 39.9475 39.8640 39.7901 39.7938 39.7697 39.7243 39.7056 39.6747 39.7201 39.7627 39.7576 39.7383 39.6678
40.5414 40.6552 40.7407 40.7354 40.7850 40.9253 40.9875 40.9983 41.0438 41.1186 41.2365 41.2363 41.2035 41.1328 41.0458 40.9817 40.8797 40.7788 40.7524 40.8394 40.6947 40.6430 40.6251 40.5005 40.3500 40.3284 40.3688 40.3875 40.3434 40.2872 40.2687 40.2083 40.1977 40.1839 40.1498 40.0916 40.0470 40.1084 40.0710 40.1271 40.2240 40.2715 40.2902 40.2977 40.2907 40.3214 40.3114 40.2439 40.2002 40.1224 40.0588 40.0373 40.0209 40.0359 40.0402 39.9521 39.8170 39.7275 39.6800 39.5853 39.5581 39.5088 39.4925 39.5726 39.6913 39.6744 39.6169
40.6248 40.7619 40.8475 40.8765 40.9273 41.0669 41.0919 40.9981 41.0246 41.0045 41.0836 41.0988 41.0217 40.9980 40.9560 40.9561 40.8638 40.8259 40.7740 40.8320 40.7007 40.6010 40.6085 40.4479 40.3376 40.3642 40.4393 40.4260 40.3679 40.2947 40.2571 40.2260 40.2952 40.3125 40.2244 40.0943 40.0208 40.0762 40.0428 40.0757 40.1204 40.1708 40.2017 40.2575 40.3035 40.3283 40.3777 40.4095 40.3119 40.2112 40.0839 40.0381 39.9684 39.9409 39.9062 39.8157 39.7519 39.6857 39.6277 39.6258 39.5799 39.5234 39.5166 39.5703 39.6713 39.7619 39.7486
40.8173 40.9046 40.9931 40.9602 40.9894 41.0389 41.0147 40.9125 40.9316 40.9054 41.0210 41.0992 41.0405 40.9684 40.9506 40.9110 40.8278 40.7717 40.6833 40.7644 40.6359 40.5394 40.5410 40.4377 40.3734 40.4022 40.5079 40.4464 40.3926 40.3326 40.2914 40.2726 40.3093 40.2826 40.1817 40.0351 39.9923 40.0038 40.0253 40.0629 40.0691 40.1104 40.1692 40.1883 40.1618 40.1651 40.1875 40.1727 40.1068 40.1156 40.1075 40.0325 40.0450 39.9853 39.9825 39.9172 39.8396 39.7283 39.7022 39.6454 39.6513 39.6142 39.5794 39.6202 39.6934 39.7783 39.8299
40.7337 40.9144 40.9990 40.9387 40.9862 40.9424 40.9002 40.8503 40.8352 40.8513 40.9359 40.9842 41.0026 40.9574 40.9320 40.8877 40.8159 40.8281 40.7883 40.7986 40.6543 40.5131 40.4302 40.3096 40.2135 40.2629 40.3861 40.3685 40.3974 40.3855 40.3297 40.2266 40.1857 40.1722 40.1224 40.0240 39.9885 39.9079 39.8751 39.8843 39.8658 39.8519 39.8901 39.9863 40.0262 40.1002 40.0859 40.1153 40.1437 40.2137 40.2186 40.1894 40.1646 40.0507 39.9866 39.9450 39.9236 39.7763 39.7598 39.7290 39.7408 39.6959 39.6739 39.7085 39.6695 39.7080 39.7879
40.7401 40.9644 41.0109 40.9472 40.9958 40.9060 40.8334 40.7998 40.7337 40.7103 40.7634 40.8500 40.8707 40.8734 40.8932 40.8924 40.8303 40.8328 40.8106 40.8014 40.6969 40.5799 40.4833 40.4041 40.3040 40.3247 40.3245 40.2481 40.1840 40.1278 40.0604 39.9303 39.8721 39.9108 39.9377 39.9242 39.8824 39.8833 39.8568 39.8155 39.7950 39.8512 39.9014 39.9971 40.0277 40.0557 40.0697 40.1242 40.1941 40.2445 40.2543 40.2217 40.1886 40.1211 40.0414 39.9641 39.9539 39.8436 39.8303 39.7698 39.7509 39.7349 39.7138 39.7153 39.5920 39.6091 39.7369
40.8472 40.9553 40.9684 40.9292 40.8876 40.7975 40.7390 40.6517 40.6019 40.5653 40.6640 40.7176 40.7588 40.7801 40.8757 40.8919 40.8828 40.8994 40.8109 40.8522 40.7784 40.6875 40.5831 40.5032 40.3573 40.3227 40.2203 40.1435 40.0756 39.9340 39.8898 39.7583 39.7328 39.7489 39.8178 39.7611 39.7069 39.7676 39.7647 39.7175 39.8029 39.8545 39.8844 39.9254 39.9935 40.0167 40.0184 40.0673 40.1544 40.1896 40.1665 40.1591 40.1528 40.0773 40.0426 39.9528 39.9690 39.9030 39.8880 39.8451 39.7969 39.7736 39.7057 39.7027 39.6269 39.5814 39.6638
40.8918 40.9112 40.8897 40.8937 40.8635 40.7515 40.6549 40.5615 40.5507 40.5202 40.5868 40.6338 40.6338 40.7589 40.7891 40.8243 40.8751 40.8231 40.7988 40.7803 40.7226 40.6223 40.4936 40.3309 40.2071 40.2044 40.1233 40.1012 40.0675 39.9603 39.9040 39.8157 39.8382 39.7912 39.8056 39.7934 39.7408 39.8029 39.7556 39.6880 39.6514 39.6804 39.7373 39.8318 39.8992 39.9743 39.9636 39.9850 40.0123 40.1132 40.1236 40.0963 40.1006 40.0224 40.0131 39.9539 40.0078 39.9752 39.9514 39.9286 39.8573 39.8478 39.7856 39.7847 39.7128 39.6259 39.6777
40.8617 40.8998 40.9252 40.9400 40.8408 40.6872 40.5934 40.5124 40.5636 40.5617 40.5537 40.5645 40.6181 40.6390 40.6260 40.5920 40.5539 40.5376 40.5868 40.6663 40.6546 40.5770 40.4806 40.3917 40.3382 40.3244 40.1908 40.1292 40.0686 39.9886 39.9682 39.8931 39.8717 39.8523 39.8425 39.8568 39.8546 39.9279 39.9272 39.8112 39.7264 39.6704 39.7332 39.7269 39.7828 39.7899 39.7741 39.7525 39.8006 39.9073 40.0313 40.1309 40.1204 40.0965 40.0623 40.0169 40.0754 40.0927 40.0883 40.0095 39.9336 39.9201 39.9268 39.9082 39.8733 39.7718 39.7808
