regresion/ABRIL_2003/MODIS/Composicion (B10).txt
ncols         167
nrows         127
xllcorner     -112.012
yllcorner     26.720
cellsize      0.00898
[rows 87 to 115 of 127, columns 0 to 66 of 167]
75.2932 75.4736 76.8420 82.7365 86.1199 80.2333 82.6642 85.1831 82.6459 72.0344 64.4626 62.9394 61.3809 60.7125 60.4277 60.2530 60.0801 59.9138 59.8493 59.8315 59.8425 59.8865 59.8187 59.7962 59.7652 59.7162 59.7023 59.7004 59.6659 59.6611 59.6877 59.7755 59.7653 59.7252 59.7785 59.7558 59.7188 59.7044 59.6122 59.5623 59.5042 59.5362 59.5513 59.5485 59.5771 59.5815 59.5734 59.6508 59.7205 59.7929 59.7896 59.7736 59.7631 59.7027 59.6494 59.5574 59.3789 59.1825 59.1203 59.0956 59.0855 58.9688 58.8885 58.8940 58.8758 58.8862 58.8465
63.5817 60.0386 65.8906 73.3675 72.7756 68.6647 65.3366 78.3947 83.3677 74.2659 65.4330 63.6880 62.1032 61.3993 60.6805 60.6569 60.2308 60.0500 59.8749 59.8786 59.8805 59.9778 59.9792 59.9325 59.8879 59.8502 59.8223 59.7405 59.6590 59.6706 59.6614 59.6987 59.6734 59.6181 59.6201 59.6131 59.5985 59.5810 59.5511 59.5482 59.5944 59.5998 59.6452 59.6174 59.6020 59.5582 59.5970 59.6821 59.7273 59.7998 59.8298 59.7938 59.8071 59.7300 59.6889 59.5598 59.4188 59.2941 59.2804 59.1731 59.0941 59.0024 58.9316 58.9189 58.9517 58.9546 58.9198
61.2588 52.6275 55.7291 65.4457 63.5894 65.3628 71.4157 78.9464 76.0645 71.0493 66.2461 65.3858 63.9706 62.6651 61.4689 60.8493 60.3678 60.1893 60.0046 59.9724 59.9550 59.9858 60.0057 59.9705 59.8511 59.8047 59.7041 59.6283 59.6047 59.6532 59.6887 59.7199 59.7295 59.7049 59.6960 59.6772 59.6629 59.6876 59.6771 59.5944 59.5496 59.5538 59.5137 59.4585 59.4801 59.4876 59.5816 59.6937 59.7609 59.7690 59.8103 59.7996 59.8027 59.7271 59.6583 59.5714 59.4550 59.3561 59.3198 59.1880 59.1039 59.0499 58.9964 59.0047 58.9803 58.9357 58.9517
65.9452 67.8934 57.3054 65.8884 69.7586 66.7029 66.7655 70.3689 71.0790 70.6701 69.0416 68.8026 68.5456 66.0343 62.9219 61.2121 60.6132 60.3157 60.0733 59.9425 59.8235 59.8476 59.8902 59.8647 59.7965 59.8208 59.7595 59.7627 59.7473 59.7537 59.7652 59.7393 59.7369 59.7190 59.7256 59.7242 59.7256 59.7573 59.7867 59.7779 59.7215 59.6982 59.6366 59.5793 59.5540 59.5248 59.5288 59.5452 59.5699 59.6145 59.6548 59.7535 59.7359 59.6739 59.6493 59.5712 59.4928 59.3921 59.3423 59.2354 59.1694 59.1189 59.0942 59.1181 59.0586 58.9903 59.0336
55.3207 64.7655 58.0302 68.7968 66.7128 67.5895 69.5981 68.6594 69.5406 71.8577 72.5398 72.1966 71.7927 68.7295 63.1246 61.3860 60.6532 60.2897 60.1236 60.0659 59.9726 59.9589 59.9520 59.8952 59.8101 59.8195 59.8109 59.8418 59.8030 59.8144 59.8167 59.7675 59.7153 59.7263 59.7539 59.7773 59.7972 59.8516 59.8831 59.8768 59.8470 59.8250 59.7994 59.7126 59.6941 59.6614 59.6385 59.6349 59.6286 59.5940 59.5703 59.5813 59.5944 59.6145 59.5858 59.5292 59.5065 59.4965 59.4598 59.3888 59.2825 59.1750 59.1305 59.1479 59.0601 59.0709 59.1086
70.4221 77.9398 75.6935 70.1432 67.0913 66.0942 65.8398 65.3540 65.9160 68.3107 72.5218 73.6182 73.0160 67.9335 63.0419 61.2479 60.8028 60.4487 60.2285 60.1264 60.0165 59.9509 59.9251 59.9212 59.8521 59.8427 59.8382 59.8785 59.8752 59.8721 59.8655 59.8204 59.8387 59.7965 59.8013 59.8205 59.8303 59.8812 59.9192 59.8983 59.9236 59.9112 59.8801 59.8492 59.8101 59.7833 59.7514 59.7611 59.7536 59.7210 59.7051 59.6796 59.6810 59.6626 59.6639 59.6018 59.5487 59.5170 59.4907 59.3807 59.3141 59.2175 59.1489 59.1010 59.0751 59.1671 59.1806
83.0696 87.6826 82.9258 75.4399 68.8024 64.9421 64.0267 63.5733 63.4547 63.9096 65.1411 65.8897 64.6366 62.6718 62.0501 61.1101 60.6350 60.4463 60.2834 60.1692 60.0823 59.9878 59.9849 59.9571 59.9178 59.9317 59.9078 59.9284 59.9164 59.8802 59.8917 59.8673 59.8767 59.8512 59.8485 59.8786 59.8731 59.9173 59.9602 59.9381 59.9705 59.9742 59.9637 59.9254 59.8830 59.8823 59.8668 59.8730 59.8526 59.8385 59.7868 59.7766 59.7876 59.7739 59.8122 59.7537 59.7219 59.6868 59.6737 59.5027 59.2742 59.0821 59.0433 59.0041 58.9411 58.9850 59.0611
89.1801 88.2185 81.1305 72.8575 67.4874 64.3094 63.2021 62.6178 62.4295 62.0365 62.0664 61.9060 61.6261 61.2508 60.9886 60.7402 60.6086 60.5530 60.3928 60.2896 60.1724 60.0436 60.0784 59.9953 59.9693 59.9638 59.9384 59.9465 59.9561 59.9431 59.9873 59.9617 59.9336 59.8893 59.9276 59.9367 59.9260 59.9448 59.9880 60.0097 60.0012 60.0185 60.0306 59.9848 59.9006 59.9073 59.9023 59.9640 59.9992 59.9494 59.9238 59.8532 59.8821 59.8521 59.8392 59.7852 59.7368 59.7026 59.6329 59.4765 59.3785 59.1833 59.1358 59.1594 59.1708 59.1577 59.1939
84.3669 77.4452 70.4843 65.1736 64.4068 64.6502 63.4247 62.4405 62.3415 61.6393 61.4785 61.4917 61.1323 60.9423 60.8469 60.7422 60.5572 60.4163 60.2728 60.1869 60.1205 60.0666 60.1673 60.1552 60.0564 60.0457 60.0075 59.9776 59.9975 59.9392 60.0040 59.9737 59.9415 59.9237 59.9460 60.0266 60.0006 60.0385 60.0735 60.0905 60.0850 60.1120 60.1137 60.0567 60.0089 60.0166 60.0387 60.0084 59.9699 59.9711 59.9110 59.8316 59.8429 59.7675 59.7602 59.7977 59.8075 59.7822 59.7462 59.6029 59.5443 59.5045 59.4800 59.4801 59.4111 59.3344 59.3384
83.1497 80.1295 72.9174 68.6181 64.9100 63.4935 62.6507 62.2890 62.0445 61.6390 61.3014 61.6332 61.5468 60.9839 61.1287 60.9731 60.7126 60.5847 60.4341 60.3552 60.1997 60.1844 60.1516 60.0978 60.0440 60.0029 59.9816 60.0395 60.1272 60.1083 60.1336 60.0528 60.0021 60.0007 60.0187 60.0402 60.0356 60.0801 60.1344 60.1847 60.1699 60.1559 60.0680 59.9842 59.9061 59.8755 59.8466 59.8852 59.9352 59.9550 59.9213 59.8704 59.9252 59.8818 59.8515 59.8302 59.8003 59.8122 59.8166 59.6713 59.6933 59.6957 59.6672 59.6511 59.5738 59.4901 59.4439
83.5574 79.6463 71.9093 67.4040 64.3361 63.1476 62.4444 62.0858 61.8972 61.5862 61.3067 61.1817 61.0481 60.9789 60.9050 60.8534 60.7344 60.5977 60.4785 60.4856 60.3495 60.3487 60.3377 60.2531 60.2051 60.1513 60.1063 60.0893 60.0862 60.0861 60.1366 59.9931 60.0262 60.0236 60.0657 60.0359 60.0282 60.0087 60.0294 60.0407 60.0615 60.0454 60.0219 59.9858 59.8928 59.9117 59.9218 59.9367 59.9802 60.0079 59.9881 59.9772 60.0063 59.9224 59.8650 59.8166 59.7693 59.7486 59.7379 59.7360 59.7253 59.7051 59.6743 59.6708 59.6736 59.6741 59.6402
82.8634 79.0052 71.4868 66.9737 64.2043 63.1331 62.3558 61.9750 61.8506 61.5604 61.3739 61.2637 61.2020 61.1180 61.0491 60.9573 60.8632 60.7012 60.5415 60.5336 60.4466 60.4763 60.4968 60.4473 60.3683 60.3570 60.3591 60.2898 60.2489 60.1762 60.1664 60.0478 59.9230 59.8191 59.7629 59.7877 59.7890 59.8609 59.9069 60.0298 60.0584 60.0510 60.0917 60.0914 59.9949 59.9633 59.9576 59.9823 59.9904 60.0026 59.9569 59.9520 59.9748 59.9510 59.8981 59.8326 59.7663 59.7246 59.6697 59.7036 59.7139 59.6908 59.6661 59.6667 59.6825 59.6923 59.6825
81.8418 78.7221 71.7240 67.2241 64.7263 63.1016 62.3538 61.9000 61.8071 61.5626 61.4069 61.3547 61.2294 61.1218 61.0622 61.0178 60.9512 60.8509 60.6632 60.6315 60.5945 60.6486 60.6301 60.5523 60.4952 60.4116 60.3025 60.2022 60.1341 60.0289 60.0313 59.9698 59.9721 59.9074 59.8432 59.8413 59.8416 59.8261 59.8324 59.8854 59.8935 59.8661 59.9063 59.9551 59.9230 59.9297 59.9394 59.9554 60.0169 60.0318 60.0196 60.0023 60.0118 59.9967 59.9327 59.8208 59.7676 59.7049 59.6839 59.6609 59.6771 59.6161 59.5582 59.5478 59.5448 59.5833 59.6185
81.8529 79.1544 72.4857 68.7547 65.3385 63.8929 62.7644 62.0268 61.9441 61.7375 61.6248 61.5801 61.4072 61.2813 61.2107 61.1496 61.0605 60.9270 60.7758 60.6473 60.6085 60.5963 60.5324 60.4204 60.3481 60.3519 60.3369 60.3116 60.2106 60.1164 60.1524 59.9758 59.9625 59.9854 59.9161 59.8780 59.8623 59.8788 59.8796 59.8082 59.8053 59.7917 59.8303 59.8596 59.8393 59.8296 59.8244 59.8405 59.9161 59.9757 60.0040 60.0492 60.0803 60.0489 59.9895 59.9264 59.8940 59.7616 59.7305 59.6391 59.6253 59.5033 59.4191 59.4225 59.4570 59.4913 59.5424
82.8706 80.7722 76.6175 72.1271 68.0809 64.7394 63.2426 62.4114 62.1484 61.9588 61.7616 61.6706 61.5144 61.3102 61.2227 61.0818 60.9803 60.8485 60.7488 60.6919 60.6373 60.6284 60.5744 60.4964 60.3952 60.3603 60.3388 60.3493 60.3022 60.2337 60.2666 60.0967 60.0034 59.9965 60.0212 59.9817 59.9745 59.9557 59.9684 59.8972 59.8462 59.8109 59.7983 59.8526 59.8696 59.8652 59.8436 59.8537 59.8550 59.8870 59.9015 59.8950 59.9158 59.8835 59.9006 59.9551 59.9900 59.8117 59.7395 59.5993 59.5149 59.5537 59.5265 59.4925 59.4230 59.4365 59.4439
83.7047 81.9317 80.8486 77.8581 73.8187 69.4120 65.9820 63.6764 63.0189 62.2979 61.8879 61.6867 61.5016 61.3557 61.2666 61.1328 61.0283 60.9333 60.8502 60.8141 60.7238 60.6469 60.5653 60.4868 60.3851 60.3414 60.3716 60.4200 60.3852 60.3432 60.3692 60.2794 60.1631 60.1415 60.1148 60.1440 60.1324 60.1122 60.0338 59.9634 59.9038 59.8722 59.8161 59.8636 59.8707 59.8766 59.8791 59.8637 59.8207 59.8102 59.8170 59.8030 59.8281 59.8625 59.8800 59.8339 59.7642 59.6573 59.5809 59.4143 59.4370 59.4417 59.4474 59.4258 59.4787 59.4868 59.4110
84.3807 83.6453 83.2029 82.0189 80.0859 75.1981 69.8473 64.1386 62.9200 62.3572 61.9980 61.8870 61.6888 61.4947 61.4211 61.3216 61.1715 60.9854 60.8883 60.8054 60.6887 60.6100 60.5153 60.4556 60.3783 60.3230 60.4103 60.4871 60.4831 60.4263 60.4683 60.3902 60.3186 60.2581 60.2034 60.1765 60.1714 60.1628 60.0841 60.0447 60.0013 59.9381 59.8605 59.8393 59.8682 59.9014 59.8974 59.8587 59.8427 59.8245 59.8087 59.7082 59.7317 59.7111 59.6965 59.6171 59.5954 59.5075 59.4837 59.3647 59.3188 59.2890 59.3172 59.3008 59.2969 59.2645 59.2784
84.8895 84.3579 83.9788 83.4277 83.2397 80.4650 75.6165 68.0509 64.6014 62.5531 61.9920 61.8165 61.6260 61.4715 61.4091 61.3485 61.2760 61.0916 60.9844 60.9296 60.8054 60.6024 60.5445 60.4808 60.4215 60.3748 60.4319 60.4589 60.4867 60.4806 60.5029 60.4851 60.4513 60.3646 60.2647 60.2236 60.2606 60.2526 60.1843 60.1485 60.1038 60.0516 59.9639 59.8918 59.8493 59.8342 59.8630 59.8825 59.8427 59.7810 59.7545 59.6638 59.6930 59.6336 59.5945 59.5605 59.4535 59.4339 59.3792 59.2372 59.1985 59.1970 59.1726 59.1851 59.1867 59.2353 59.2623
84.5036 84.9179 85.4586 85.4369 84.7086 83.0938 79.3631 71.9099 66.8199 63.3952 62.4263 62.0190 61.8157 61.6181 61.5295 61.4070 61.2414 61.1337 61.0568 60.9669 60.8571 60.7795 60.7153 60.6006 60.4989 60.4558 60.4397 60.4125 60.5007 60.5189 60.5470 60.5278 60.4941 60.4402 60.3407 60.3016 60.3182 60.2726 60.2445 60.2296 60.1902 60.1737 60.0594 59.9672 59.8912 59.8430 59.8529 59.8574 59.7946 59.7083 59.6238 59.5595 59.5861 59.5051 59.4616 59.4221 59.3395 59.3558 59.3303 59.2906 59.2674 59.2802 59.2314 59.2767 59.2944 59.2284 59.1876
85.1801 85.5337 86.7496 87.7576 89.0882 88.8395 86.1617 79.7506 71.8471 65.4252 62.9852 62.4483 62.0937 61.8516 61.8047 61.7181 61.5937 61.4081 61.2421 61.1295 61.0931 61.0275 61.2266 61.1533 60.9844 61.3891 60.6367 60.5944 60.5602 60.5173 60.5355 60.5570 60.5590 60.4983 60.4619 60.3811 60.3676 60.3688 60.3186 60.2713 60.2175 60.2010 60.1571 60.0484 59.9100 59.7722 59.7147 59.6789 59.6644 59.6247 59.5630 59.4935 59.5222 59.4576 59.4711 59.4329 59.3913 59.3460 59.3518 59.3313 59.3001 59.2854 59.2475 59.2676 59.2237 59.1422 59.0532
86.3288 86.2669 86.3655 86.9849 87.2192 87.4196 85.8759 82.3620 77.1035 68.5317 64.9525 63.9750 63.0442 62.3004 62.1960 62.0263 61.9400 61.8110 61.8437 62.0637 62.2496 62.8135 63.3298 63.7384 64.2055 61.6244 61.7955 60.6115 60.4392 60.3779 60.3909 60.4512 60.5331 60.5276 60.4860 60.4400 60.4370 60.4223 60.2916 60.1737 60.0512 59.9975 59.9712 60.0049 59.9423 59.8526 59.7666 59.7503 59.7416 59.6906 59.6486 59.5858 59.5973 59.5379 59.5510 59.5057 59.4475 59.4252 59.4327 59.3502 59.3302 59.3235 59.2559 59.2299 59.1876 59.0955 58.9676
87.0366 86.1431 85.1857 84.9304 84.8082 83.4029 81.7978 81.0036 79.9370 73.9287 69.0880 66.8433 64.7238 63.5965 63.5655 62.4150 62.5427 62.6785 63.6719 65.4258 66.3495 68.9157 70.0318 70.1296 68.6148 65.1588 63.0383 61.6807 60.8759 60.6258 60.4488 60.2580 60.2003 60.1671 60.1327 60.1474 60.1667 60.2033 60.2360 60.2141 60.1612 60.1561 60.1043 60.0961 59.9640 59.9194 59.8423 59.8246 59.7830 59.7333 59.6864 59.6326 59.6350 59.5812 59.6018 59.5622 59.5349 59.5052 59.5071 59.4154 59.3928 59.3670 59.3387 59.2996 59.2341 59.0880 58.9205
86.4019 86.0820 84.7916 83.2347 81.5120 80.4641 80.3616 81.8040 82.0221 80.2898 75.7504 72.4854 68.4569 65.8136 63.6108 62.8999 62.8581 62.9403 64.7892 69.6278 74.8453 79.1756 78.5930 76.8622 74.8264 71.2596 68.5151 63.8899 62.1429 61.0627 60.3348 60.1724 60.0976 60.0813 60.0865 60.0938 60.1163 60.1056 60.1114 60.0540 60.0641 60.0678 60.0648 60.0927 60.0741 59.9954 59.9202 59.8836 59.8372 59.7751 59.7261 59.6835 59.7024 59.6743 59.6749 59.6656 59.6356 59.5996 59.5982 59.5069 59.4930 59.4145 59.3856 59.3353 59.1725 59.1201 58.9637
84.9575 85.6629 85.4737 84.6280 82.1718 79.9354 79.8073 81.4449 83.4559 83.3579 83.0514 82.6362 77.3263 69.2878 64.6708 63.7684 63.2126 63.4572 66.5680 73.5530 82.0538 83.9645 82.0013 79.7293 77.4380 74.5750 73.0914 68.8468 64.6205 62.2414 61.0473 60.6548 60.2782 60.0049 60.0140 60.0584 60.1190 60.0993 60.1087 60.0504 60.0473 60.0490 60.0329 59.9865 59.9237 59.8356 59.8029 59.8067 59.8343 59.9073 59.9012 59.7510 59.7783 59.7664 59.7713 59.7051 59.6509 59.6428 59.5829 59.5690 59.5271 59.4202 59.3241 59.2223 59.1252 59.1271 58.9966
84.5785 85.1812 85.7722 84.6368 82.1939 80.9522 81.1230 82.9412 84.1874 85.0833 86.0592 85.7431 80.1954 71.7623 66.4107 65.1350 63.5983 63.4849 66.2842 70.6587 77.6709 80.6893 81.3838 80.0087 78.5141 77.2347 76.3772 75.1373 71.6045 66.2567 63.2631 61.5350 60.6485 60.0276 59.9976 59.9830 59.9913 60.0296 60.0184 60.0470 60.0445 60.0479 60.0354 60.0099 59.9505 59.9256 59.8093 59.8396 59.7822 59.7839 59.7388 59.6818 59.6975 59.7407 59.7768 59.7508 59.6788 59.6822 59.6153 59.5908 59.6126 59.5094 59.3376 59.2557 59.1376 59.1432 59.0798
84.4376 84.2241 83.8103 82.6154 81.4839 81.8473 82.5380 83.0919 83.7026 84.8970 85.5518 85.5265 81.8255 74.4398 69.6355 66.2116 64.1557 63.4001 64.5778 67.0808 72.4829 77.4950 79.8382 79.6642 79.0194 78.4832 78.1948 77.3478 75.1683 71.2953 68.2210 64.0583 61.4575 60.4575 60.3104 60.0633 59.9301 59.9635 59.9707 60.0155 59.9834 59.9782 60.0021 59.9967 59.9459 59.9486 59.8860 59.9164 59.9310 59.8715 59.8399 59.8009 59.8402 59.8051 59.7158 59.6272 59.5473 59.5274 59.4340 59.4593 59.5513 59.5544 59.4755 59.4067 59.3450 59.2942 59.2227
81.7252 81.0793 80.6289 80.1216 80.6375 81.8810 82.4944 82.9136 83.6147 85.0800 86.3152 85.8147 82.4621 79.9977 73.6990 70.6464 67.6276 65.2492 64.6746 66.0634 70.6218 76.1774 79.0621 80.3400 80.6211 80.0226 79.8586 80.2049 78.7774 75.8720 73.7951 69.2556 63.8259 61.3648 60.6975 60.1847 60.0115 59.9705 59.9998 59.9713 59.9142 59.9227 59.9448 59.9438 59.9699 59.9791 59.9855 60.0178 59.9888 59.9473 59.8848 59.8170 59.8269 59.7807 59.6557 59.5898 59.4879 59.3644 59.2831 59.3084 59.3675 59.3247 59.3175 59.3149 59.3209 59.2971 59.2282
77.3869 77.8604 78.2489 79.0581 79.6804 81.9015 82.9449 83.4867 83.6978 84.4219 85.9272 86.0990 84.5437 83.6387 81.5901 78.6820 72.9328 68.7486 65.5457 65.1170 68.7742 74.9710 78.9315 81.3939 82.0332 80.5351 79.8797 80.6040 79.6963 79.1200 78.5166 74.1432 66.6867 62.9174 61.8677 60.6826 60.1457 60.0698 60.0370 59.9213 59.8608 59.8662 59.8828 59.9015 59.9695 60.0502 60.0935 60.1044 60.0720 60.0463 59.9802 59.8890 59.8939 59.7821 59.6556 59.5683 59.4508 59.2699 59.2213 59.2120 59.2631 59.2468 59.2350 59.3050 59.3486 59.3324 59.2142
75.4327 76.5546 77.0422 77.8791 78.4475 81.2566 82.6943 83.0978 83.4565 84.2113 84.6987 85.1855 85.3729 85.6242 86.1756 84.6891 81.1909 75.9082 69.3931 65.5389 66.3942 70.3988 76.9216 80.8413 80.9849 79.7573 78.6092 79.1352 79.3002 79.5877 79.3032 77.3142 71.5137 65.0964 62.8475 61.0356 60.3830 60.3251 60.2112 60.0339 59.9482 59.9751 59.9769 59.9724 59.9822 60.0041 60.0533 60.0683 60.0854 60.0658 59.8669 59.6933 59.6682 59.5370 59.4314 59.4735 59.3784 59.3000 59.2766 59.2921 59.3048 59.2953 59.3022 59.3320 59.2986 59.3347 59.2402
