regresion/ABRIL_2003/MODIS/Composicion (B10).txt
ncols         167
nrows         127
xllcorner     -112.012
yllcorner     26.720
cellsize      0.00898
[rows 29 to 57 of 127, columns 67 to 133 of 167]
59.1218 59.1703 59.1129 59.0104 58.8903 58.7182 58.5845 58.5103 58.4651 58.4224 58.5705 58.6298 58.6402 58.6696 58.6780 58.7477 58.7076 58.6508 58.5487 58.5512 58.5415 58.4856 58.4716 58.4911 58.4476 58.4639 58.4300 58.3513 58.1867 58.1809 58.1563 58.2558 58.2526 58.3022 58.3328 58.3969 58.3774 58.3013 58.1878 58.1660 58.1445 58.1484 58.0814 58.1245 58.1723 58.1740 58.1289 58.1794 58.1552 58.0490 57.9434 57.9010 57.9571 58.0134 58.0880 58.1066 58.1484 58.2324 58.3354 58.4967 58.6859 58.7535 58.7888 58.8234 58.8405 58.8611 58.9261
58.9658 58.9514 58.9950 58.9425 58.9023 58.8249 58.7207 58.6511 58.6631 58.5795 58.5865 58.6363 58.5882 58.6512 58.7080 58.8059 58.7925 58.7628 58.6041 58.5329 58.6047 58.6119 58.5914 58.5551 58.5201 58.4738 58.5053 58.4447 58.2573 58.2108 58.1582 58.2524 58.2827 58.3407 58.4011 58.5327 58.5745 58.5456 58.4365 58.3599 58.2324 58.1310 58.0619 58.1129 58.1276 58.1142 58.1211 58.1330 58.0147 57.8837 57.8957 57.9294 58.0228 58.0586 58.1701 58.2011 58.2102 58.3181 58.3878 58.4841 58.6171 58.7035 58.7140 58.7775 58.7774 58.8452 58.9553
59.0078 59.0432 59.0541 59.0263 58.9685 58.8845 58.7893 58.6875 58.7098 58.6012 58.4895 58.5486 58.5548 58.6333 58.7043 58.7497 58.7885 58.7599 58.6480 58.5497 58.6476 58.7366 58.7051 58.6064 58.5798 58.5064 58.5216 58.4608 58.2784 58.2192 58.2357 58.3214 58.3271 58.4311 58.5591 58.6622 58.6732 58.5782 58.4452 58.4086 58.3195 58.2689 58.2050 58.1737 58.1728 58.1041 58.1105 58.1173 58.0200 57.9033 57.8507 57.9328 57.9977 58.0527 58.1029 58.1273 58.1786 58.1590 58.1677 58.3005 58.4733 58.6420 58.6562 58.7755 58.8463 58.9400 59.0034
58.9234 58.8773 58.9449 58.9556 58.9675 58.9439 58.8679 58.6850 58.6066 58.5301 58.4376 58.4146 58.5296 58.6124 58.7135 58.7638 58.7931 58.8188 58.7674 58.6880 58.7921 58.8794 58.8031 58.6858 58.6461 58.5858 58.5723 58.4719 58.3887 58.3752 58.4039 58.4476 58.4818 58.5923 58.6606 58.6311 58.4989 58.5020 58.4842 58.4621 58.3551 58.2909 58.2212 58.2519 58.3053 58.2041 58.1573 58.1265 58.0602 57.9451 57.9103 57.9574 58.0243 58.1290 58.2204 58.2427 58.1666 58.0677 58.1056 58.1770 58.3760 58.5495 58.5869 58.7362 58.8614 58.9854 59.0585
58.9953 58.9929 59.0522 59.0661 59.0535 58.9248 58.7647 58.6072 58.4679 58.4095 58.3637 58.3879 58.5057 58.6147 58.7246 58.8003 58.8174 58.8140 58.8215 58.8473 58.9321 58.9293 58.8215 58.6907 58.6268 58.6198 58.6471 58.6824 58.6391 58.6716 58.6252 58.5590 58.5499 58.5781 58.4690 58.5981 58.5830 58.5118 58.4421 58.4208 58.4075 58.2589 58.1700 58.1813 58.1748 58.1248 58.1764 58.1385 58.0969 58.0608 58.1026 58.1631 58.1787 58.2193 58.2314 58.2132 58.1718 58.0878 58.1148 58.2215 58.3167 58.4391 58.4521 58.6066 58.7274 58.8324 58.9571
59.0431 59.0111 59.0836 59.1078 59.0402 58.9471 58.8066 58.6714 58.5766 58.5012 58.4383 58.4139 58.4312 58.5169 58.6554 58.7696 58.8577 59.0096 59.0154 58.9999 58.8988 58.7905 58.6787 58.6823 58.6620 58.7386 58.8060 58.7477 58.6792 58.6051 58.5467 58.5097 58.5014 58.5936 58.5682 58.4580 58.5209 58.4736 58.3580 58.2949 58.2534 58.2463 58.2288 58.3373 58.3634 58.3414 58.3595 58.3239 58.2374 58.2129 58.2448 58.2926 58.2916 58.2762 58.3334 58.3655 58.3394 58.3166 58.2746 58.3115 58.3600 58.3600 58.3691 58.4676 58.6614 58.8143 58.9546
59.0145 59.0251 59.1166 59.1236 59.0969 58.9907 58.8491 58.7801 58.6839 58.6358 58.6029 58.5037 58.5400 58.6795 58.8071 58.8814 58.9416 58.9426 58.9518 58.8320 58.7892 58.7068 58.7079 58.6712 58.6681 58.6985 58.7387 58.7817 58.7199 58.6844 58.5692 58.3450 58.2940 58.2622 58.3720 58.4593 58.4892 58.3945 58.3214 58.3198 58.3960 58.4250 58.3919 58.4728 58.5395 58.5069 58.5238 58.4957 58.3999 58.3245 58.3434 58.3518 58.3413 58.3572 58.4262 58.4563 58.5060 58.5149 58.4170 58.3571 58.4397 58.4308 58.4306 58.5111 58.6485 58.8125 58.8882
59.0708 59.0656 59.0487 59.0662 59.0312 58.9641 58.9028 58.8953 58.8491 58.7920 58.7749 58.6657 58.6463 58.7938 58.8822 59.0187 59.1161 59.1429 59.0898 58.9521 58.7999 58.6795 58.5548 58.5299 58.5227 58.4389 58.4607 58.5170 58.5457 58.6228 58.6368 58.4798 58.4537 58.3924 58.3407 58.3407 58.3768 58.3682 58.3510 58.3634 58.4056 58.3999 58.4570 58.5755 58.7052 58.6913 58.6892 58.6628 58.5830 58.4865 58.4483 58.4776 58.4549 58.4422 58.5244 58.5152 58.5476 58.5717 58.5039 58.4929 58.5316 58.5636 58.5393 58.5822 58.6422 58.7745 58.8742
59.0793 59.0181 59.0199 58.9744 58.9706 58.9852 58.9801 59.0355 59.0372 58.9769 58.9050 58.8455 58.8068 58.8799 58.9521 58.9826 59.0873 59.0484 58.9975 58.8960 58.7558 58.6150 58.5304 58.4701 58.4746 58.3931 58.4150 58.4471 58.5567 58.5763 58.5600 58.4140 58.3648 58.3277 58.2957 58.2973 58.2969 58.3376 58.4063 58.4942 58.5072 58.5488 58.5546 58.6619 58.8115 58.8125 58.7793 58.7441 58.6054 58.5233 58.5034 58.5068 58.5187 58.5199 58.4798 58.4566 58.5397 58.5745 58.5295 58.5160 58.5521 58.5888 58.5652 58.5965 58.6181 58.7367 58.9244
59.0905 59.0115 59.0150 59.0266 59.0418 59.0871 59.0888 59.0980 59.0476 58.9257 58.8564 58.7200 58.6136 58.6619 58.7232 58.8994 59.0222 59.0762 59.0233 58.9297 58.8116 58.6908 58.6298 58.6518 58.5928 58.5111 58.4394 58.3630 58.3484 58.3795 58.3943 58.3700 58.3652 58.4008 58.3685 58.4212 58.4410 58.4935 58.4877 58.5235 58.5421 58.6303 58.6120 58.7075 58.7978 58.7804 58.7217 58.6704 58.5888 58.5388 58.4792 58.4658 58.4479 58.3799 58.3714 58.3705 58.4437 58.4856 58.4689 58.5217 58.6036 58.6189 58.6018 58.5796 58.5864 58.6798 58.7609
59.1128 59.0182 59.0585 59.0590 58.9662 58.9071 58.8715 58.8462 58.7976 58.7168 58.7368 58.6679 58.6047 58.6246 58.7917 58.9538 59.0798 59.1422 59.0691 58.9367 58.8612 58.7947 58.8043 58.8334 58.8049 58.7149 58.5447 58.4368 58.3613 58.3230 58.3052 58.3864 58.4297 58.5534 58.5835 58.6436 58.6547 58.6260 58.5456 58.5898 58.5779 58.6661 58.6944 58.8100 58.8341 58.8302 58.6778 58.6626 58.5825 58.6335 58.6124 58.4982 58.5186 58.4809 58.3301 58.3007 58.2897 58.3722 58.4298 58.4864 58.5473 58.5650 58.5544 58.5533 58.5803 58.5775 58.6792
58.9597 58.8548 58.7987 58.7797 58.8147 58.8353 58.8258 58.7919 58.7972 58.7580 58.7425 58.7065 58.6520 58.6710 58.7307 58.8359 58.9841 59.0605 59.0014 58.8904 58.8282 58.8761 58.8990 58.8713 58.8667 58.7770 58.6474 58.5434 58.5467 58.5040 58.4380 58.5349 58.5469 58.6960 58.7813 58.8589 58.8483 58.7538 58.6999 58.6321 58.6593 58.6745 58.8126 58.9116 58.9048 58.8599 58.6931 58.6394 58.6652 58.8561 58.8791 58.7560 58.7077 58.5377 58.3903 58.3376 58.3269 58.2980 58.3617 58.4730 58.5338 58.5644 58.5328 58.5501 58.5266 58.5350 58.5988
58.9838 59.0010 58.9844 58.9306 58.9521 58.8950 58.9217 58.8738 58.8054 58.8662 58.7615 58.6355 58.6037 58.6347 58.6222 58.7724 58.9090 59.0048 59.0206 58.9775 58.9567 58.9579 58.9329 58.9068 58.8574 58.8658 58.7769 58.7208 58.7424 58.7371 58.6992 58.7115 58.6998 58.8867 59.0213 59.0974 59.0334 58.8985 58.8213 58.7630 58.7394 58.7422 58.9493 59.1157 59.1337 58.9837 58.9669 58.9032 58.8761 58.7782 58.6540 58.5302 58.4998 58.3404 58.2409 58.2220 58.1963 58.1804 58.2867 58.3774 58.4784 58.4938 58.4903 58.5595 58.5619 58.5306 58.6100
58.7994 58.8220 58.8250 58.7708 58.8120 58.8576 58.8166 58.8438 58.8269 58.7993 58.7934 58.7336 58.6697 58.7488 58.7596 58.9063 58.9873 59.0607 59.0555 58.9574 58.9204 58.9479 58.8556 58.8377 58.8278 58.8768 58.9357 58.9075 58.9639 58.9438 58.8718 58.9088 58.9249 59.0573 59.1880 59.1763 59.1007 58.9660 58.9296 58.8808 58.8942 58.8530 58.9626 59.0671 59.0551 58.9095 58.8279 58.7480 58.7287 58.7372 58.5849 58.5230 58.4645 58.2853 58.1310 58.0812 58.0611 58.0953 58.1335 58.2083 58.3526 58.4195 58.4194 58.5377 58.5751 58.5278 58.5507
58.8078 58.8436 58.8385 58.7642 58.7357 58.7128 58.6391 58.6692 58.7531 58.7797 58.8253 58.8418 58.8224 58.8640 58.8950 58.8918 59.0186 59.0084 59.0273 59.0081 58.9939 59.0151 58.9905 59.0346 58.9956 59.0506 59.1173 59.1171 59.0839 59.0601 59.0354 59.0907 59.0721 59.1058 59.2134 59.2140 59.2321 59.1184 58.9783 58.8792 58.7923 58.7208 58.8768 58.9227 58.8850 58.8226 58.7746 58.7357 58.7635 58.7006 58.6298 58.5665 58.5077 58.3221 58.1772 58.1291 58.1450 58.1866 58.2670 58.2798 58.2545 58.3499 58.3526 58.3806 58.4060 58.4141 58.4446
58.8590 58.8958 58.9123 58.8854 58.8729 58.8747 58.7768 58.8218 58.8114 58.8327 58.8661 58.8851 58.7991 58.8951 58.9362 59.0184 59.1708 59.1996 59.2264 59.1976 59.2058 59.2160 59.2732 59.2926 59.2751 59.3039 59.3364 59.3069 59.2298 59.2056 59.1351 59.0913 59.0716 59.0933 59.1623 59.2322 59.1475 59.0858 59.0030 58.8819 58.7580 58.7631 58.8686 58.9951 58.9715 58.9630 58.9684 58.9523 58.9190 58.8456 58.7663 58.6918 58.5496 58.3845 58.2843 58.2645 58.2793 58.3278 58.4031 58.4315 58.3433 58.3661 58.3856 58.3357 58.3686 58.2962 58.2503
58.9300 58.9676 58.9962 58.9773 58.9610 58.9298 58.9084 58.9547 59.0079 59.0391 59.0857 59.1354 59.0995 59.1061 59.0859 59.0769 59.1338 59.1515 59.2081 59.2778 59.4074 59.4825 59.5647 59.5681 59.5563 59.4581 59.4482 59.4001 59.3308 59.2596 59.2297 59.1146 59.0756 59.0162 59.0523 59.1250 59.1207 59.1134 59.0235 58.9219 58.8382 58.9166 59.0585 59.1502 59.2018 59.1153 59.0910 59.1141 59.0241 58.9055 58.8000 58.7356 58.6069 58.5212 58.5080 58.4737 58.4796 58.5375 58.5494 58.5355 58.4935 58.4657 58.4195 58.3946 58.3886 58.3075 58.1542
58.9764 59.0063 59.0279 59.1022 59.0693 59.0623 59.0998 59.2173 59.2366 59.2594 59.3387 59.3927 59.3321 59.3116 59.3205 59.3711 59.4259 59.4813 59.5180 59.4920 59.5322 59.4085 59.3063 59.3335 59.3102 59.2809 59.2866 59.3938 59.4387 59.3952 59.3088 59.1876 59.1409 59.1271 59.2161 59.2578 59.2713 59.2306 59.1396 59.0249 58.9549 59.0365 59.1565 59.2613 59.3129 59.2829 59.2387 59.2213 59.1478 59.0185 58.8907 58.7980 58.7390 58.7132 58.7508 58.7315 58.7563 58.7436 58.6685 58.5378 58.4727 58.5365 58.5648 58.6435 58.6231 58.4296 58.1914
58.9983 58.9581 59.0492 59.2009 59.2329 59.2268 59.2681 59.3624 59.4316 59.4508 59.4920 59.4980 59.4655 59.4512 59.4466 59.4153 59.5119 59.5308 59.5370 59.4794 59.4814 59.4123 59.3883 59.3279 59.3036 59.2239 59.2660 59.3297 59.3452 59.3030 59.2703 59.1985 59.1980 59.3357 59.4028 59.4722 59.4726 59.4442 59.3090 59.1621 59.1145 59.1109 59.1898 59.2958 59.3149 59.3301 59.3047 59.3011 59.2129 59.1799 59.1155 59.0124 58.9377 58.9033 58.9254 58.9220 58.9816 58.9480 58.7808 58.6026 58.4854 58.4907 58.5418 58.6547 58.5913 58.5217 58.3967
59.0628 59.0173 59.1848 59.3701 59.4165 59.3971 59.3695 59.3663 59.3997 59.4139 59.4610 59.4727 59.4234 59.3351 59.2004 59.2350 59.3121 59.4502 59.5514 59.5287 59.5463 59.5483 59.4887 59.4476 59.4190 59.3618 59.4430 59.4678 59.4785 59.4941 59.4694 59.3142 59.2459 59.3157 59.3261 59.3646 59.4055 59.3522 59.2910 59.2095 59.2061 59.2350 59.2937 59.3438 59.2658 59.2960 59.2615 59.2392 59.1222 59.1490 59.1624 59.1329 59.1113 59.0926 59.1100 59.1414 59.0705 58.9918 58.8120 58.7180 58.6801 58.5910 58.6365 58.7209 58.6563 58.5876 58.5135
59.1484 59.1373 59.2406 59.3683 59.3562 59.3320 59.3088 59.3432 59.3283 59.3483 59.3832 59.3579 59.3384 59.3070 59.1858 59.3053 59.3759 59.5126 59.5999 59.5814 59.6136 59.6478 59.6308 59.6115 59.5849 59.5388 59.5402 59.5692 59.6040 59.6151 59.6261 59.5382 59.4020 59.4333 59.3926 59.4269 59.4145 59.3314 59.1868 59.0851 59.0708 59.0982 59.2011 59.2929 59.3192 59.2586 59.2590 59.2394 59.1801 59.1530 59.1796 59.1894 59.2212 59.2570 59.2475 59.2739 59.2214 59.1393 59.0642 59.0983 58.9966 58.8530 58.8611 58.6022 58.6465 58.5793 58.5673
59.1407 59.0679 59.1638 59.2222 59.2359 59.2541 59.2436 59.2623 59.2941 59.3723 59.4289 59.4147 59.3620 59.3469 59.2976 59.3965 59.4310 59.5427 59.6439 59.6887 59.6980 59.7332 59.7545 59.7325 59.6843 59.6777 59.6885 59.6997 59.7149 59.7328 59.7623 59.6529 59.5413 59.5132 59.4896 59.5263 59.4348 59.3748 59.2180 59.1578 59.1596 59.1684 59.2368 59.2424 59.1543 59.1002 59.1040 59.1324 59.1485 59.1973 59.2908 59.3335 59.3629 59.3296 59.2873 59.2906 59.2487 59.1565 59.0479 58.9926 58.9643 58.9262 58.9228 58.9153 58.6898 58.6309 58.5997
59.0844 59.0733 59.1196 59.1676 59.2679 59.3121 59.2812 59.3092 59.3858 59.4448 59.4745 59.4639 59.4233 59.4457 59.4178 59.4614 59.5094 59.6211 59.7124 59.7780 59.8203 59.8622 59.8559 59.8657 59.8076 59.8107 59.8014 59.7861 59.7695 59.7832 59.7718 59.6541 59.5839 59.5611 59.5357 59.5112 59.4185 59.3215 59.2686 59.1840 59.1588 59.2757 59.3259 59.3807 59.2632 59.1718 59.2285 59.2198 59.1976 59.2126 59.2149 59.2281 59.2421 59.2068 59.1907 59.2488 59.1854 59.0840 59.0636 59.0972 59.0842 59.0538 59.0791 59.0044 58.8623 58.7484 58.6945
59.0323 59.0190 59.0548 59.1769 59.3053 59.3355 59.3744 59.4274 59.4437 59.4712 59.5086 59.4563 59.4447 59.5074 59.5352 59.5848 59.6335 59.6853 59.7779 59.8664 59.9242 59.9464 59.9057 59.8684 59.8703 59.8826 59.8793 59.8740 59.8488 59.8489 59.8505 59.7709 59.6759 59.6315 59.6323 59.5656 59.3957 59.3081 59.3150 59.3007 59.3192 59.3580 59.3798 59.4160 59.3590 59.2664 59.2623 59.2596 59.2876 59.3413 59.3291 59.3073 59.2822 59.2031 59.1247 59.0881 59.0601 59.0001 59.0664 59.1697 59.1483 59.1154 59.1429 59.0524 58.9371 58.8100 58.7340
59.0837 59.0480 59.1133 59.1270 59.1928 59.2187 59.3107 59.3880 59.5063 59.5189 59.4797 59.4777 59.4855 59.5655 59.5776 59.5959 59.6437 59.7099 59.8444 59.9239 59.9933 60.0333 59.9873 59.9394 59.9264 59.9744 59.9964 59.9699 59.9572 59.9644 59.9520 59.9003 59.8256 59.7220 59.7094 59.6213 59.4928 59.4015 59.3798 59.3917 59.4120 59.3825 59.4070 59.4097 59.3536 59.3321 59.3235 59.3268 59.3715 59.4165 59.3781 59.3417 59.2978 59.3160 59.2983 59.2869 59.1997 59.1668 59.1241 59.1702 59.1601 59.1280 59.1468 59.0324 58.9248 58.7976 58.7461
59.2545 59.2382 59.2725 59.2411 59.2467 59.3091 59.3540 59.4214 59.4585 59.3941 59.3502 59.4023 59.4722 59.5403 59.6323 59.6730 59.7115 59.7925 59.8929 59.9618 60.0091 60.0352 60.0165 59.9396 59.9867 60.0095 60.0548 60.0467 60.0505 60.0633 60.0299 59.9513 59.8168 59.7650 59.6966 59.5823 59.4724 59.3504 59.3416 59.3380 59.3866 59.4178 59.4232 59.4354 59.4237 59.4061 59.4381 59.4769 59.5522 59.5787 59.5497 59.4909 59.4849 59.4695 59.4321 59.4187 59.3163 59.3113 59.2859 59.2770 59.2806 59.2305 59.2245 59.0629 58.9436 58.8476 58.8020
59.3580 59.3730 59.3659 59.3196 59.3353 59.4019 59.4587 59.5241 59.5766 59.5283 59.5201 59.5393 59.5827 59.6346 59.5964 59.5762 59.5840 59.7513 59.8687 59.9457 59.9762 60.0275 59.9776 59.9904 60.0463 60.0880 60.1074 60.1196 60.0922 60.1132 59.9918 59.8531 59.7040 59.6422 59.5634 59.4564 59.3361 59.2499 59.3032 59.2953 59.3913 59.4606 59.5527 59.5526 59.5347 59.5143 59.5043 59.5622 59.6438 59.5814 59.5999 59.5251 59.5425 59.5539 59.4624 59.4313 59.4399 59.4397 59.4633 59.4855 59.4558 59.4376 59.4219 59.3125 59.1188 59.0559 58.9880
59.4304 59.4652 59.4499 59.4147 59.4148 59.4566 59.5584 59.6348 59.6465 59.5984 59.6086 59.6322 59.6495 59.6784 59.6812 59.7147 59.7187 59.8001 59.8884 59.8914 59.9069 59.8670 59.8760 59.9499 59.9331 59.9772 60.0250 60.0098 59.9939 60.0067 59.9329 59.8439 59.6404 59.5893 59.5159 59.4458 59.3965 59.3477 59.4205 59.3990 59.4916 59.5935 59.6878 59.6718 59.6303 59.6045 59.6167 59.6878 59.7494 59.7488 59.7048 59.6943 59.6716 59.6513 59.5936 59.5660 59.5468 59.5786 59.5567 59.6183 59.5938 59.5742 59.5806 59.5001 59.3893 59.2935 59.2074
59.4561 59.5261 59.4849 59.4509 59.4774 59.6056 59.6626 59.7272 59.6837 59.6402 59.6160 59.6095 59.6093 59.7195 59.7700 59.7762 59.7888 59.7747 59.8365 59.8160 59.8075 59.7382 59.7271 59.7224 59.7022 59.7938 59.8964 59.8942 59.9290 59.9529 59.9012 59.8074 59.6197 59.5900 59.5619 59.5129 59.4848 59.4427 59.5149 59.5310 59.6072 59.7150 59.8324 59.8560 59.7813 59.7573 59.7677 59.7825 59.7983 59.7842 59.7534 59.7857 59.7835 59.7559 59.7056 59.6607 59.6679 59.6865 59.6553 59.6292 59.6681 59.6731 59.6631 59.6493 59.6204 59.5105 59.4492
