regresion/ABRIL_2003/MODIS/Composicion (B12).txt
ncols         167
nrows         127
xllcorner     -112.012
yllcorner     26.720
cellsize      0.00898
[rows 58 to 86 of 127, columns 0 to 66 of 167]
39.9728 39.9813 39.9864 39.9716 39.9458 39.9036 39.8713 39.8617 39.9131 39.8829 39.8410 39.8038 39.8043 39.7948 39.7909 39.7731 39.8092 39.9166 39.9837 39.9784 39.9031 39.8660 39.9006 39.9715 40.0565 40.0880 39.9032 39.8097 39.8218 39.8903 39.9417 40.0119 40.0526 40.0285 40.0016 39.9655 39.9617 39.9008 39.8965 39.9111 39.9829 39.9640 39.9492 39.9569 39.9245 39.9487 40.0425 40.1115 40.0398 39.9995 39.9699 39.9511 40.0082 39.9589 39.9637 39.9375 39.8997 39.8822 39.8851 39.8530 39.9172 39.9535 40.0701 40.1731 40.2549 40.2039 40.1812
39.9981 40.0044 40.0469 40.0697 40.0170 39.9479 39.9480 39.9554 39.9758 39.9475 39.8876 39.8026 39.7738 39.7499 39.7243 39.6646 39.7148 39.8232 39.9454 39.9831 39.9035 39.8619 39.9052 39.9589 40.0061 40.0534 40.0183 39.9340 39.8953 39.9379 40.0079 40.0357 40.0310 40.0328 40.0259 39.9978 39.9684 39.9404 39.9575 39.9394 39.9197 39.9231 39.9236 39.9340 39.9159 39.8874 39.9274 40.0060 39.9690 39.9580 39.9816 39.9892 40.0653 40.0760 40.0782 39.9995 40.0502 40.0206 40.0294 40.0215 40.0790 40.1559 40.2244 40.2612 40.2452 40.2327 40.1584
40.0205 39.9981 40.0729 40.0822 40.0435 40.0328 40.0245 40.0303 40.0083 39.9359 39.8426 39.8086 39.7793 39.7355 39.7222 39.6981 39.7340 39.8431 39.9848 39.9825 39.9355 39.8911 39.9486 39.9873 40.0177 40.0660 40.0912 40.0623 40.0221 39.9955 40.0543 40.0540 40.0131 40.0218 40.0355 39.9811 39.9484 39.9339 39.9399 39.9211 39.9085 39.9169 39.8858 39.9268 39.9801 40.0299 40.0407 40.1300 40.1118 40.1170 40.0785 40.0269 40.0763 40.0106 40.0412 40.0043 40.0171 40.0581 40.0865 40.1706 40.2262 40.2425 40.2500 40.2068 40.1810 40.2356 40.2172
39.8400 39.8325 39.9154 39.9181 39.9731 40.0315 40.0188 40.0051 40.0043 39.9912 39.9460 39.9032 39.8712 39.8100 39.8182 39.7896 39.8094 39.8738 40.0110 40.0364 40.0131 39.9893 39.9763 40.0124 40.0522 40.0916 40.1299 40.1444 40.1028 40.0359 40.0738 40.0641 40.0470 40.0458 40.0452 40.0173 39.9736 39.9323 39.9365 39.9224 39.8791 39.8526 39.8577 39.9184 39.9697 39.9955 40.0689 40.1614 40.1915 40.1979 40.2211 40.2271 40.2342 40.1680 40.1245 40.0723 40.0782 40.0823 40.0757 40.1141 40.1198 40.1540 40.1751 40.0987 40.1065 40.0788 40.0683
39.8650 39.8442 39.8660 39.9036 39.8890 39.9166 39.9065 39.9061 39.9075 39.9084 39.9579 40.0113 40.0163 39.9803 39.9607 39.9524 39.9474 39.9892 40.1215 40.1574 40.1273 40.0935 40.0644 40.0971 40.1509 40.1931 40.2047 40.2720 40.3086 40.1968 40.1905 40.1512 40.1044 40.1216 40.1253 40.0778 40.0224 39.9863 39.9560 39.8977 39.8641 39.8368 39.8579 39.9063 39.9809 40.0291 40.1091 40.1680 40.1805 40.2278 40.2626 40.2704 40.3030 40.2367 40.1656 40.0906 40.1039 40.0647 40.0649 40.0016 40.0019 40.0265 40.0087 39.9404 39.9162 39.9494 40.1160
39.9292 39.9268 39.9851 40.0124 39.9816 39.9770 39.9366 39.9138 39.9166 39.8357 39.8419 39.8622 39.9264 39.9221 39.9324 39.9352 40.0093 40.1272 40.2181 40.2588 40.2575 40.2281 40.2244 40.2204 40.2244 40.2527 40.2752 40.3458 40.4092 40.3925 40.3728 40.2813 40.2630 40.2483 40.2195 40.1322 40.0611 40.0197 39.9851 39.9122 39.8956 39.9075 39.8791 39.9232 39.9898 40.0552 40.1211 40.1720 40.2560 40.3277 40.3624 40.3599 40.2469 40.1253 40.0158 39.9818 40.0350 40.0554 40.0732 40.0561 40.0725 40.0853 40.0986 40.0490 40.0808 40.1114 40.1929
40.0622 40.0388 40.0264 40.0258 40.0100 39.9965 39.9361 39.8942 39.8925 39.8689 39.9453 39.9846 40.0490 40.0824 40.0348 39.9689 39.9190 40.0150 40.1553 40.2032 40.2211 40.2461 40.2604 40.2845 40.2847 40.3267 40.3045 40.2965 40.3324 40.4068 40.3971 40.4002 40.3867 40.3222 40.2253 40.1400 40.0662 40.0615 40.0569 40.0160 39.9808 39.9824 39.9126 39.8959 39.9259 39.9604 40.0441 40.0522 40.0710 40.1009 40.1465 40.2055 40.1969 40.1419 40.0799 40.0602 40.1537 40.1734 40.1430 40.1516 40.2088 40.1808 40.2170 40.2500 40.2414 40.2567 40.3464
40.0493 40.0329 40.0341 40.0337 40.0397 40.0345 39.9831 40.0005 39.9906 40.0393 40.1097 40.1440 40.2034 40.1188 40.1080 40.1425 40.0979 40.1473 40.2082 40.2019 40.1570 40.1439 40.1392 40.1554 40.2004 40.2298 40.2261 40.2296 40.2642 40.3351 40.3409 40.4219 40.4710 40.4002 40.2934 40.2344 40.1657 40.1384 40.0901 40.0078 39.9295 39.8671 39.8346 39.8203 39.8495 39.8712 39.9519 40.0319 40.1029 40.1490 40.1684 40.2145 40.2503 40.2450 40.2588 40.2135 40.2108 40.2015 40.1774 40.1827 40.2817 40.2830 40.3024 40.3622 40.3656 40.3234 40.3877
40.1879 40.1585 40.1681 40.1558 40.1343 40.1215 40.1046 40.1322 40.1491 40.1994 40.2674 40.2636 40.2270 40.1770 40.1795 40.2132 40.2262 40.2338 40.2327 40.2247 40.1976 40.2149 40.1983 40.1805 40.2123 40.2248 40.1449 40.1149 40.1500 40.1901 40.1737 40.2630 40.3998 40.3380 40.2276 40.1583 40.0898 40.0686 40.0441 40.0309 39.9458 39.9327 39.9246 39.9116 39.9417 39.9591 40.0650 40.1243 40.1358 40.1814 40.1728 40.2319 40.2791 40.3064 40.3422 40.2962 40.2319 40.1690 40.1545 40.1719 40.2673 40.3435 40.3648 40.3756 40.3521 40.3209 40.3888
40.3974 40.3638 40.3489 40.3460 40.3234 40.2976 40.2901 40.3397 40.3307 40.3351 40.3957 40.3586 40.2568 40.1718 40.1622 40.1820 40.2211 40.2198 40.2906 40.2830 40.2553 40.2626 40.2557 40.2797 40.2494 40.2147 40.1922 40.1182 40.0582 39.9926 39.9843 40.0741 40.1776 40.1728 40.0676 40.0753 40.0335 40.0648 40.0592 40.0645 40.0360 40.0018 39.9925 39.9933 40.0441 40.0278 40.1050 40.1652 40.1859 40.2411 40.2674 40.2678 40.3047 40.3422 40.4131 40.4203 40.3030 40.2236 40.2377 40.2666 40.3136 40.3511 40.4294 40.4848 40.4882 40.4704 40.5020
40.6054 40.5639 40.5280 40.5010 40.4666 40.4854 40.4383 40.4549 40.4141 40.4165 40.4534 40.3986 40.2901 40.2236 40.1820 40.2093 40.2272 40.2479 40.2271 40.2123 40.1855 40.2144 40.2185 40.2035 40.1600 40.1126 40.0587 40.0734 40.1018 40.0666 40.1097 40.1094 40.1878 40.2125 40.1632 40.1541 40.1225 40.0693 40.0083 39.9681 39.9582 39.9390 39.9626 39.9651 40.0257 40.0469 40.1316 40.2099 40.2682 40.3178 40.3278 40.3783 40.4087 40.3906 40.4236 40.4471 40.3765 40.3360 40.3331 40.3389 40.3838 40.4352 40.4894 40.5617 40.5670 40.5203 40.4892
40.8073 40.7364 40.6511 40.5743 40.5312 40.5323 40.5177 40.5658 40.5733 40.4960 40.4642 40.4105 40.3605 40.2198 40.1656 40.1510 40.1895 40.1836 40.1673 40.1824 40.1650 40.2094 40.2201 40.2041 40.1743 40.1638 40.1484 40.1504 40.1320 40.0874 40.1244 40.1131 40.1162 40.1553 40.1641 40.1429 40.1132 40.1144 40.1107 40.0468 40.0235 39.9854 39.9503 39.9322 39.9202 39.9149 40.0042 40.1057 40.2545 40.3750 40.4433 40.4508 40.5138 40.4987 40.4740 40.5176 40.5442 40.4613 40.4676 40.4116 40.4107 40.4501 40.5011 40.5251 40.5567 40.4957 40.5053
41.1458 40.8186 40.6340 40.5796 40.5248 40.5518 40.5762 40.5725 40.5156 40.3744 40.3107 40.2852 40.2149 40.1301 40.1541 40.2149 40.2650 40.2386 40.2264 40.2419 40.2287 40.2604 40.2667 40.2991 40.2809 40.2525 40.2033 40.2079 40.1945 40.1223 40.1169 40.1158 40.0952 40.1287 40.1397 40.1126 40.0972 40.1194 40.1087 40.0920 40.0817 40.1119 40.0402 39.9817 39.9927 40.0476 40.1187 40.1786 40.2593 40.3290 40.3245 40.3034 40.3009 40.3289 40.3573 40.4683 40.5471 40.5052 40.4853 40.4327 40.4303 40.4731 40.4626 40.4262 40.4614 40.4631 40.4804
41.4645 40.9280 40.6493 40.5837 40.5278 40.4744 40.4580 40.3899 40.3224 40.2759 40.2393 40.1669 40.1470 40.1498 40.2353 40.2952 40.3251 40.3207 40.2856 40.3103 40.3072 40.3571 40.3880 40.3854 40.3438 40.3043 40.2660 40.2440 40.1887 40.1142 40.0707 40.0640 40.0616 40.0852 40.1134 40.1583 40.1486 40.1099 40.1024 40.1175 40.1042 40.1577 40.1060 40.0570 40.0577 40.1250 40.2041 40.2500 40.3151 40.4152 40.4037 40.3753 40.3644 40.3172 40.2939 40.3297 40.3440 40.3447 40.3160 40.2892 40.3090 40.3559 40.3288 40.2815 40.3423 40.3471 40.3512
41.7377 40.9895 40.5604 40.5188 40.3934 40.2759 40.2621 40.2203 40.1752 40.1427 40.1256 40.1249 40.1037 40.1172 40.2520 40.2719 40.3119 40.2810 40.2692 40.3095 40.3339 40.3510 40.3654 40.3814 40.3719 40.3515 40.3358 40.3347 40.2426 40.1406 40.1038 40.0601 40.0265 40.0637 40.1425 40.1698 40.1889 40.1604 40.1364 40.1552 40.1109 40.1431 40.1226 40.1646 40.1672 40.2286 40.2829 40.2965 40.3274 40.3639 40.3311 40.3327 40.3417 40.3342 40.2915 40.3054 40.2940 40.2925 40.3019 40.2452 40.1997 40.1088 40.0493 40.0659 40.1264 40.1985 40.2708
41.6608 40.8573 40.4902 40.4498 40.3329 40.2292 40.1845 40.1091 40.0787 39.9802 39.9520 39.9808 39.9877 39.9894 40.0722 40.1254 40.1498 40.1492 40.1941 40.2484 40.2677 40.3095 40.4133 40.4658 40.4466 40.4344 40.4334 40.3752 40.2639 40.1518 40.1236 40.1048 40.0934 40.1187 40.1319 40.1633 40.1942 40.1985 40.1733 40.1791 40.1906 40.2485 40.2037 40.2274 40.2644 40.3202 40.3988 40.3725 40.3342 40.3443 40.3364 40.3591 40.3330 40.2992 40.1935 40.1543 40.2011 40.2065 40.2218 40.2657 40.2467 40.1864 40.1039 40.0847 40.0971 40.1224 40.1950
41.7719 40.7916 40.6411 40.5171 40.3305 40.1822 40.1316 40.0385 40.0534 40.0192 40.0068 39.9833 39.9648 39.9251 39.9514 39.9547 39.9302 39.9537 40.0666 40.1262 40.1801 40.3214 40.4333 40.5153 40.5251 40.4901 40.4583 40.3946 40.3086 40.2075 40.1978 40.1353 40.1169 40.1337 40.1127 40.1593 40.1644 40.1898 40.2021 40.1802 40.2227 40.2739 40.2301 40.2525 40.2717 40.3330 40.3973 40.3802 40.3481 40.3477 40.3180 40.3067 40.3277 40.3085 40.2283 40.1832 40.1827 40.2267 40.2704 40.2756 40.2589 40.1852 40.0813 40.1110 40.1086 40.0757 40.1065
41.4696 40.7229 40.6456 40.5432 40.3636 40.2300 40.1729 40.1303 40.1659 40.1571 40.0932 40.0611 40.0407 40.0353 40.0473 40.0150 39.9820 39.9752 39.9807 40.0516 40.0557 40.1308 40.3210 40.4485 40.5079 40.4473 40.4679 40.4046 40.3295 40.2662 40.2590 40.2159 40.1818 40.1996 40.1706 40.1611 40.1623 40.2330 40.1791 40.1326 40.1335 40.1769 40.2100 40.1976 40.1781 40.2829 40.3268 40.3538 40.3955 40.4546 40.4497 40.4213 40.4345 40.3838 40.3240 40.2359 40.2032 40.2323 40.2597 40.2342 40.2781 40.2262 40.1777 40.1740 40.1211 40.0967 40.0920
41.3801 40.9036 40.7509 40.6053 40.3656 40.2040 40.1642 40.1913 40.2544 40.2341 40.1926 40.1650 40.1877 40.1650 40.1903 40.1496 40.1255 40.0989 40.0861 40.1329 40.1371 40.2354 40.3349 40.4033 40.3955 40.3832 40.3415 40.1999 40.1749 40.1482 40.1663 40.1981 40.2202 40.2225 40.1463 40.1113 40.1124 40.1606 40.1339 40.0672 40.0389 40.0942 40.0964 40.1384 40.2022 40.2922 40.3648 40.4182 40.5378 40.5572 40.4835 40.4430 40.4316 40.4026 40.3377 40.2651 40.1981 40.1718 40.2130 40.1850 40.2613 40.2499 40.2023 40.2021 40.1442 40.0671 40.0348
41.4143 41.0662 40.7881 40.6460 40.4199 40.3120 40.3108 40.2598 40.2879 40.2803 40.2755 40.2613 40.2862 40.2352 40.2051 40.1530 40.1871 40.1527 40.1485 40.1562 40.1292 40.1670 40.2578 40.3555 40.3890 40.3609 40.3304 40.2757 40.1594 40.0416 40.0586 39.9676 39.9790 40.0008 40.0022 40.0400 40.0431 40.1485 40.2284 40.1665 40.1065 40.1483 40.0975 40.1269 40.2085 40.2664 40.4062 40.4964 40.5860 40.5539 40.4713 40.4419 40.4245 40.3709 40.3282 40.2789 40.2294 40.1417 40.1983 40.2071 40.2937 40.2929 40.2320 40.2063 40.1801 40.0855 40.0426
41.4652 41.1692 40.9600 40.8465 40.6592 40.4554 40.3585 40.3082 40.3501 40.3537 40.3520 40.3404 40.3673 40.3343 40.2639 40.2249 40.2247 40.2029 40.1732 40.1486 40.1069 40.1177 40.1577 40.2340 40.2270 40.2304 40.2588 40.2520 40.1922 40.1570 40.2182 40.1991 40.1402 40.1144 40.1206 40.0277 40.0328 40.0345 40.0350 40.0174 40.0072 40.0796 40.0687 40.1355 40.2353 40.2579 40.3813 40.4764 40.5723 40.4998 40.4150 40.3731 40.3772 40.3498 40.3158 40.3048 40.2344 40.2031 40.2684 40.2854 40.3222 40.3172 40.2499 40.2292 40.2012 40.1528 40.0814
41.7282 41.5189 41.3251 41.2464 40.9582 40.6993 40.5291 40.5408 40.4825 40.4657 40.4536 40.4660 40.4560 40.4192 40.3674 40.3068 40.2840 40.2604 40.2150 40.1958 40.1548 40.1333 40.1982 40.2900 40.2891 40.3075 40.3313 40.3177 40.2616 40.2284 40.2853 40.2618 40.2506 40.2346 40.2075 40.2002 40.1881 40.1163 40.0052 39.9675 39.9248 39.9942 39.9446 39.9781 39.9968 40.0691 40.1769 40.2324 40.3867 40.4181 40.3627 40.3950 40.3487 40.3246 40.2733 40.2726 40.2169 40.1540 40.1827 40.2385 40.2609 40.2768 40.2213 40.2522 40.2423 40.1964 40.1297
42.1993 41.8041 41.4604 41.3537 41.0721 40.8679 40.7222 40.7451 40.6744 40.5612 40.5243 40.4983 40.4861 40.4120 40.3705 40.3863 40.3638 40.2924 40.1822 40.1480 40.0958 40.0749 40.1759 40.2233 40.2765 40.2925 40.3524 40.3494 40.3006 40.2915 40.3300 40.3252 40.2794 40.2512 40.2055 40.1697 40.1480 40.1398 40.0162 39.9175 39.9189 39.9924 40.0146 40.0493 40.0574 40.0837 40.1173 40.1304 40.1923 40.1660 40.1283 40.1867 40.1825 40.1893 40.2736 40.2814 40.2629 40.2039 40.2171 40.2076 40.2058 40.2040 40.1633 40.2242 40.2339 40.1929 40.1061
42.4799 41.9784 41.1782 41.0042 41.5417 41.2254 41.0271 40.9505 40.8489 40.6350 40.5367 40.4633 40.3674 40.2913 40.2672 40.3548 40.3777 40.3648 40.2587 40.1980 40.1254 40.0937 40.1579 40.2268 40.2723 40.2940 40.3200 40.3358 40.3344 40.3044 40.3237 40.2856 40.2397 40.1998 40.1797 40.1661 40.1582 40.1651 40.0981 40.0159 40.0071 40.0822 40.1264 40.1730 40.1409 40.1331 40.1847 40.1614 40.1933 40.1629 40.1277 40.1154 40.0765 40.0379 40.0966 40.1706 40.1754 40.1452 40.1442 40.1432 40.1612 40.1208 40.0649 40.1363 40.1326 40.0832 40.0251
43.7215 45.6567 44.5683 43.3413 42.7345 41.9347 41.3586 41.1221 40.8543 40.6552 40.5563 40.4939 40.4580 40.4250 40.4032 40.4239 40.4258 40.3729 40.2292 40.2275 40.1040 40.0604 40.1440 40.1834 40.2418 40.3038 40.3512 40.3651 40.3907 40.3640 40.3853 40.3249 40.2775 40.2510 40.2030 40.1824 40.1759 40.1955 40.1962 40.1203 40.1072 40.1574 40.1948 40.2359 40.2194 40.2070 40.2150 40.1928 40.2122 40.2350 40.1821 40.1741 40.2072 40.1695 40.1437 40.1819 40.2808 40.2886 40.3512 40.2290 40.1104 39.9871 39.9458 40.0479 40.0462 40.0064 39.9762
15.3917 33.4751 42.3600 40.9846 42.0307 42.5533 41.7524 41.2726 41.0134 40.7264 40.6401 40.5951 40.5333 40.5351 40.4965 40.4579 40.4075 40.3129 40.2111 40.2263 40.1662 40.1361 40.2269 40.2541 40.3080 40.3766 40.4317 40.4185 40.4319 40.4047 40.4250 40.3517 40.2858 40.2821 40.2461 40.2343 40.2301 40.2716 40.2503 40.2233 40.1723 40.2237 40.2447 40.2522 40.2346 40.2501 40.2256 40.2271 40.2481 40.3002 40.3966 40.4761 40.5339 40.5408 40.5275 40.4064 40.2865 40.2308 40.2171 40.2145 40.1428 39.9594 39.8209 39.8526 39.7706 39.7164 39.7052
9.2232 13.5333 31.7247 43.7314 46.1207 46.7873 45.0114 43.7293 42.5506 41.6605 40.9199 40.7690 40.6285 40.5353 40.4316 40.3330 40.3753 40.2822 40.2461 40.2535 40.2623 40.2611 40.3340 40.3368 40.3514 40.3909 40.4454 40.4394 40.4328 40.4024 40.4204 40.4068 40.3615 40.3016 40.2480 40.2384 40.2418 40.2570 40.2654 40.2509 40.2365 40.2803 40.2940 40.2429 40.2052 40.1676 40.2406 40.2867 40.3473 40.4657 40.4953 40.4882 40.5258 40.4539 40.3729 40.2738 40.1625 40.1186 40.0383 40.1257 40.0556 40.0442 39.9012 39.8319 39.7061 39.6448 39.6179
2.7300 6.0137 17.3921 28.7900 38.8582 43.1414 46.6302 47.5880 45.5406 43.4496 42.0681 41.4710 41.1370 40.9088 40.7668 40.5896 40.4626 40.2398 40.1592 40.1735 40.1263 40.1632 40.2632 40.2982 40.3264 40.3759 40.4537 40.4557 40.4268 40.3886 40.4164 40.4482 40.4099 40.3231 40.2729 40.2620 40.2487 40.2710 40.2681 40.2807 40.2677 40.3059 40.3165 40.3138 40.2895 40.2116 40.2414 40.2607 40.2302 40.3305 40.4150 40.4951 40.5487 40.5572 40.4764 40.3642 40.1738 40.0012 40.0205 40.0195 39.9398 39.9653 39.8316 39.7525 39.6515 39.5869 39.5713
-1.0000 -1.0000 -0.8016 -0.0519 3.9867 18.0412 28.0167 37.3031 43.9412 46.2809 43.8110 42.5738 41.6563 41.1117 40.8540 40.7210 40.5356 40.3711 40.3097 40.3423 40.2875 40.2851 40.2672 40.2344 40.1509 40.1863 40.2346 40.3318 40.3474 40.3728 40.4076 40.4624 40.4296 40.3729 40.3071 40.2751 40.2411 40.3015 40.2971 40.2672 40.2333 40.2295 40.2499 40.2494 40.2040 40.1644 40.1782 40.2362 40.3380 40.4476 40.4914 40.5102 40.5361 40.5330 40.4397 40.3235 40.1260 39.9516 39.9432 39.9198 39.8945 39.7961 39.7637 39.7301 39.6308 39.6058 39.5493
