regresion/FEBRERO_2003/MODIS/3_Bandas/Composicion (B12).txt
ncols         167
nrows         127
xllcorner     -112.016
yllcorner     26.722
cellsize      0.00898
[rows 87 to 115 of 127, columns 67 to 133 of 167]
26.8380 26.9985 27.1630 27.5588 27.3030 27.0528 27.1071 27.0967 27.0457 26.9424 26.8599 26.7791 26.7395 26.7199 26.7201 26.7411 26.6943 26.6395 26.5539 26.4301 26.4414 26.3980 26.4029 26.3712 26.3976 26.4625 26.4665 26.4837 26.5359 26.5870 26.6000 26.6150 26.6495 26.6503 26.6536 26.6790 26.6530 26.6043 26.5853 26.5929 26.6063 26.5775 26.5755 26.5646 26.5364 26.5508 26.6117 26.6383 26.6157 26.5636 26.4513 26.4461 26.4151 26.3261 26.2582 26.1636 26.1238 26.1147 26.1518 26.1993 26.1947 26.2122 26.2268 26.1558 26.2025 26.2354 26.2250
26.7005 26.8605 27.0076 27.0173 27.0402 27.0574 27.0934 27.0783 27.0924 27.0310 26.8842 26.7674 26.7596 26.7555 26.7498 26.7637 26.6687 26.6219 26.5683 26.4585 26.4361 26.3763 26.3662 26.3423 26.3460 26.4140 26.4231 26.4889 26.5747 26.6302 26.6634 26.6796 26.6924 26.7206 26.7291 26.7395 26.7367 26.7027 26.6205 26.6298 26.6460 26.6419 26.6453 26.6225 26.5707 26.5514 26.6175 26.6509 26.6671 26.5992 26.5097 26.4434 26.4271 26.3562 26.2610 26.1606 26.1177 26.1284 26.1865 26.2045 26.1754 26.1365 26.1888 26.1380 26.1763 26.1944 26.2644
26.6923 26.8569 27.0432 27.0353 27.3204 27.3550 27.1393 27.1372 27.0466 27.2217 27.0159 26.9341 26.8270 26.7671 26.7117 26.7207 26.6443 26.6021 26.5624 26.5273 26.4925 26.3423 26.2849 26.2936 26.3380 26.4235 26.4588 26.5526 26.6327 26.6903 26.7328 26.7508 26.7417 26.7826 26.8165 26.8079 26.7953 26.7245 26.7223 26.7069 26.7001 26.6803 26.6957 26.6792 26.6433 26.6038 26.5880 26.6838 26.6635 26.5922 26.4934 26.4405 26.4271 26.3509 26.2798 26.1887 26.1593 26.1836 26.2352 26.2895 26.1716 26.1668 26.2140 26.2046 26.4053 26.3896 26.3206
26.6694 26.8870 27.1825 27.2924 27.2231 27.3838 27.2126 27.2538 27.1949 27.1926 27.1007 26.9860 26.8151 26.7450 26.7039 26.7410 26.6929 26.6742 26.6219 26.5503 26.4897 26.3534 26.3043 26.3039 26.3490 26.4133 26.5060 26.6056 26.6823 26.7366 26.7848 26.7939 26.8223 26.8687 26.8509 26.8266 26.8024 26.7649 26.7440 26.7361 26.7379 26.7458 26.7752 26.7335 26.6805 26.6804 26.6517 26.7056 26.6693 26.5929 26.4895 26.4272 26.4219 26.3743 26.2968 26.2405 26.2261 26.2398 26.2607 26.3140 26.2428 26.1734 26.2246 26.2733 26.3294 26.3387 26.3561
26.6793 26.7969 26.9274 26.9890 27.1606 27.4149 27.1980 27.2724 27.6510 27.8655 27.1924 27.1869 27.0868 26.8223 26.7249 26.7794 26.7111 26.6258 26.5376 26.5283 26.4914 26.4382 26.3792 26.3607 26.4337 26.4667 26.5113 26.6106 26.7029 26.7478 26.8040 26.8162 26.8764 26.8747 26.8647 26.8723 26.8631 26.8328 26.8043 26.7511 26.7475 26.7703 26.7911 26.7478 26.7200 26.6967 26.6839 26.7100 26.7000 26.6255 26.5013 26.4148 26.4130 26.3416 26.3104 26.2628 26.2997 26.3443 26.3378 26.3327 26.2585 26.2053 26.2695 26.3056 26.3859 26.3761 26.4155
26.6491 26.7361 26.8085 26.9231 26.9578 27.1977 27.4135 27.4223 27.8696 28.4215 27.2239 27.1080 27.0024 26.9301 26.8681 26.8585 26.7448 26.6732 26.5809 26.5954 26.5519 26.5129 26.4335 26.4369 26.4845 26.5441 26.5889 26.6705 26.7469 26.8112 26.8352 26.8384 26.8624 26.8739 26.8956 26.8933 26.8811 26.8697 26.7946 26.7934 26.7899 26.7655 26.7902 26.7619 26.7700 26.7561 26.6944 26.7033 26.6500 26.5371 26.4565 26.3507 26.3392 26.3121 26.3072 26.3178 26.3230 26.3429 26.3748 26.3623 26.2958 26.2952 26.3430 26.3835 26.4520 26.4196 26.4198
26.7760 26.7378 26.7955 26.8429 26.8838 26.9020 27.2483 27.2884 27.5354 27.7813 27.9974 27.2448 27.0058 27.0099 27.0431 27.0081 26.8560 26.7404 26.6148 26.6440 26.6512 26.6505 26.6200 26.6277 26.6047 26.6244 26.6408 26.7282 26.7593 26.7919 26.8084 26.8144 26.8502 26.8940 26.9307 26.9140 26.8292 26.8669 26.7909 26.7559 26.7903 26.7972 26.8214 26.7849 26.7292 26.7106 26.6138 26.5998 26.5933 26.5390 26.4800 26.4346 26.3856 26.3627 26.3597 26.3172 26.3263 26.3644 26.4030 26.4028 26.3212 26.3109 26.3409 26.4057 26.4493 26.4301 26.4034
26.8150 26.8270 26.8368 26.8580 26.8776 26.9231 27.0588 27.0981 27.2136 27.2534 27.2826 27.2619 27.1131 27.0467 27.0611 27.0059 27.0442 26.8993 26.8054 26.7122 26.7350 26.7669 26.7417 26.7431 26.7242 26.7168 26.7385 26.8013 26.8241 26.8708 26.8727 26.8674 26.8855 26.9185 26.9302 26.8976 26.7825 26.7972 26.7683 26.7306 26.7464 26.7661 26.8238 26.7591 26.8070 26.7556 26.6848 26.6679 26.5770 26.5107 26.4336 26.4648 26.4248 26.3588 26.3697 26.3621 26.3836 26.4343 26.4704 26.4445 26.3714 26.3248 26.3555 26.4203 26.4243 26.3949 26.3896
26.9981 26.9115 26.8351 26.8873 26.8603 26.9342 27.0470 27.0439 27.0826 27.4719 28.1837 27.7172 27.2219 27.0163 26.9649 26.9349 26.9354 26.9023 26.9942 26.8900 26.8317 26.8299 26.7607 26.7588 26.8147 26.7988 26.8152 26.8448 26.8531 26.9027 26.9557 26.9451 26.9315 26.9488 26.9495 26.8825 26.8040 26.7562 26.7405 26.7713 26.7791 26.7872 26.8438 26.7915 26.7760 26.7335 26.6586 26.6691 26.5825 26.4975 26.3926 26.4546 27.0184 26.4790 26.3889 26.3966 26.4206 26.4926 26.5484 26.5043 26.4416 26.4146 26.4435 26.4765 26.4541 26.3777 26.3609
27.0445 26.9352 26.8412 26.9211 26.8587 26.8752 26.9601 26.9624 27.0727 27.3372 27.4322 27.4011 27.2973 27.0306 26.9339 26.9450 26.8518 26.8022 26.8344 26.8097 26.8539 26.8537 26.8220 26.8061 26.8215 26.8308 26.8760 26.8997 26.9158 26.9532 26.9806 26.9747 26.9771 27.0002 26.9703 26.9590 26.8991 26.8644 26.8150 26.8210 26.8257 26.8531 26.8020 26.7463 26.7363 26.7168 26.6017 26.5571 26.5179 26.4637 26.3901 26.4027 26.5121 26.4054 26.3935 26.4509 26.4905 26.5547 26.5976 26.5279 26.5096 26.4910 26.4858 26.5234 26.4654 26.3805 26.3790
27.0158 27.0018 26.9131 26.9969 27.1459 27.1073 26.9333 26.9731 27.1011 27.3167 27.2694 27.4692 27.5062 27.0269 26.9428 26.9738 27.1580 26.8746 26.8631 26.8721 26.8390 26.8375 26.7950 26.7776 26.8218 26.8461 26.9049 26.9746 26.9553 26.9937 27.0087 27.0156 27.0386 27.0446 27.0035 26.9523 26.9523 26.8960 26.8488 26.8350 26.8463 26.9081 26.9013 26.8218 26.7921 26.7449 26.6322 26.5913 26.5698 26.5057 26.4322 26.4156 26.4106 26.4363 26.4342 26.4014 26.4252 26.4905 26.4922 26.4680 26.4881 26.5020 26.4967 26.5040 26.4392 26.3972 26.3407
27.2112 27.1831 27.1615 27.0005 27.1971 27.5345 27.1131 27.1119 27.0128 27.0868 27.0887 27.2197 27.4010 27.1806 26.9124 26.9150 26.9725 27.2586 27.0246 26.9809 26.9344 26.9267 26.8351 26.8160 26.8507 26.8757 26.9431 27.0129 27.0410 27.0446 27.0502 27.0649 27.0571 27.0162 27.0026 26.9500 26.9407 26.9158 26.8759 26.9150 26.8858 26.9225 26.9273 26.8964 26.8642 26.7851 26.6755 26.6444 26.6384 26.5944 26.5210 26.4753 26.4462 26.4913 26.5074 26.5263 26.5426 26.5453 26.4741 26.4292 26.4382 26.4475 26.4309 26.3579 26.3254 26.3669 26.3455
28.8486 27.4565 27.3760 27.1299 27.2642 27.3004 27.3567 27.3103 26.9916 27.0469 27.1040 27.0970 27.2391 27.5727 27.0988 27.0879 27.1487 27.4226 27.5619 27.3588 27.0967 27.0422 26.9297 26.9634 26.9246 26.9405 27.0049 27.0725 27.0680 27.0933 27.0827 27.0973 27.1058 27.0752 27.0082 26.9468 26.9532 26.9465 26.9248 26.8653 26.8824 26.9287 26.9350 26.9030 26.8781 26.8302 26.7779 26.7050 26.7018 26.6922 26.6339 26.5271 26.4859 26.5271 26.5515 26.5483 26.5770 26.5230 26.4610 26.4634 26.4713 26.4524 26.5013 26.3759 26.3349 26.3729 26.3629
29.3954 27.8753 27.5173 27.8032 27.7257 27.1252 27.1959 27.1907 27.1289 27.0944 27.0698 27.0932 27.1528 27.5119 27.6089 27.5841 27.2313 27.3885 27.6922 27.4894 27.1130 27.0096 26.9808 27.0000 26.9810 26.9698 27.0424 27.0484 27.0667 27.0672 27.0383 27.0457 27.0446 27.0162 26.9828 26.9068 26.9123 26.9250 26.9248 26.9103 26.8860 26.9047 26.9320 26.9092 26.8871 26.8860 26.8311 26.8006 26.7593 26.7295 26.6811 26.6095 26.6032 26.6190 26.5961 26.5533 26.5880 26.5519 26.5337 26.5385 26.5286 26.4762 26.4864 26.4069 26.3761 26.4184 26.4473
27.6004 28.6219 29.1445 28.0202 27.5733 27.1143 27.2656 27.2358 27.2102 27.0972 27.0873 27.0922 27.1070 27.4749 27.7620 27.7359 27.7182 27.4155 27.4882 27.4482 27.3202 27.2092 27.0074 27.0512 27.0411 27.0314 27.0868 27.0395 27.0103 27.0176 26.9636 26.9912 26.9826 26.9645 26.9569 26.9526 26.9445 26.9514 26.9418 26.8518 26.8252 26.9002 26.9529 26.9419 26.9472 26.9064 26.8371 26.7887 26.7811 26.6658 26.6359 26.6570 26.6893 26.7196 26.7001 26.6139 26.6037 26.5915 26.6257 26.5774 26.5501 26.5019 26.5069 26.4377 26.4282 26.4381 26.5699
27.5846 27.9850 27.9977 27.6591 27.6362 27.1638 27.1084 27.0776 27.0915 27.2454 27.3297 27.2448 27.1444 27.1957 27.3175 27.3289 27.8052 27.5804 27.2432 27.5171 27.3465 27.2918 27.0980 27.1167 27.0528 27.0217 27.0815 27.0485 27.0183 27.0212 26.9536 26.9532 26.9388 26.9136 26.9523 26.9284 26.9820 26.9542 26.8903 26.8006 26.7458 26.8314 26.9419 26.9845 26.9636 26.9414 26.8157 26.7661 26.7500 26.6189 26.6239 26.6970 26.6984 26.7046 26.7004 26.6415 26.6770 26.6589 26.6611 26.6306 26.6070 26.5945 26.5797 26.4729 26.4876 26.5051 26.6705
27.4061 27.4121 27.3928 27.3821 27.4057 27.3435 27.2587 27.2199 27.2687 27.3917 27.4261 27.7076 27.2259 27.1757 27.3482 27.3713 27.7360 28.0919 27.9901 27.8691 27.7022 27.3546 27.5985 27.6197 27.0700 27.0388 27.0048 26.9882 26.9098 26.8916 26.8259 26.8479 26.8423 26.9065 26.9595 26.9958 26.9970 26.9838 26.9217 26.8113 26.7518 26.8173 26.9415 26.9420 26.9915 26.9433 26.8585 26.7665 26.7009 26.5989 26.6007 26.7138 26.7308 26.7572 26.7370 26.6516 26.6595 26.6601 26.6450 26.5986 26.6341 26.6699 26.6538 26.5578 26.5590 26.5935 26.7484
27.4079 27.2938 27.1550 27.1389 27.4062 27.4346 27.2989 27.2784 27.3062 27.6131 27.5383 27.4560 27.6311 27.2550 27.5363 27.5697 27.8126 27.6820 28.2246 27.6844 28.1477 27.4397 27.3213 27.3479 27.1243 27.0986 27.0119 26.9412 26.8828 26.7670 26.7216 26.7204 26.7985 26.8415 26.8695 26.8952 26.9219 26.9189 26.8347 26.7873 26.7462 26.8570 26.9418 26.8960 26.8969 26.9019 26.8404 26.7935 26.7537 26.7290 26.7135 26.7578 26.8136 26.8297 26.7206 26.6668 26.6683 26.6506 26.6317 26.6244 26.6190 26.6518 26.6714 26.6085 26.6400 26.6465 26.8070
27.2243 27.1375 27.0703 27.0564 27.1390 27.3674 27.2571 27.2181 27.5074 27.6518 27.4709 27.3876 27.5247 27.3581 27.5137 27.5615 27.4805 27.7023 27.5602 27.6092 27.4795 27.7947 27.6473 27.6765 27.1781 27.1129 26.9934 26.8299 26.7725 26.7547 26.8598 26.8502 26.9090 26.8981 26.8850 26.8754 26.8431 26.7981 26.7569 26.7302 26.7046 26.7520 26.8583 26.8734 26.8779 26.8414 26.8218 26.7711 26.7873 26.7891 26.8017 26.8338 26.8343 26.8320 26.7460 26.7185 26.7152 26.6780 26.6750 26.6627 26.5972 26.6338 26.6714 26.6806 26.7907 26.8163 26.9099
27.1499 27.1132 27.0518 27.0232 26.9096 26.9407 27.3008 27.2697 27.2632 27.2796 27.5871 27.2975 27.8138 27.6834 27.6415 27.6289 27.3166 27.4617 27.6959 27.7573 27.3821 27.2887 27.6571 27.6599 27.2464 26.9982 26.9022 26.7614 26.7972 26.8850 26.9830 26.9837 27.0192 27.0115 26.8949 26.8695 26.8409 26.7976 26.7902 26.8007 26.7925 26.8437 26.8541 26.8230 26.8360 26.8346 26.8009 26.7627 26.7774 26.8083 26.8220 26.7926 26.8324 26.7745 26.7309 26.6917 26.6886 26.6692 26.6857 26.7059 26.6846 26.7474 26.7529 26.8101 26.9505 26.9824 27.0018
27.1427 27.0836 27.0013 26.9792 26.9271 26.8971 27.2896 27.2709 27.6480 27.2759 27.3636 27.4923 27.9945 27.6087 27.8677 27.8532 27.4515 27.3237 27.8220 27.6198 27.8677 27.2972 27.4261 27.4052 27.1951 26.9798 26.8558 26.7668 26.8775 26.9950 27.0664 27.0743 27.0635 27.0839 27.0196 26.8591 26.8599 26.8296 26.8281 26.8295 26.8325 26.7936 26.8190 26.7863 26.8176 26.8264 26.7783 26.7342 26.8076 26.8701 26.8732 26.8216 26.7638 26.7110 26.6648 26.6166 26.6385 26.6148 26.6590 26.6697 26.7393 26.8230 26.8396 26.9160 27.0365 27.0515 27.0355
27.0493 27.0321 26.9083 26.8690 27.0256 27.1090 27.1998 27.2135 27.3565 27.3264 27.4665 27.6420 27.7042 27.5573 27.3686 27.3732 27.4107 27.4310 27.5428 27.6113 28.3304 27.4579 27.3002 27.2420 27.2515 26.9351 26.7469 26.9131 27.0396 27.1022 27.1276 27.1310 27.1444 27.1111 27.0354 26.9430 26.8740 26.8679 26.8285 26.8508 26.8544 26.8258 26.7729 26.7353 26.7640 26.7612 26.7255 26.7399 26.7978 26.8352 26.8859 26.8733 26.7669 26.7410 26.6648 26.6118 26.6166 26.5849 26.5852 26.6247 26.7458 26.8236 26.8518 26.9187 26.9379 26.9565 26.8741
26.9262 26.9249 26.8954 26.9181 26.9708 27.1141 27.0605 27.0562 27.2200 27.3330 27.3799 27.5851 27.9027 27.7932 27.4760 27.4785 27.4520 27.4612 27.4622 27.4447 27.3626 27.5196 27.1551 27.0871 27.1308 26.9442 26.9762 27.1240 27.1495 27.1238 27.1560 27.1613 27.1400 27.0996 27.0317 26.9545 26.9327 26.8956 26.8298 26.8200 26.8132 26.8140 26.7770 26.7691 26.7505 26.7159 26.7423 26.7451 26.7871 26.8174 26.8238 26.8352 26.7499 26.7744 26.7273 26.6535 26.6648 26.6172 26.6346 26.7509 26.8285 26.8444 26.8659 26.8684 26.8156 26.8530 26.7410
26.9027 26.9360 26.9445 26.9234 26.9199 27.0198 26.9505 26.9748 26.9571 27.1080 27.2077 27.2822 27.3170 27.3696 27.3809 27.3870 27.5461 27.7786 27.4772 27.6355 27.4635 27.2254 27.0906 27.0616 26.9109 26.8840 26.9017 27.0463 27.1136 27.1229 27.1515 27.1678 27.1109 27.0766 27.0339 26.9451 26.9292 26.8469 26.7350 26.7182 26.7460 26.7789 26.7678 26.8194 26.7816 26.6891 26.7066 26.7621 26.8130 26.8127 26.8393 26.8234 26.7806 26.7744 26.7568 26.7275 26.7402 26.7250 26.7445 26.8417 26.8716 26.8006 26.8394 26.7537 26.6718 26.6342 26.6280
26.9550 26.9040 26.8374 26.8499 26.9278 27.0499 27.0179 27.0512 27.0456 27.0234 27.0841 27.1571 27.2616 27.2083 27.2330 27.2216 27.3757 27.6174 27.6348 27.4887 27.3679 27.1200 27.1107 27.1212 27.0177 26.9407 27.0031 27.0181 27.0476 27.0724 27.1154 27.1151 27.0615 27.0447 26.9717 26.9432 26.9252 26.8215 26.6893 26.6982 26.7982 26.8428 26.7883 26.7919 26.7144 26.6461 26.6636 26.7591 26.7827 26.8051 26.8292 26.8476 26.8374 26.8145 26.8300 26.8071 26.8145 26.7999 26.8276 26.7895 26.8018 26.7431 26.7604 26.7288 26.6661 26.6191 26.6191
26.8704 26.8538 26.7894 26.7391 26.8388 27.0111 27.0135 27.0882 27.0551 27.0989 27.2528 27.3241 27.2653 27.1262 27.1414 27.1319 27.2906 27.4038 27.6189 27.6351 27.5781 27.3221 27.0410 26.9986 26.9574 26.9389 26.9934 27.0800 27.1377 27.1346 27.0870 27.0908 27.0682 27.0704 27.0500 26.9975 26.9379 26.8178 26.7087 26.7308 26.8198 26.8197 26.6868 26.6773 26.6213 26.6139 26.6648 26.7446 26.7361 26.8149 26.8144 26.8804 26.8709 26.8812 26.8876 26.8008 26.8684 26.8687 26.8905 26.8400 26.7808 26.6824 26.6873 26.5984 26.5702 26.5549 26.5926
26.8205 26.7800 26.7250 26.7475 26.8476 27.0071 27.2040 27.1940 27.0445 27.0389 27.1728 27.3070 27.4167 27.2441 27.1007 27.1720 27.1947 27.3658 27.3209 27.2840 27.2654 27.1453 27.0455 27.1080 27.0069 26.9505 26.9493 26.9355 27.0296 27.1070 27.1748 27.1913 27.0915 27.0694 26.9953 26.9584 26.8974 26.8210 26.7406 26.7728 26.8008 26.7176 26.6070 26.6144 26.5759 26.6351 26.7336 26.7690 26.7547 26.8039 26.8019 26.8847 26.8874 26.8575 26.8834 26.9115 26.9029 26.9152 26.8683 26.7607 26.7177 26.6310 26.6301 26.5508 26.5425 26.5055 26.4963
26.8266 26.7927 26.8141 26.8446 26.8496 26.7748 26.8111 26.7367 26.8600 27.1486 27.4209 27.1237 27.2648 27.0491 27.0018 27.0827 27.2128 27.2905 27.2696 27.2212 27.1862 27.0927 27.1160 27.1408 27.0956 26.9993 27.0184 26.9801 27.0217 27.0757 27.2480 27.2496 27.1546 27.0434 27.0357 26.9294 26.8508 26.8124 26.8034 26.8208 26.7684 26.6290 26.5705 26.5614 26.6093 26.7084 26.7887 26.8085 26.7663 26.7485 26.7516 26.8491 26.9269 26.9240 26.8993 26.8904 26.8473 26.8832 26.8090 26.7045 26.6519 26.6309 26.6278 26.5800 26.5811 26.5457 26.4836
26.9170 26.9251 26.9123 26.8582 26.7436 26.6857 26.7545 26.7383 26.9692 27.1922 27.2966 27.1042 27.0669 27.0220 27.1021 27.0985 27.1534 27.2389 27.1354 27.0991 27.1610 27.2964 27.1634 27.1194 27.1227 27.0736 27.0405 27.0169 27.0455 27.0951 27.1828 27.1934 27.3165 27.1033 26.9808 26.8639 26.8313 26.7530 26.6870 26.6809 26.6158 26.5302 26.5437 26.5943 26.6656 26.7381 26.7690 26.7858 26.7571 26.7560 26.7572 26.8011 26.8682 26.8643 26.8263 26.7880 26.7274 26.7734 26.7595 26.7049 26.6648 26.6648 26.6671 26.6254 26.6207 26.6154 26.5384
