regresion/FEBRERO_2003/MODIS/3_Bandas/Composicion (B12).txt
ncols         167
nrows         127
xllcorner     -112.016
yllcorner     26.722
cellsize      0.00898
[rows 0 to 28 of 127, columns 0 to 66 of 167]
25.8243 25.8143 25.8395 25.8434 25.8092 25.6294 25.4111 25.2136 25.1310 25.1265 25.1688 25.2213 25.3530 25.3555 25.4578 25.5461 25.5654 25.4794 25.3055 25.5156 25.5962 25.2716 25.2268 25.1872 25.1865 25.1674 25.2146 25.3309 25.3377 25.1804 25.1922 25.2745 25.2646 25.2547 25.2218 25.2272 25.2782 25.3650 25.4937 25.4530 25.3149 25.3142 25.2765 25.2440 25.1972 25.1726 25.2133 25.2229 25.2616 25.2329 25.2535 25.2767 25.2570 25.2315 25.2318 25.2863 25.3376 25.2942 25.2934 25.2747 25.3080 25.3706 25.3792 25.3280 25.2241 25.1980 25.2148
25.8223 25.8099 25.9059 25.8644 25.8631 25.6956 25.4273 25.2626 25.1778 25.2058 25.2260 25.2851 25.3652 25.4563 25.6450 25.8567 25.8419 25.9575 25.5053 25.4237 25.6549 25.4248 25.2588 25.2199 25.2007 25.1693 25.3190 25.3303 25.2997 25.2442 25.2472 25.2979 25.2704 25.2654 25.2786 25.2905 25.3430 25.4014 25.4950 25.5256 25.4046 25.3649 25.3092 25.2728 25.2527 25.2311 25.2224 25.2043 25.2366 25.2254 25.2231 25.2302 25.2482 25.2126 25.2215 25.3320 25.3516 25.2858 25.3010 25.2832 25.2929 25.3613 25.3242 25.2922 25.2589 25.2427 25.2222
25.7888 25.8212 25.9044 25.8831 25.8250 25.6436 25.4402 25.3129 25.2796 25.2960 25.3382 25.3393 25.4027 25.4667 25.7687 26.2096 26.1979 25.6056 25.6536 25.8124 25.7427 25.4594 25.2931 25.2192 25.1605 25.1550 25.2531 25.3682 25.2856 25.2832 25.2891 25.4067 25.3804 25.3928 25.3504 25.3767 25.4460 25.4910 25.5463 25.5506 25.4380 25.3973 25.3601 25.3668 25.3645 25.2780 25.2419 25.1911 25.1998 25.2124 25.2330 25.2273 25.1375 25.1847 25.1698 25.2284 25.2809 25.2774 25.2865 25.3041 25.3318 25.3637 25.3332 25.2790 25.2148 25.2249 25.2188
25.8240 25.8672 25.8963 25.8428 25.8085 25.6321 25.4458 25.3442 25.2960 25.3470 25.3957 25.4445 25.4332 25.4810 25.7062 26.2979 26.2204 26.1485 25.6069 26.1026 26.1098 25.8824 25.3775 25.2252 25.1539 25.1684 25.1934 25.2980 25.3073 25.2939 25.3096 25.4013 25.4229 25.4336 25.4263 25.4834 25.5419 25.5348 25.5441 25.5518 25.4702 25.4775 25.4374 25.4689 25.4101 25.3035 25.2349 25.1679 25.1731 25.1309 25.1080 25.1065 25.0654 25.1630 25.1793 25.2521 25.2944 25.2787 25.2814 25.3204 25.3588 25.3815 25.3744 25.3408 25.3073 25.3344 25.3280
25.8757 25.9232 25.9242 25.9161 25.8788 25.6162 25.4378 25.3337 25.2881 25.3501 25.4142 25.4572 25.4697 25.4862 25.6033 25.7818 25.7188 26.0380 26.2787 26.2059 26.4244 25.9408 25.4289 25.2696 25.1968 25.2222 25.1957 25.2233 25.2588 25.3264 25.3623 25.4291 25.4636 25.4708 25.4788 25.4937 25.5259 25.4717 25.5446 25.5697 25.5805 25.5861 25.5533 25.4530 25.3790 25.2671 25.2045 25.1143 25.1808 25.1447 25.0868 25.0588 25.0756 25.1308 25.2091 25.2270 25.2441 25.2434 25.2658 25.3210 25.3602 25.3656 25.3543 25.3297 25.3923 25.4684 25.4664
25.8856 25.9283 25.9145 25.8908 25.8264 25.6155 25.4716 25.3864 25.3690 25.4265 25.5047 25.5665 25.5763 25.6894 25.6916 25.9473 25.8933 26.0176 26.7905 27.6260 26.4134 25.9259 25.5355 25.3665 25.2472 25.2597 25.1818 25.2405 25.3045 25.3641 25.3756 25.4747 25.5519 25.5239 25.4894 25.4913 25.4961 25.4957 25.5512 25.6490 25.7273 25.6802 25.6208 25.4678 25.4017 25.3115 25.2314 25.1592 25.1475 25.1168 25.0911 25.0586 25.1414 25.1934 25.1859 25.1986 25.2362 25.2342 25.2954 25.3609 25.3699 25.3385 25.3695 25.3881 25.4553 25.5218 25.5417
25.9039 25.9148 25.9063 25.9188 25.8793 25.7019 25.5681 25.4784 25.4510 25.4936 25.5442 25.5354 25.5949 25.6575 25.8043 26.3890 26.3339 26.6657 26.6235 27.6858 26.9535 26.2496 25.7200 25.4725 25.2953 25.3010 25.2658 25.3004 25.3765 25.4171 25.4292 25.5139 25.5395 25.4822 25.4675 25.4329 25.4955 25.5074 25.6464 25.7552 25.7477 25.6950 25.6088 25.5234 25.4443 25.3548 25.2421 25.1722 25.1534 25.1063 25.0985 25.0793 25.1151 25.1561 25.1817 25.1958 25.2332 25.2197 25.3689 25.3992 25.4009 25.3806 25.4441 25.5140 25.5598 25.5940 25.6229
25.9114 25.9234 25.9368 25.9632 26.0082 25.8901 25.7396 25.6225 25.6041 25.5717 25.5916 25.5743 25.6201 25.7055 25.8405 26.6569 26.6201 27.2432 26.8678 27.2459 27.4783 26.5198 25.6910 25.4146 25.3225 25.3171 25.2993 25.3259 25.4151 25.4627 25.4733 25.4742 25.4884 25.4568 25.5069 25.5145 25.5526 25.6543 25.7394 25.7996 25.7228 25.6691 25.5935 25.5159 25.4504 25.3397 25.2201 25.1391 25.1350 25.0863 25.0960 25.1219 25.1428 25.1554 25.1972 25.2131 25.2900 25.2782 25.4083 25.4119 25.3978 25.4163 25.4897 25.5537 25.5889 25.6291 25.7262
25.9120 25.9375 25.9387 26.0007 25.9909 25.9196 25.9477 25.8221 25.8114 25.6754 25.6573 25.6471 25.7008 25.8641 26.0309 26.4914 26.4560 26.3961 26.8016 26.9008 27.1127 26.3796 25.6444 25.4187 25.3433 25.3594 25.3554 25.3774 25.4524 25.4883 25.4458 25.4517 25.4794 25.5000 25.5329 25.5528 25.5892 25.7320 25.8233 25.8337 25.7660 25.7098 25.6464 25.5369 25.3989 25.2696 25.1365 25.0575 25.0836 25.0462 25.0913 25.1036 25.1088 25.1818 25.2196 25.2509 25.3380 25.3497 25.4104 25.4020 25.3799 25.4158 25.4299 25.4873 25.6078 25.6981 25.7695
25.9412 25.9942 26.0154 26.1160 26.2535 26.0215 26.0064 25.8671 25.8655 25.7540 25.6896 25.6883 25.7620 25.9186 26.1221 26.7386 26.7053 26.9010 26.5297 26.8792 26.6584 26.2006 25.9139 25.6607 25.4384 25.4469 25.4192 25.4385 25.4907 25.5334 25.4675 25.4798 25.4924 25.4848 25.5460 25.6307 25.6286 25.7923 25.8521 25.8022 25.7889 25.7356 25.7294 25.6013 25.4169 25.3099 25.1564 25.0299 25.0764 25.0691 25.0895 25.1014 25.1592 25.1968 25.2393 25.3031 25.3746 25.3725 25.3714 25.3467 25.3925 25.4386 25.4642 25.5664 25.7058 25.8278 25.8585
25.8871 25.9995 26.0805 26.2262 26.3063 26.1279 26.0825 26.0165 26.0307 25.8074 25.7300 25.7544 25.9237 25.9772 26.3018 26.6573 26.6050 26.6789 26.1072 26.3915 26.5618 26.1777 25.8623 25.6777 25.6121 25.6168 25.5763 25.4881 25.4930 25.5750 25.5793 25.5033 25.5453 25.5688 25.6150 25.6363 25.6446 25.6986 25.7020 25.6711 25.6552 25.6603 25.7075 25.9376 25.4566 25.2610 25.1135 25.0788 25.1151 25.1041 25.1351 25.1803 25.2273 25.2306 25.2658 25.3122 25.3461 25.3487 25.3592 25.3867 25.5076 25.4879 25.5694 25.7240 25.8527 25.9101 25.9311
25.9039 25.9845 26.0842 26.2054 26.2693 26.3174 26.0598 26.2387 26.2686 25.7499 25.7999 25.8285 26.1996 26.2038 26.6529 26.2355 26.2013 26.4280 26.6391 26.0472 25.9218 25.8693 25.8870 25.8341 25.9281 25.9448 25.7543 25.5783 25.5304 25.5579 25.6087 25.5849 25.6180 25.6521 25.6494 25.6112 25.5990 25.6022 25.6217 25.6005 25.5914 25.5748 25.6032 25.6274 25.4164 25.2566 25.1531 25.1388 25.1590 25.1414 25.1457 25.1693 25.2179 25.2344 25.2724 25.3023 25.3127 25.3083 25.3277 25.4886 25.6343 25.5993 25.7974 25.8809 25.9395 25.8874 25.9029
25.8890 25.9785 26.1858 26.4608 26.6817 26.4329 26.1853 26.0932 26.1794 25.8587 25.8717 26.0885 26.4422 26.8767 27.2560 26.9030 26.8798 27.5147 26.8596 26.1084 25.7638 25.9437 25.7971 25.8731 25.9781 25.9927 25.9518 25.7903 25.5921 25.6676 25.7432 25.7420 25.7689 25.7042 25.6670 25.6329 25.6363 25.6281 25.5740 25.5552 25.5398 25.4872 25.4902 25.4735 25.4113 25.3361 25.2373 25.1796 25.1951 25.1786 25.1829 25.2166 25.2767 25.3171 25.3528 25.3939 25.3819 25.3943 25.4483 25.5632 25.6134 25.6053 25.7536 25.8743 25.9472 25.9240 25.9579
25.9370 25.9965 26.0694 26.3531 26.9156 26.9134 27.0288 26.5038 26.5878 26.2588 26.0335 26.2616 26.6146 27.1939 27.4337 27.1285 27.0922 26.8812 26.5893 26.0118 25.8879 25.8086 25.8449 26.1108 26.3774 26.3702 26.2359 26.0255 25.6310 25.6638 25.7142 25.7376 25.6994 25.6952 25.6599 25.6628 25.6829 25.6680 25.6064 25.5285 25.5019 25.4406 25.4240 25.3965 25.3950 25.3267 25.3112 25.2986 25.2550 25.2737 25.3245 25.3516 25.3656 25.4177 25.4040 25.3985 25.4859 25.5231 25.6405 25.6803 25.7536 25.7580 25.9001 25.9693 25.9192 25.9087 25.9288
25.9352 26.0406 26.0888 26.5390 27.5602 28.1547 28.0201 27.0590 27.1302 26.8552 26.2406 26.2025 26.4291 26.9909 27.6275 27.4052 27.4004 26.8287 26.5988 26.3066 25.9554 25.9467 25.9962 26.2122 26.3798 26.3575 26.3112 26.0237 25.7622 25.7045 25.7712 25.7979 25.6841 25.6509 25.5821 25.6673 25.6640 25.6210 25.5780 25.5242 25.5096 25.4690 25.4666 25.4149 25.3943 25.3478 25.3776 25.5048 25.4125 25.4116 25.4366 25.4498 25.5126 25.4917 25.5034 25.5271 25.5944 25.6032 25.7228 25.7682 25.7916 25.8196 25.8974 25.9835 25.9239 25.9071 25.9350
26.0046 26.1126 26.1844 26.5313 27.2147 27.7478 28.1714 27.2420 27.2770 27.1621 26.3946 26.2542 26.5869 26.9305 27.6087 28.5039 28.4771 27.5243 26.6618 26.3344 26.3939 26.2594 26.3669 26.4190 26.7035 26.6816 26.7509 26.0953 25.8318 25.7818 25.8036 25.8015 25.7450 25.7279 25.6270 25.6256 25.6406 25.6143 25.5682 25.5243 25.4900 25.4784 25.4961 25.5114 25.4081 25.4602 25.5468 25.4947 25.4906 25.5247 25.5449 25.5918 25.6586 25.6709 25.6744 25.7198 25.7713 25.7517 25.7681 25.7742 25.7917 25.8011 25.8299 25.9140 25.8804 25.8684 25.8817
26.0250 26.1081 26.0637 26.1242 26.5046 26.9592 27.3728 27.3553 27.3753 28.2573 26.9734 26.3395 26.5494 26.9067 27.6683 29.1710 29.1552 28.1637 26.4947 26.5111 26.8947 26.6552 26.4676 26.6723 26.8935 26.8798 26.2705 26.0559 25.9709 25.8356 25.7905 25.8194 25.7766 25.7735 25.7012 25.6502 25.6595 25.6960 25.6581 25.5981 25.5621 25.5005 25.4746 25.4496 25.4617 25.5128 25.6381 25.7199 25.6560 25.6705 25.6785 25.7100 25.7494 25.7457 25.7600 25.8507 25.8174 25.7859 25.7820 25.8183 25.8464 25.8690 25.8317 25.8852 25.8956 25.8617 25.9047
26.0498 26.0790 25.9910 25.9831 26.1274 26.4214 27.1719 27.4941 27.5115 28.2676 28.5370 27.4325 26.5634 27.1026 27.8700 29.1653 29.1936 28.8364 27.5804 26.9282 27.2115 26.9844 27.3949 26.3895 26.2487 26.2160 26.1263 26.1067 26.0460 25.9743 25.8576 25.8604 25.9155 25.9047 25.7959 25.7328 25.6839 25.7263 25.6936 25.6444 25.6072 25.6047 25.6110 25.5699 25.5679 25.6309 25.7284 25.8117 25.7951 25.8300 25.7971 25.8128 25.8161 25.7749 25.7751 25.8248 25.7943 25.8274 25.8443 25.8526 25.8488 25.8745 25.8753 25.9193 25.9135 25.8791 25.9143
26.0046 26.0264 25.9238 25.8637 26.0086 26.1181 26.5913 27.2443 27.2492 27.8204 27.9415 27.8844 26.4451 27.0193 27.7240 27.4722 27.5191 27.5080 27.4667 27.3174 26.2996 26.5644 26.5140 26.4949 26.1711 26.1067 26.0996 26.0729 26.0585 26.0243 25.9358 25.8574 25.8391 25.8469 26.1748 26.2832 25.7580 25.7138 25.7113 25.6853 25.7854 25.7958 25.7707 25.6639 25.6389 25.6881 25.8308 25.9481 25.9050 25.9240 25.8836 25.8696 25.8495 25.8172 25.8272 25.8299 25.8271 25.8585 25.8777 25.8884 25.8965 25.9017 25.9384 25.9509 25.9071 25.9003 25.9327
25.9317 25.9721 25.9122 25.8435 25.9461 25.9708 26.3387 26.2213 26.2472 27.1280 27.3764 27.7589 26.8297 26.5334 27.2361 27.4530 27.4859 26.6991 26.5875 26.7921 26.7418 26.5042 26.5446 26.4926 26.2139 26.1629 26.0243 26.1403 26.2453 26.0385 26.0004 26.0617 26.1677 26.1626 26.6319 26.5619 26.0398 25.7372 25.7466 25.7915 25.8257 25.7946 25.8333 25.7668 25.7741 25.8288 25.9309 26.0954 26.0099 26.0299 25.9833 25.9135 25.9179 25.9271 25.9011 25.8854 25.8765 25.8886 25.9307 25.9589 25.9480 25.9685 25.9827 25.9505 25.9217 25.9403 25.9595
25.9112 25.9936 25.9726 25.9002 25.9217 25.8720 25.9959 25.9636 26.0151 26.2192 26.8535 27.6006 27.0128 26.7112 27.6570 27.7868 27.8364 26.6065 26.3766 26.6209 26.5539 26.4191 26.4601 26.4510 26.2377 26.1821 26.0047 26.0820 26.2810 26.1262 25.9854 25.9889 26.2922 26.2893 26.5156 26.5010 26.3102 25.9049 25.8282 25.9175 25.9289 25.9310 25.9110 25.7853 25.8307 25.9234 26.0691 26.7548 26.2399 26.2473 25.9995 25.9553 25.9836 25.9955 25.9296 25.9427 25.9537 25.9450 25.9997 25.9450 25.8784 25.8978 25.9165 25.9378 25.9093 25.9244 25.9517
25.9769 26.0858 26.0868 25.9867 25.9306 25.8340 25.8175 25.8948 25.9153 26.1379 26.3804 26.8133 27.1424 26.7363 26.8194 27.1967 27.2341 26.8704 26.4534 26.6742 26.5767 26.4375 26.7559 26.4362 26.4599 26.4186 26.1455 26.1147 26.1172 26.0862 26.0000 25.9496 25.9879 26.0146 26.2053 26.2956 26.2112 26.3460 26.4560 26.0299 26.0323 26.0198 26.1741 26.0476 25.9592 26.0177 26.1363 26.2308 26.1778 26.2150 26.0997 26.0842 26.0588 26.0736 25.9862 25.9543 25.9415 25.9187 25.9143 25.8762 25.8341 25.8582 25.9242 25.9203 25.9077 25.9586 26.0087
26.0999 26.1607 26.1249 26.0036 25.9514 25.8410 25.7958 25.8661 25.9085 26.1364 26.4074 26.8432 27.1916 26.7433 26.8098 27.2041 27.2580 26.9458 26.5108 26.7494 26.6357 26.4810 26.7885 26.4479 26.4689 26.4650 26.2024 26.1272 26.1403 26.1137 26.0218 25.9776 26.0538 26.0634 26.2498 26.3129 26.2316 26.3926 26.5005 26.0843 26.0681 26.0571 26.1792 26.0552 25.9740 26.0673 26.1611 26.2414 26.1701 26.1960 26.0636 26.0227 26.0392 26.0836 26.0135 26.0001 25.9840 25.9402 25.8891 25.8662 25.8355 25.8596 25.9292 25.9219 25.9525 25.9770 25.9912
26.1942 26.1949 26.0890 25.9244 25.8541 25.7815 25.7575 26.0849 26.1555 26.4490 26.3897 26.5786 27.0019 27.5129 27.2027 26.6655 26.7115 26.8501 26.7474 26.6483 26.6739 26.5693 26.8377 26.5556 26.5691 26.5662 26.3756 26.1316 26.1138 26.0863 26.0140 25.9883 26.0932 26.1042 26.2193 26.2763 26.7988 26.7997 27.3335 26.5064 26.0749 26.0771 26.2915 26.2280 26.0399 26.0589 26.1676 26.2992 26.1969 26.2025 26.0732 26.0266 26.0288 26.0867 26.0202 25.9466 25.9467 25.9284 25.9167 25.8730 25.8744 25.9031 25.9903 26.0128 25.9583 25.9677 25.9826
26.1658 26.1121 26.0760 26.0290 25.9790 25.9195 25.7524 25.6992 25.7714 26.0865 26.3295 26.5890 27.4639 27.4386 27.1869 26.7309 26.7696 26.5661 26.7654 26.7245 26.7577 26.8245 26.5965 26.5544 26.3837 26.3952 26.4799 26.3089 26.0826 26.0676 26.0704 26.0362 26.1471 26.1480 26.6558 26.8664 26.9493 27.1737 27.5270 26.6084 25.9944 25.9985 26.2840 26.2724 26.0930 26.0231 26.0641 26.1931 26.1765 26.1813 26.0958 26.0458 26.0649 26.1246 26.0591 25.9595 25.9385 25.9542 25.9734 26.0047 26.0115 26.0553 26.0521 26.0265 26.0198 26.0339 25.9847
26.2130 26.1461 26.0864 26.0506 25.9753 25.8663 25.7635 25.6879 25.7646 25.8834 26.1920 26.8278 27.3717 27.3886 26.6319 26.4931 26.5175 26.4900 26.6459 26.7860 26.5426 26.5923 26.5379 26.6042 26.6500 26.7063 26.5829 26.3460 26.2010 26.1364 26.1552 26.1447 26.1765 26.1918 26.5707 26.7932 26.8366 27.2007 27.9243 26.6742 26.2650 26.2170 26.2093 26.2321 26.1194 26.0318 26.1986 26.3270 26.2777 26.2533 26.1116 26.0714 26.0856 26.1248 26.1048 26.0400 25.9967 26.0368 26.0238 26.0916 26.1000 26.1309 26.0514 26.0034 25.9986 25.9929 25.9568
26.1760 26.1361 26.1110 26.0773 25.9836 25.8639 25.7728 25.6465 25.7273 25.7973 26.0313 26.3128 27.0723 27.6090 26.6225 26.5261 26.4873 26.8586 27.0654 26.8764 26.8237 26.4455 26.4864 26.8179 26.4859 26.5295 26.5059 26.6561 26.4810 26.2567 26.2217 26.2515 26.2802 26.3185 26.2856 26.9923 27.0286 26.8590 27.3625 27.3204 26.6927 26.6434 26.3246 26.1777 26.2310 26.1979 26.2736 26.4909 26.3282 26.2897 26.1336 26.0978 26.1037 26.1031 26.1205 26.0674 26.0369 26.0867 26.0587 26.1083 26.0955 26.0983 26.0554 25.9915 25.9764 25.9887 25.9552
26.1791 26.1813 26.1097 26.0603 25.9766 25.8714 25.7526 25.6831 25.7525 25.8292 26.0292 26.2755 26.3370 26.5572 26.4995 26.3711 26.3317 26.7014 27.0883 26.8570 26.6074 26.4817 26.5460 26.6360 26.5230 26.5185 26.8961 26.7634 26.7449 26.4453 26.3172 26.4286 26.4031 26.4206 26.5278 26.9154 26.9165 27.0085 26.6989 26.5478 26.8798 26.8834 26.5034 26.2803 26.3586 26.2835 26.1729 26.1812 26.2065 26.2422 26.1604 26.1294 26.1257 26.1114 26.0832 26.0712 26.0845 26.1091 26.0850 26.0843 26.0607 26.0510 26.0085 25.9811 25.9691 25.9765 25.9593
26.2667 26.2285 26.1001 26.0267 25.9665 25.8405 25.7447 25.6943 25.7474 25.8438 26.0728 26.2018 26.2785 26.3496 26.4806 26.4203 26.4411 26.5013 26.6539 26.5560 26.4776 26.4531 26.4211 26.5097 26.5719 26.6103 26.6325 26.8233 26.7851 26.5369 26.3511 26.3505 26.6113 26.6327 26.6822 27.2527 27.1937 26.9914 26.5081 26.7193 27.6873 27.6493 26.5377 26.2408 26.3983 26.3702 26.1931 26.2470 26.1874 26.2390 26.1584 26.1083 26.1373 26.1183 26.1207 26.0545 26.0893 26.0882 26.0617 26.0612 26.0728 26.0814 26.0313 26.0085 25.9869 25.9553 25.9326
