regresion/FEBRERO_2003/MODIS/3_Bandas/Composicion (B10).txt
ncols         167
nrows         127
xllcorner     -112.016
yllcorner     26.722
cellsize      0.00898
[rows 29 to 57 of 127, columns 67 to 133 of 167]
41.2281 41.1952 41.1687 41.1800 41.1940 41.2572 41.2678 41.2570 41.2508 41.2977 41.3157 41.3913 41.3949 41.3767 41.3734 41.3778 41.3705 41.3491 41.3763 41.3793 41.3743 41.3704 41.3779 41.3766 41.3795 41.4054 41.4246 41.4521 41.4241 41.3647 41.3099 41.2801 41.2291 41.1680 41.1218 41.0880 41.1151 41.1133 41.1046 41.0988 41.1410 41.1038 41.0298 41.0032 41.0585 41.0179 40.9447 40.9438 41.0299 41.1284 41.0559 40.9677 40.9499 40.9994 41.1887 41.4606 41.5103 41.3233 41.2048 41.2434 41.2152 41.3014 41.2910 41.2737 41.2993 41.2985 41.3128
41.2337 41.1958 41.1830 41.1599 41.1868 41.2437 41.2791 41.2876 41.2998 41.3207 41.3690 41.3844 41.3900 41.3673 41.3790 41.3991 41.4026 41.3676 41.3485 41.3448 41.3568 41.4002 41.4036 41.4256 41.4260 41.4635 41.4523 41.4609 41.4586 41.4361 41.3465 41.3099 41.2747 41.1846 41.1277 41.0871 41.1119 41.1075 41.1371 41.1337 41.1586 41.1252 41.0358 41.0274 41.0277 40.9870 40.9726 40.9784 41.0236 40.9854 40.9404 40.9041 40.8602 40.8449 41.0270 42.8448 42.8490 41.8826 41.1870 41.1601 41.2577 41.3779 41.3694 41.4038 41.4502 41.4290 41.4889
41.1872 41.2094 41.1786 41.1649 41.2041 41.2805 41.3075 41.3076 41.3541 41.3719 41.3932 41.3909 41.3731 41.3641 41.3516 41.3929 41.4051 41.3688 41.3504 41.3574 41.3173 41.3180 41.3394 41.3492 41.3809 41.3886 41.3596 41.3411 41.3048 41.2840 41.3111 41.3128 41.2936 41.2021 41.1174 41.0997 41.1124 41.1349 41.2004 41.2021 41.2036 41.1624 41.0913 41.0597 41.0441 40.9765 40.9517 40.9655 40.9661 40.9873 40.9062 40.9274 40.8771 40.8150 40.7939 41.2986 41.3136 41.2237 41.2894 41.3147 41.3408 41.3666 41.3567 41.3987 41.4715 41.4856 41.5763
41.2076 41.2235 41.2248 41.2297 41.2534 41.3141 41.3344 41.3468 41.3659 41.3902 41.4252 41.4195 41.3855 41.3493 41.3296 41.3266 41.3257 41.2936 41.2917 41.2850 41.2526 41.2619 41.2678 41.2770 41.3142 41.3493 41.3367 41.2690 41.2340 41.2242 41.2186 41.2578 41.2237 41.1788 41.1470 41.1390 41.1788 41.1593 41.1749 41.1973 41.1661 41.1295 41.0389 41.0362 41.0808 41.0290 40.9840 40.9651 41.0156 41.0409 41.0117 41.0260 40.9730 40.9395 40.8984 41.1470 41.1371 41.2923 41.2552 41.3566 41.4058 41.4491 41.4502 41.4682 41.5504 41.5857 41.6122
41.2974 41.3069 41.2842 41.2516 41.2975 41.3126 41.3157 41.3034 41.3079 41.3475 41.3984 41.3761 41.3379 41.2938 41.2551 41.2852 41.2837 41.2494 41.2354 41.2103 41.1882 41.1921 41.2366 41.2403 41.2483 41.2774 41.2954 41.2470 41.2450 41.2185 41.1962 41.2155 41.1594 41.1166 41.0710 41.0684 41.0835 41.0657 41.1504 41.1713 41.1885 41.1860 41.1346 41.0708 41.0671 41.0433 41.0349 41.0421 41.0760 41.0434 41.0282 41.0340 41.0058 40.9913 40.9786 40.9480 40.9421 41.0183 41.1967 41.3944 41.4897 41.5728 41.5616 41.5786 41.7075 41.7039 41.6784
41.2923 41.2973 41.2601 41.2635 41.2919 41.3332 41.2954 41.2732 41.2452 41.2494 41.3042 41.3182 41.2668 41.2516 41.2582 41.2844 41.2790 41.2600 41.2169 41.1927 41.1761 41.1735 41.2161 41.2064 41.2061 41.2187 41.2081 41.1647 41.1554 41.1082 41.0353 41.0608 41.0573 40.9735 41.0463 41.1003 41.1241 41.1024 41.1134 41.1983 41.2024 41.1537 41.1078 41.0676 41.0444 41.0243 41.0386 41.0538 41.1114 41.1052 41.0759 41.0490 41.0118 41.0094 41.0225 40.9922 40.9917 41.0161 41.2304 41.6252 41.6465 41.6217 41.6111 41.6536 41.7330 41.7392 41.7265
41.3106 41.3151 41.2923 41.3054 41.3093 41.3666 41.2924 41.2737 41.2247 41.2380 41.2653 41.2972 41.2491 41.2308 41.2164 41.2493 41.2916 41.2559 41.2201 41.1912 41.1566 41.1534 41.2065 41.2129 41.1714 41.1715 41.1426 41.0873 41.0632 40.9903 40.9724 41.0035 40.9956 40.9885 41.0197 41.1125 41.1465 41.1316 41.1490 41.1995 41.2295 41.2002 41.1137 41.0683 41.0307 40.9958 41.0145 41.0263 41.0569 41.0735 41.0681 41.0807 41.0664 41.0703 41.0678 41.0422 41.0352 40.9321 41.1530 41.5221 41.3794 41.5372 41.5555 41.6495 41.7162 41.7428 41.7002
41.3740 41.3756 41.3744 41.3849 41.3999 41.3935 41.3607 41.3269 41.3376 41.3253 41.2799 41.2787 41.2223 41.1806 41.1856 41.2030 41.2207 41.2379 41.2189 41.1832 41.1743 41.1829 41.2087 41.1894 41.1413 41.1680 41.1723 41.1215 41.0738 41.0594 41.0429 41.0578 41.0682 41.0708 41.0981 41.1302 41.2017 41.2005 41.2197 41.2212 41.2074 41.1587 41.1365 41.1077 41.0378 41.0102 40.9955 40.9745 40.9867 40.9926 41.0002 41.0257 41.0380 41.0752 41.2124 41.2791 41.2797 41.5337 41.8126 40.8473 41.0770 41.4315 41.4725 41.7008 41.6883 41.6903 41.6514
41.3668 41.3938 41.4305 41.4154 41.4005 41.3877 41.3665 41.3535 41.3445 41.3200 41.3125 41.2898 41.2458 41.2264 41.1869 41.1996 41.1819 41.1820 41.1477 41.1295 41.1436 41.1385 41.1769 41.2015 41.1999 41.1823 41.1899 41.1821 41.1700 41.1707 41.1860 41.2042 41.2063 41.1746 41.0900 41.0918 41.1513 41.1120 41.1212 41.0952 41.0883 41.0667 41.0669 41.0625 41.0150 40.9978 40.9962 40.9576 40.9714 40.9364 40.9305 40.9872 40.9881 41.0879 41.3464 42.7434 42.7329 47.3149 48.5119 42.6121 40.9039 41.2844 41.2968 41.6215 41.7423 41.7386 41.7387
41.4108 41.4019 41.4030 41.3985 41.4005 41.3869 41.3776 41.3566 41.3431 41.3424 41.3395 41.2639 41.2328 41.1937 41.1563 41.1593 41.2007 41.1776 41.1404 41.0973 41.1379 41.1483 41.1475 41.1452 41.1278 41.1425 41.1681 41.1994 41.2285 41.2549 41.2243 41.2266 41.1117 40.9926 40.9627 40.9888 41.0245 41.0352 41.0335 41.0019 41.0290 40.9983 41.0221 40.9975 40.9870 40.9577 40.9584 40.9516 40.9799 40.9809 40.9536 40.9634 40.9904 41.1305 42.2273 45.8873 45.9001 39.2208 47.4199 47.5311 43.0085 41.2082 41.2167 41.4550 41.7130 41.8757 41.8178
41.4132 41.3968 41.3577 41.3475 41.3484 41.3625 41.3463 41.3423 41.2839 41.2542 41.2531 41.2201 41.1997 41.2070 41.1981 41.1999 41.1750 41.1339 41.0726 41.0725 41.1460 41.1311 41.1127 41.1212 41.1361 41.1591 41.2208 41.2619 41.2540 41.2768 41.2012 41.2008 41.0723 40.9566 40.9097 40.9052 40.9854 40.9842 40.9767 40.9209 40.9487 40.9450 40.9550 40.9436 40.9766 40.9381 40.9286 40.9248 40.9613 41.0322 41.0106 41.0360 41.0863 41.3471 45.2093 50.5395 50.5496 37.3878 57.0814 47.6311 48.8961 41.9893 41.9932 41.2970 41.5899 42.1883 44.0242
41.4224 41.3701 41.2914 41.2753 41.3090 41.3494 41.3058 41.3092 41.2733 41.2624 41.2544 41.1849 41.1613 41.1735 41.1592 41.1791 41.1439 41.0963 41.0531 41.0649 41.1088 41.0914 41.0872 41.0946 41.1856 41.2515 41.3068 41.3236 41.2872 41.2339 41.1286 41.1253 41.0227 40.9678 40.9061 40.8650 40.9115 40.9029 40.8824 40.8600 40.9091 40.9270 40.9513 40.9558 40.9870 40.9579 40.9366 40.9542 41.0052 41.0575 41.0360 41.0885 41.2775 41.4368 45.4749 49.7157 49.7174 33.9275 31.2714 36.0237 56.5376 45.2695 45.2792 42.1336 41.7289 44.3563 43.0129
41.4290 41.3902 41.3437 41.3343 41.3138 41.3378 41.3245 41.3204 41.2777 41.2209 41.1813 41.1536 41.1159 41.1054 41.0826 41.0866 41.0438 41.0380 41.0444 41.0799 41.1144 41.1092 41.1250 41.1280 41.1789 41.2260 41.2436 41.2697 41.2570 41.2431 41.1413 41.1508 41.0363 40.9165 40.9014 40.9074 40.8919 40.8362 40.8456 40.8562 40.9083 40.9226 40.9530 40.9519 40.9964 40.9956 40.9655 40.9799 41.0297 41.0469 41.0554 41.1485 41.9934 42.8665 43.6609 46.9421 46.9610 43.9729 58.8344 32.5110 58.2974 49.5531 49.5397 45.7957 43.7361 46.5136 48.0133
41.5019 41.4780 41.3969 41.3562 41.3382 41.3228 41.3190 41.2870 41.2506 41.1820 41.1170 41.0850 41.0511 41.0357 41.0143 41.0026 40.9701 40.9559 40.9905 41.0414 41.1014 41.1481 41.1621 41.1478 41.1467 41.1423 41.2054 41.2346 41.2404 41.1998 41.1502 41.1549 41.0695 40.9818 40.9151 40.8814 40.8708 40.8595 40.8540 40.8716 40.8749 40.9386 40.9883 40.9497 40.9560 40.9239 40.9598 40.9757 41.0256 41.0943 41.1270 41.2767 42.6682 43.6506 43.0999 46.7184 46.7295 51.5758 50.4409 33.3187 56.5951 48.8183 48.8086 55.7754 46.2205 43.1981 46.1987
41.5276 41.4939 41.4382 41.3559 41.3021 41.2891 41.2542 41.2370 41.2131 41.1231 41.0423 41.0303 41.0416 41.0387 41.0210 41.0141 41.0017 40.9836 41.0452 41.0937 41.1369 41.1458 41.1974 41.1913 41.1823 41.1619 41.1914 41.2270 41.2552 41.2281 41.1901 41.1906 41.1313 41.0446 40.9766 40.8714 40.8599 40.8393 40.8805 40.8904 40.9598 40.9603 40.9641 40.9755 40.9964 41.0039 40.9987 41.0008 41.0521 41.1028 41.0975 41.1734 42.0535 42.3449 41.4163 46.5419 46.5635 36.9975 31.4553 35.8362 56.7905 50.5883 50.5962 54.6542 44.4967 41.8259 42.4715
41.5056 41.4847 41.4061 41.3696 41.3581 41.3176 41.2494 41.2391 41.1321 41.0680 41.0658 41.0634 41.1000 41.1113 41.1423 41.1197 41.1020 41.1210 41.1311 41.1763 41.1868 41.1663 41.1846 41.1698 41.2053 41.2358 41.2280 41.2389 41.2358 41.2424 41.2328 41.2525 41.1464 41.0086 40.9247 40.8879 40.8984 40.8734 40.9108 40.9980 41.0167 41.0170 40.9782 40.9594 40.9773 40.9490 40.9626 40.9961 41.0414 41.1441 41.1696 41.3085 41.8660 43.1967 45.0250 47.1665 47.1872 48.0418 57.1733 51.6002 49.7644 48.8778 48.8974 46.2918 41.9973 41.6892 41.5641
41.4708 41.4393 41.4424 41.4106 41.3569 41.3305 41.2471 41.2720 41.1478 41.0894 41.1535 41.1934 41.1888 41.2013 41.2190 41.1920 41.2018 41.1716 41.1818 41.2114 41.2002 41.1786 41.1769 41.1635 41.2004 41.2430 41.2468 41.2450 41.2198 41.1831 41.1222 41.1347 41.0871 41.0449 40.9545 40.8872 40.9351 40.9101 40.9391 41.0089 41.0456 41.0631 41.0218 40.9567 40.9487 40.9399 40.9462 40.9730 41.0457 41.1274 41.1573 41.2726 42.2257 45.3088 48.5812 51.5299 51.5221 54.9397 53.8650 45.1255 44.3565 44.2438 44.2492 44.6173 41.7790 41.6354 41.5958
41.4644 41.4493 41.4608 41.4625 41.4587 41.4111 41.2992 41.3373 41.2495 41.2247 41.2467 41.1930 41.1561 41.1987 41.2578 41.2381 41.2776 41.2526 41.2117 41.2009 41.1987 41.2053 41.2261 41.1914 41.2075 41.1775 41.1953 41.2380 41.2577 41.2307 41.1962 41.2039 41.0901 40.9769 40.9159 40.8803 40.8773 40.8756 40.9541 41.0153 41.0331 41.0700 41.0196 40.9321 40.9509 40.9941 41.0062 40.9939 41.0953 41.1484 41.1761 41.1606 41.6306 42.4329 46.4362 48.7430 48.7488 46.7974 43.2166 43.0363 43.5666 43.1820 43.1893 43.8302 41.7479 41.7688 42.2583
41.4713 41.4584 41.4642 41.4460 41.4228 41.4382 41.3431 41.3791 41.3083 41.3202 41.2769 41.2644 41.2225 41.2283 41.3217 41.3504 41.3888 41.3595 41.2924 41.2590 41.2455 41.2924 41.2831 41.2558 41.2256 41.2218 41.1830 41.2032 41.2749 41.2590 41.1810 41.1605 41.0832 40.9637 40.8816 40.8642 40.8372 40.8335 40.8954 40.9782 41.0169 41.0366 40.9725 40.8881 40.9015 40.9784 41.0442 41.0356 41.1235 41.3095 41.3439 41.6605 41.4648 42.5476 42.4646 44.0728 44.0781 44.5724 42.3908 42.1794 43.8591 42.4035 42.4354 41.9574 41.6952 42.3617 42.1209
41.5491 41.5046 41.4578 41.4169 41.3847 41.3893 41.3548 41.3698 41.3778 41.3777 41.3763 41.3415 41.2941 41.2864 41.3699 41.3882 41.3718 41.3655 41.3686 41.3984 41.3440 41.3769 41.3922 41.3491 41.3341 41.2555 41.2205 41.2295 41.2426 41.2123 41.1658 41.1510 41.0889 40.9751 40.8871 40.8445 40.8151 40.7939 40.8095 40.8828 40.9210 40.9229 40.8942 40.8478 40.8614 40.9528 41.0342 41.0625 41.1343 41.3353 41.3566 42.6349 48.9555 47.4041 48.3024 51.6719 51.6759 46.8934 42.8190 45.2397 45.6366 42.1760 42.1805 41.6130 41.6612 41.8050 41.6630
41.5747 41.5435 41.4786 41.4356 41.3916 41.3731 41.3702 41.3690 41.4194 41.4546 41.4580 41.4228 41.3292 41.3577 41.3879 41.4057 41.4313 41.4946 41.5299 41.5009 41.4680 41.4389 41.4063 41.3574 41.3265 41.2733 41.2721 41.2555 41.2117 41.1643 41.0851 41.0764 41.0458 40.9738 40.9063 40.8406 40.8054 40.7702 40.7988 40.7735 40.7832 40.8101 40.8339 40.8047 40.8186 40.8730 41.0050 41.0930 41.1694 41.2878 41.3017 42.3721 47.9120 50.9150 56.4632 51.0928 51.1133 43.7383 41.7899 41.7427 41.5927 41.5892 41.5848 41.5759 41.6472 41.6817 41.7513
41.5320 41.5327 41.5036 41.4587 41.3871 41.4401 41.4459 41.4229 41.4109 41.4964 41.4514 41.4001 41.3750 41.4225 41.4835 41.4998 41.5464 41.5845 41.5975 41.5673 41.5535 41.5176 41.4717 41.4144 41.4021 41.3369 41.3152 41.2607 41.1863 41.1741 41.1416 41.1004 41.0878 41.0627 40.9862 40.9155 40.8589 40.8120 40.7947 40.7665 40.7659 40.7834 40.8134 40.7663 40.7938 40.8376 40.9690 41.1137 41.2195 41.3324 41.3476 41.6994 44.7202 50.2966 49.4668 42.7915 42.8133 41.5126 41.4490 41.4742 41.5076 41.5576 41.5661 41.5774 41.6229 41.6593 41.7077
41.5120 41.5066 41.4868 41.4251 41.4095 41.4772 41.4905 41.4991 41.5090 41.5244 41.4687 41.4327 41.4358 41.5112 41.5606 41.5531 41.5926 41.6303 41.6096 41.5533 41.5282 41.4954 41.4102 41.3742 41.3765 41.3655 41.3916 41.3708 41.2942 41.2674 41.1649 41.1407 41.1268 41.0913 41.0692 41.0494 41.0166 40.8971 40.8438 40.8162 40.8252 40.7957 40.7954 40.7637 40.7722 40.8227 40.9296 41.0958 41.2426 41.3488 41.3555 41.4371 44.1988 49.7316 46.2455 41.5319 41.5633 41.3581 41.4008 41.4918 41.5182 41.5160 41.5236 41.5488 41.5725 41.6250 41.6917
41.4802 41.4563 41.4964 41.4826 41.4830 41.5076 41.5374 41.5251 41.5152 41.4971 41.5165 41.5419 41.5374 41.5765 41.6039 41.6343 41.6520 41.5670 41.5713 41.5315 41.5759 41.5159 41.4443 41.3844 41.3769 41.3600 41.4339 41.4423 41.3845 41.3313 41.2521 41.2486 41.2080 41.1854 41.1853 41.1273 41.1476 41.0576 40.9595 40.8217 40.8826 40.8245 40.7997 40.7957 40.7903 40.8581 40.8733 41.0102 41.0609 41.2970 41.3320 41.4655 41.6848 42.1545 41.9923 41.4133 41.4167 41.3441 41.3545 41.4554 41.4831 41.5010 41.5156 41.5438 41.5546 41.5875 41.6617
41.5001 41.4721 41.4862 41.4523 41.4861 41.5240 41.5364 41.5217 41.4901 41.4710 41.5204 41.5807 41.5865 41.6026 41.6432 41.6645 41.6244 41.5727 41.5620 41.5313 41.5628 41.5217 41.4913 41.4468 41.4185 41.4162 41.4563 41.4731 41.4710 41.4262 41.3703 41.3772 41.3352 41.2690 41.2540 41.1847 41.1685 41.1767 41.0899 41.0176 41.0001 40.9531 40.8444 40.8174 40.8667 40.8659 40.9287 41.2324 41.3859 41.2409 41.3353 41.4462 41.4153 41.3267 41.3449 41.4157 41.4118 41.3741 41.3234 41.3582 41.4309 41.4748 41.5117 41.5974 41.6293 41.5643 41.6202
41.5145 41.4334 41.3886 41.3890 41.4457 41.5292 41.5625 41.5079 41.5092 41.4783 41.5194 41.5968 41.5919 41.6036 41.6284 41.6390 41.5983 41.5680 41.5384 41.5026 41.5127 41.5228 41.5076 41.4604 41.4106 41.4115 41.4380 41.4611 41.4927 41.4364 41.4034 41.4200 41.3871 41.3892 41.3694 41.3544 41.3218 41.2842 41.2355 41.0979 41.1125 41.0591 40.9995 40.9640 41.0205 41.0286 41.0900 41.3953 44.1442 42.0764 42.1369 41.4401 41.3915 40.8505 41.1924 41.4052 41.3828 41.3903 41.3406 41.3437 41.3715 41.4932 41.5474 41.6543 41.5748 41.5682 41.5994
41.5294 41.4556 41.3607 41.3337 41.4079 41.4819 41.5306 41.4824 41.4682 41.4962 41.5686 41.6089 41.6195 41.6568 41.6490 41.6353 41.6152 41.5980 41.5640 41.5114 41.5260 41.5353 41.5364 41.4807 41.4529 41.4535 41.5062 41.5034 41.5110 41.4941 41.4718 41.4842 41.4791 41.4539 41.4590 41.4025 41.3646 41.4115 41.3369 41.3126 41.3193 41.3091 41.2788 41.1958 41.1832 41.1558 41.1766 41.7308 45.7878 42.1767 42.1824 41.4320 46.9096 50.9088 41.8268 41.4296 41.4167 41.4095 41.3638 41.3251 41.3252 41.4422 41.4871 41.5341 41.5798 41.5642 41.5496
41.5019 41.4856 41.4275 41.3836 41.4339 41.5054 41.5389 41.5244 41.4912 41.4872 41.5508 41.6003 41.6002 41.6268 41.6243 41.6531 41.6665 41.6760 41.6708 41.6208 41.5588 41.5685 41.5671 41.5627 41.5647 41.5653 41.5891 41.5736 41.5155 41.4871 41.5081 41.5171 41.5388 41.5476 41.4961 41.4526 41.4858 41.5151 41.5121 41.4826 41.4765 41.4651 41.4376 41.3528 41.3274 41.2828 41.2450 41.2460 41.2704 41.2643 41.3100 41.3961 43.2536 42.3827 41.4957 41.3951 41.3825 41.3548 41.3607 41.3628 41.3366 41.4043 41.3812 41.4345 41.5140 41.5532 41.5186
41.4837 41.4592 41.4197 41.4080 41.4353 41.4645 41.5003 41.5077 41.5265 41.5171 41.5300 41.5530 41.5739 41.5642 41.6148 41.6783 41.7133 41.7423 41.6859 41.6207 41.6303 41.5616 41.5588 41.6412 41.6251 41.5992 41.5553 41.5357 41.4861 41.4742 41.5111 41.5151 41.5302 41.5078 41.4834 41.4632 41.4824 41.5102 41.5480 41.5831 41.5494 41.5237 41.5454 41.5034 41.4940 41.3958 41.3013 41.2516 41.2828 41.2682 41.2842 41.2791 41.4332 41.4275 41.4303 41.4222 41.3945 41.7377 41.4213 41.3662 41.3225 41.3227 41.3186 41.4335 41.5175 41.5182 41.5157
