regresion/FEBRERO_2003/MODIS/3_Bandas/Composicion (B10).txt
ncols         167
nrows         127
xllcorner     -112.016
yllcorner     26.722
cellsize      0.00898
[rows 87 to 115 of 127, columns 0 to 66 of 167]
76.3051 75.5948 74.9361 73.9327 72.9634 71.5234 70.5933 65.4123 60.0295 49.0021 42.5402 41.8674 41.2162 40.9641 41.0100 40.9344 40.8831 40.7603 40.6329 40.5961 40.5196 40.4116 40.3709 40.3719 40.3491 40.3758 40.4475 40.6091 40.8064 40.9764 41.0059 41.0641 41.1382 41.2433 41.3274 41.4033 41.4026 41.4208 41.4008 41.3840 41.3772 41.4153 41.4301 41.4349 41.5065 41.5064 41.5488 41.5500 41.5511 41.5710 41.5907 41.5867 41.6111 41.6630 41.6524 41.6820 41.6130 41.5479 41.5551 41.5934 41.5683 41.5025 41.5130 41.6011 41.6866 41.7599 41.8250
77.8857 76.9726 76.6892 74.6513 76.9989 78.2117 70.3473 63.9208 59.4611 51.0974 43.8432 42.5533 41.7406 41.2863 41.2631 40.9582 40.9383 40.8200 40.7364 40.6346 40.5399 40.4688 40.4221 40.4213 40.3925 40.3821 40.4354 40.5525 40.7394 40.8955 40.9866 41.0796 41.1481 41.1976 41.2471 41.2929 41.2470 41.3156 41.3461 41.3486 41.3774 41.3872 41.4185 41.4777 41.5299 41.5543 41.5328 41.5344 41.5841 41.6339 41.6360 41.6415 41.5866 41.5413 41.5860 41.6191 41.5839 41.5423 41.5666 41.5163 41.5509 41.5813 41.5452 41.5679 41.8139 41.9454 41.9852
75.9225 76.7899 78.1950 77.0866 75.4718 72.5202 58.3830 53.9439 50.2448 47.6043 43.9244 42.5492 42.3177 42.0582 41.8387 41.0975 40.9172 40.7940 40.7545 40.6928 40.6046 40.5029 40.4758 40.4054 40.3809 40.4032 40.4925 40.6249 40.7467 40.9498 41.0662 41.1170 41.1754 41.1499 41.1901 41.1745 41.1467 41.1620 41.2965 41.3684 41.3432 41.2798 41.3103 41.3758 41.4240 41.4918 41.4592 41.4579 41.5044 41.5324 41.6075 41.6313 41.5351 41.5122 41.5990 41.6289 41.6422 41.6248 41.5898 41.5758 41.6199 41.6660 41.7286 41.7286 41.6826 41.9091 41.9558
75.6884 76.1010 78.1559 75.1173 65.0423 56.7922 47.9190 45.6394 44.7979 45.5795 44.5489 43.5470 43.5315 43.4830 42.6002 41.4669 40.9215 40.7507 40.7475 40.7749 40.7358 40.6307 40.6096 40.4918 40.4439 40.4571 40.4970 40.6056 40.7493 40.7829 40.9459 41.0986 41.1543 41.1286 41.1398 41.1807 41.1734 41.1862 41.2504 41.2983 41.2972 41.2410 41.2552 41.2568 41.2690 41.3401 41.3817 41.3992 41.4618 41.4733 41.5582 41.5381 41.5386 41.5819 41.6382 41.7217 41.7481 41.7309 41.6895 41.7226 41.7987 41.8045 41.9067 41.9734 41.7666 41.8738 41.9109
76.4382 77.3211 76.0151 66.9213 54.8720 49.7637 45.0735 43.2117 43.1002 43.7763 44.2677 44.3539 45.3609 45.9052 43.7087 41.4585 40.9686 40.8370 40.6299 40.7547 40.8042 40.7310 40.6310 40.5778 40.5380 40.5444 40.6240 40.6371 40.7174 40.7184 40.7725 40.9312 41.0841 41.1241 41.1411 41.1653 41.1853 41.1367 41.1971 41.2653 41.3048 41.2635 41.2658 41.2782 41.2907 41.3142 41.3588 41.4281 41.4841 41.4932 41.5714 41.5671 41.5486 41.6105 41.6955 41.7389 41.7904 41.7827 41.7352 41.7118 41.8034 42.0099 41.9163 42.2834 42.1741 41.8942 41.9107
72.3434 74.1871 71.7647 58.0579 49.1863 46.5590 44.4400 42.7533 42.2817 42.5639 43.1009 43.3330 46.3623 45.2766 42.1747 41.2190 41.0118 40.8509 40.7853 40.8434 40.7949 40.7434 40.7278 40.7360 40.7504 40.7050 40.6896 40.7013 40.7378 40.7293 40.7317 40.8253 41.0060 41.0907 41.1330 41.1440 41.1664 41.1484 41.1834 41.2053 41.2566 41.2860 41.3276 41.3535 41.3902 41.3588 41.3833 41.4693 41.5181 41.5623 41.6005 41.6005 41.5635 41.6062 41.6734 41.6881 41.7173 41.7120 41.7183 41.7234 41.7871 41.9363 41.9213 42.1447 42.4012 42.1145 42.1194
68.2972 67.4295 63.1236 49.6385 46.1760 44.0259 42.6140 41.9677 41.6098 41.6386 41.8820 42.0647 42.6675 41.5461 41.1997 40.8714 40.8281 40.8099 40.8539 40.9280 40.8744 40.7210 40.7232 40.7990 40.8147 40.8793 40.8273 40.7440 40.7036 40.7257 40.7476 40.7726 40.8722 40.8983 41.0559 41.1260 41.1446 41.1911 41.1923 41.1679 41.1981 41.2739 41.3194 41.3668 41.3181 41.3347 41.3992 41.5229 41.5289 41.5663 41.6385 41.6471 41.6212 41.6108 41.6552 41.6561 41.6941 41.6722 41.6708 41.6612 41.8159 41.8871 42.0011 42.0415 42.0877 42.1269 42.0996
67.4310 67.2734 58.3106 47.7297 44.9250 42.8963 42.1748 41.6862 41.1885 41.0139 41.1021 41.0388 40.8479 41.4509 41.4761 40.8382 40.8810 40.8608 40.8610 40.8701 40.8376 40.7670 40.6762 40.7933 40.7899 40.8788 40.9087 40.8113 40.7294 40.6965 40.7139 40.7368 40.7867 40.7741 40.8635 41.0461 41.1024 41.1063 41.1430 41.1530 41.1820 41.2093 41.2324 41.3470 41.3324 41.2729 41.3207 41.4439 41.4794 41.5198 41.6400 41.7070 41.7121 41.7167 41.7280 41.7411 41.7260 41.6860 41.6250 41.6305 41.8536 42.0370 42.3018 42.2433 42.1929 42.1995 42.1740
64.1062 64.0255 54.7021 46.3151 44.6255 42.6729 41.7631 41.4360 41.1512 41.0325 41.0612 40.9316 40.8672 40.8825 40.9105 40.9509 40.9800 40.9876 40.8356 40.7463 40.7711 40.8371 40.7423 40.7788 40.7764 40.8556 40.8692 40.8538 40.8543 40.7581 40.7524 40.7430 40.7704 40.7637 40.8105 40.9631 41.1028 41.1737 41.1911 41.1655 41.2037 41.1802 41.1876 41.2435 41.2316 41.2035 41.2146 41.3536 41.3931 41.5537 41.6912 41.7468 41.7457 41.7847 41.7573 41.7747 41.7759 41.7351 41.6934 41.7570 41.9838 42.0600 42.4055 43.4307 42.2910 42.2211 42.2208
61.6085 59.8208 50.3208 45.1532 43.6538 42.2036 41.6423 41.3373 41.1122 41.0311 40.9845 40.9387 40.9492 40.8846 40.9089 40.9090 40.7778 40.8029 40.6411 40.6726 40.6289 40.8151 40.8942 40.8973 40.9262 40.8422 40.8298 40.8718 40.9573 40.9553 40.9540 40.9085 40.8665 40.8324 40.8345 40.8482 41.0497 41.1675 41.2106 41.2123 41.2484 41.2425 41.2135 41.2240 41.2362 41.1924 41.2213 41.3817 41.4518 41.5659 41.6181 41.7287 41.7967 41.7768 41.7285 41.7812 41.7899 41.7632 41.7856 41.9202 42.0997 42.1237 42.2604 42.3557 42.4120 42.3891 42.3612
61.7552 58.6326 49.2140 44.2799 42.7555 42.0174 41.2826 41.1559 41.0736 41.0714 41.0211 40.9941 40.9367 40.9412 40.9744 41.0086 40.9331 40.9404 40.7682 40.6355 40.5982 40.7747 40.9671 41.0110 41.0374 40.9630 40.9284 40.9726 41.0048 41.0956 41.0905 41.0182 40.9617 40.9582 41.0018 40.9788 41.0461 41.1615 41.2008 41.2352 41.2999 41.3151 41.2882 41.2810 41.2768 41.2809 41.3879 41.4422 41.5430 41.5319 41.6462 41.7467 41.8046 41.7758 41.7575 41.7859 41.8217 41.8390 41.9082 41.9988 42.1097 42.1609 42.3477 42.3660 42.2586 42.3495 42.3251
59.9891 57.3267 47.9398 44.0248 42.6669 41.9419 41.2266 41.0647 41.0562 41.0893 41.0938 41.0853 41.0247 40.9903 41.0170 40.9538 40.8549 40.9013 40.8350 40.7955 40.7760 40.9032 41.0343 41.0597 41.0721 41.0434 41.0371 41.0582 41.1214 41.1963 41.2005 41.1382 41.0440 41.0485 41.1205 41.1272 41.1408 41.2054 41.2272 41.3077 41.3820 41.4236 41.4150 41.3923 41.4394 41.4964 41.5326 41.5521 41.5981 41.5640 41.6814 41.7399 41.7650 41.7702 41.8215 41.8464 41.9161 41.9762 42.0847 42.0725 42.1142 42.1287 42.3867 42.3579 42.2612 42.4517 42.4229
58.6898 56.5043 50.1622 44.5804 42.8232 42.0158 41.3863 41.1086 41.1149 41.1506 41.1588 41.1405 41.0909 41.0743 41.0694 40.9662 40.8577 40.8644 40.8398 40.8378 40.8334 40.8723 41.1063 41.1795 41.1901 41.1821 41.1743 41.1667 41.2043 41.2914 41.3848 41.3224 41.1848 41.1085 41.0821 41.1468 41.2027 41.2146 41.3016 41.4085 41.5181 41.5371 41.5911 41.5641 41.6015 41.6737 41.6879 41.7128 41.7470 41.6698 41.7441 41.7656 41.8287 41.8549 41.8954 41.9176 42.0429 42.1193 42.1767 42.1610 42.2352 42.2793 42.3187 42.3732 42.3569 43.5163 43.5527
58.7053 57.3805 51.7858 45.7819 43.1154 42.2271 41.5485 41.2416 41.1855 41.2273 41.2090 41.2078 41.1884 41.1256 41.0283 40.9068 40.8572 40.8521 40.8724 40.9006 40.9397 41.0282 41.1435 41.2043 41.1966 41.2353 41.2204 41.1826 41.2248 41.3443 41.4016 41.4495 41.2566 41.2039 41.1226 41.1928 41.2666 41.3541 41.4569 41.5598 41.6572 41.6222 41.7007 41.7630 41.7721 41.8552 41.8778 41.8361 41.8720 41.8424 41.8441 41.8858 41.9255 42.0162 42.1243 42.1356 42.2213 42.2220 42.2338 42.2802 42.3138 42.3601 42.4300 42.3746 42.4003 43.1416 43.1949
59.2312 57.8432 55.2246 48.9972 45.1607 43.3869 41.9981 41.4577 41.2852 41.3044 41.2247 41.1750 41.1111 41.0062 40.8977 40.8449 40.8756 40.8684 40.8713 40.8898 40.9752 41.1367 41.2326 41.2735 41.2192 41.1939 41.1394 41.1440 41.2236 41.3161 41.3479 41.3801 41.3446 41.1952 41.1975 41.3246 41.3656 41.5337 41.6922 41.7106 41.7438 41.7132 41.7924 41.9274 41.9608 42.0193 41.9985 41.9383 41.9678 41.9139 41.9460 41.9514 42.0199 42.1257 42.2407 42.2741 42.2851 42.2717 42.3017 42.3600 42.3921 42.3972 42.3355 42.3595 42.3987 42.5445 42.5992
59.6075 58.4808 56.5972 54.7790 49.8593 47.3456 43.7915 42.0858 41.5362 41.4732 41.2602 41.1445 41.0272 40.9857 40.9017 40.8601 40.8447 40.8484 40.8253 40.8509 40.9534 41.0770 41.2161 41.2503 41.3278 41.3046 41.2544 41.3113 41.3054 41.2691 41.3156 41.2629 41.2117 41.2227 41.3124 41.4678 41.5281 41.7255 41.8239 41.8765 41.8679 41.8543 41.8711 42.0276 42.1206 42.0402 41.9757 41.9060 41.9056 41.9002 41.9564 42.0063 42.0405 42.1353 42.2178 42.2320 42.2810 42.2927 42.3727 42.3991 42.4017 42.4315 42.3754 42.3360 42.4955 42.4919 42.5030
60.0739 59.4935 58.0979 56.9209 56.4057 52.5147 47.2684 43.1575 41.8131 41.5641 41.2991 41.1612 41.0062 40.9270 40.9313 40.9272 40.8260 40.8088 40.8229 40.8680 40.9907 41.0714 41.1656 41.2612 41.2793 41.2840 41.3550 41.4155 41.3541 41.2483 41.2943 41.2618 41.2893 41.3627 41.4930 41.6111 41.7064 41.8662 41.9976 42.0578 42.0730 42.0226 42.0016 42.0637 42.1882 42.1690 42.0832 41.9800 41.9845 41.9835 42.0025 42.0824 42.1565 42.2136 42.2234 42.2558 42.3437 42.3482 42.4078 42.3725 42.3412 42.3488 42.3274 42.4390 42.4375 42.4228 42.4674
60.1820 59.7766 58.5734 58.1983 58.5427 56.5446 52.3206 45.5447 43.1320 41.9559 41.7132 41.6722 41.1964 41.0700 41.0450 40.7901 40.7276 40.7600 40.8023 40.9202 40.9335 40.9360 41.0040 41.1275 41.1724 41.2430 41.3721 41.3906 41.3674 41.3216 41.3583 41.3621 41.4326 41.5135 41.5989 41.6647 41.7181 41.9335 42.1015 42.1549 42.0810 42.0279 42.0042 42.0080 42.0319 42.0363 42.0314 41.9964 42.0213 42.0155 42.1197 42.2023 42.2831 42.2959 42.2631 42.2998 42.3516 42.3396 42.3043 42.2598 42.1785 42.2255 42.2536 42.2119 42.3534 42.4387 42.4886
59.6901 59.4501 59.2778 59.9672 60.0356 60.3201 56.3203 51.9305 48.1441 43.4408 42.1365 41.5757 41.2183 41.0410 40.9847 40.7890 40.6664 40.6111 40.7076 40.8027 40.8243 40.8812 40.9449 41.0558 41.1048 41.1551 41.2263 41.2663 41.3064 41.3744 41.4586 41.5425 41.6451 41.6927 41.7241 41.8256 41.8382 41.9731 42.0839 42.0887 42.0054 41.9079 41.8691 41.8655 41.9010 41.9541 41.9693 42.0517 42.1398 42.1541 42.2130 42.2619 42.2990 42.2509 42.2180 42.2620 42.3219 42.3142 42.3385 42.2968 42.2141 42.2565 42.2281 42.2534 42.2849 42.3640 42.3626
60.5580 60.2888 61.5301 62.1462 62.0275 63.4169 60.8253 55.1559 49.8539 43.3791 42.3663 42.0659 41.5711 41.2564 41.0948 40.8086 40.7219 40.6275 40.6914 40.7378 40.7637 40.9831 40.9663 40.9652 41.0171 40.9862 41.0649 41.1571 41.2572 41.3325 41.4013 41.5297 41.6248 41.6632 41.8232 42.0018 42.0306 42.1227 42.1292 42.0578 41.9892 41.8970 41.8519 41.8365 41.8518 41.9091 41.9256 42.0048 42.0368 42.0729 42.1666 42.2325 42.3074 42.2800 42.2785 42.2564 42.3028 42.2918 42.2722 42.2552 42.2462 42.2897 42.3254 42.3237 42.2953 42.3735 42.3069
62.8343 61.0320 61.1127 61.7762 62.2415 61.7715 60.6067 56.7700 52.9757 46.0847 43.2724 42.7181 41.8549 41.2922 41.0926 40.8984 40.8306 40.7278 40.7561 40.8534 41.0172 42.4992 43.1848 42.5852 42.4276 41.6718 41.0328 41.0776 41.2323 41.3060 41.3565 41.4167 41.4999 41.4752 41.6777 41.9916 42.0389 42.1614 42.1745 42.0708 41.9694 41.8918 41.8547 41.8657 41.8705 41.8813 41.9510 42.0597 42.0773 42.1074 42.1422 42.1583 42.2389 42.3228 42.2542 42.2299 42.2805 42.2525 42.2161 42.2161 42.2499 42.2971 42.2209 42.2203 42.2592 42.2994 42.2263
63.2774 62.7551 61.6652 60.0284 58.8004 58.3887 57.0207 57.6040 56.8259 52.4501 47.2997 46.3105 43.3653 41.6955 41.3269 41.1108 40.9192 40.8063 40.9077 40.9746 41.6693 43.5583 48.5223 49.6826 48.2293 46.3546 43.1418 41.2469 41.1516 41.1903 41.2713 41.3760 41.5414 41.5652 41.6515 41.7515 41.8301 41.9545 41.9833 41.9749 41.8955 41.8248 41.8086 41.8601 41.8389 41.9282 42.0307 42.0711 42.0935 42.1508 42.1729 42.1474 42.1107 42.2308 42.3303 42.3028 42.3036 42.2688 42.2317 42.2220 42.1774 42.1908 42.1265 42.1368 42.2172 42.2558 42.1845
62.2900 61.9901 60.8567 59.1173 57.2596 56.4076 55.6088 57.0047 57.9943 58.5842 55.7569 53.9027 49.0928 44.9068 42.4350 41.4913 41.1969 41.0205 42.0960 46.5115 52.2034 54.5812 53.5231 51.9863 50.8826 48.6689 45.3178 42.5954 41.5030 41.3299 41.3075 41.3930 41.5974 41.7045 41.9105 41.8349 41.8227 41.7384 41.7400 41.8077 41.8965 41.8470 41.8626 41.8597 41.8858 42.0045 42.1711 42.2459 42.2210 42.2426 42.2101 42.1616 42.1405 42.1454 42.1790 42.2494 42.2919 42.2394 42.2074 42.1919 42.1435 42.1718 42.1434 42.1957 42.2367 42.1871 42.1794
62.0636 59.9072 59.7184 58.8334 56.8216 56.4420 55.8534 57.8349 59.3759 60.4103 61.1397 60.0074 57.5958 49.0828 44.2157 42.2636 41.9038 41.6182 42.7709 46.5634 57.9710 60.4286 57.7652 55.1973 54.1514 53.5875 51.7489 46.2034 42.5411 42.1741 42.2155 42.4134 41.8005 42.0121 41.7987 41.7500 41.7425 41.6577 41.6491 41.6943 41.7542 41.8271 41.8986 41.9579 41.9732 42.1136 42.2574 42.3164 42.2940 42.2682 42.1831 42.1478 42.1609 42.0827 41.9872 42.0222 42.1995 42.1481 42.2038 42.1567 42.1601 42.1866 42.2509 42.3085 42.2342 42.1958 42.1463
60.4096 58.2092 57.6971 58.0627 57.4482 57.5162 57.6388 58.7416 59.2998 59.9708 61.5917 61.5132 60.2185 51.2755 45.8718 43.2586 42.5837 42.4518 42.7615 44.8883 52.8683 57.2915 56.6759 55.0549 54.3393 53.8566 53.5081 52.2478 49.1502 46.2185 44.6109 42.0236 41.7133 41.6748 41.6762 41.6098 41.6669 41.6585 41.6591 41.7375 41.8336 41.7977 41.8667 41.9455 42.0285 42.1021 42.2190 42.2943 42.2690 42.2604 42.2214 42.1927 42.1641 42.1026 42.0898 42.1109 42.1648 42.1052 42.1576 42.1501 42.2046 42.2328 42.2644 42.2468 42.1952 42.1287 42.1600
59.5988 57.4464 55.2972 55.9662 57.1480 57.5078 58.3377 58.0086 58.2951 59.5788 61.2754 61.3249 59.6297 53.4866 49.0090 44.7713 43.3731 42.9168 42.7280 43.1613 48.7626 55.3020 56.1277 54.7514 54.6408 54.0801 54.1070 54.0206 53.6612 50.1638 47.6040 44.8336 42.8452 41.8596 41.6067 41.5772 41.5892 41.6296 41.7417 41.8650 41.8396 41.7778 41.7952 41.8722 41.9445 42.0275 42.1571 42.2466 42.2383 42.2375 42.1996 42.1554 42.1557 42.1980 42.2080 42.2134 42.2409 42.1809 42.1647 42.1664 42.2178 42.2924 42.2253 42.1276 42.1099 42.0946 42.1210
62.1700 64.1408 56.8900 55.6887 55.9704 56.8407 57.5858 58.6285 59.3672 59.7080 60.7455 60.7984 59.4109 56.9966 54.1543 49.3768 47.4518 47.1010 44.2410 43.9730 46.1840 52.0620 56.7934 56.6824 56.7132 55.7513 54.6318 54.7534 55.1027 53.5098 52.2742 49.6582 44.2611 42.3516 41.5957 41.6708 41.6257 41.7039 41.7684 41.8156 41.8403 41.8301 41.8632 41.9544 41.9706 42.0468 42.1116 42.1595 42.2187 42.1678 42.1323 42.1414 42.2057 42.2355 42.2461 42.2521 42.2829 42.2237 42.1588 42.0926 42.0766 42.1887 42.1393 42.1131 42.0829 42.0764 42.0694
60.5299 62.6095 56.5188 53.4661 54.9035 55.9574 57.3509 58.0290 58.0493 58.8855 60.4366 60.6631 59.9881 59.3333 59.5237 57.0663 55.0905 50.8183 46.8293 44.7474 45.0343 51.2504 57.4908 58.0608 57.7691 56.3538 54.5845 54.9662 54.8481 54.7196 55.0376 52.8253 47.3824 43.9326 42.0211 41.8595 41.8172 41.7964 41.8065 41.7838 41.8074 41.8774 41.8999 41.9641 42.0374 42.0889 42.1472 42.1658 42.2752 42.2136 42.2364 42.2416 42.2705 42.2865 42.2787 42.2574 42.2274 42.1964 42.1195 42.0577 41.9448 41.9816 41.9638 41.9979 42.0516 42.0698 42.0423
62.0580 60.7420 54.5436 53.3146 54.0322 54.9176 56.6576 57.8287 58.7980 59.3327 58.5237 59.1854 59.3351 59.5827 61.1449 61.3792 60.7085 57.2430 49.9507 46.2879 44.8421 48.2618 55.1041 57.4004 56.8184 56.0183 54.7621 53.8706 54.2990 54.7084 55.2135 54.6244 50.6758 47.8780 42.9698 42.2545 42.0975 41.9390 41.8246 41.8004 41.8075 41.8442 41.9014 41.9389 42.0093 42.1246 42.1675 42.2347 42.3642 42.3255 42.3752 42.3971 42.3565 42.3294 42.2154 42.1855 42.1457 42.1020 42.0717 41.9714 41.8923 41.9136 41.9426 41.9660 42.0016 42.0661 42.0933
