regresion/FEBRERO_2003/MODIS/3_Bandas/Composicion (B12).txt
ncols         167
nrows         127
xllcorner     -112.016
yllcorner     26.722
cellsize      0.00898
[rows 87 to 115 of 127, columns 0 to 66 of 167]
20.5653 32.8548 33.0122 38.2657 42.9513 61.9445 46.4128 40.7162 50.9040 36.1850 28.1054 27.1654 26.1795 25.6982 25.6897 25.4798 25.3536 25.2269 25.1068 25.0655 25.0605 25.0386 24.9935 24.9527 24.9551 24.9685 25.0612 25.2311 25.4199 25.6380 25.6506 25.7468 25.8453 25.9483 26.0582 26.1484 26.1739 26.2224 26.2662 26.2402 26.2113 26.2160 26.2027 26.2231 26.2584 26.2859 26.2866 26.2686 26.2946 26.2780 26.2732 26.2589 26.3106 26.3443 26.2660 26.2917 26.2020 26.1505 26.2102 26.3181 26.3777 26.3384 26.4009 26.5313 26.6239 26.6875 26.7790
11.9906 13.2347 15.2418 45.2693 22.9655 24.0394 47.8087 38.4150 49.1285 39.3526 29.8442 28.1836 26.9446 26.1934 26.0751 25.6184 25.4579 25.3258 25.2099 25.1360 25.0991 25.0566 25.0007 24.9762 24.9775 24.9741 25.0365 25.1674 25.3686 25.5292 25.5995 25.7017 25.8034 25.8598 25.9749 26.0572 26.0413 26.0640 26.0915 26.1743 26.2290 26.2552 26.2745 26.3302 26.3861 26.3898 26.3571 26.3127 26.3471 26.3497 26.3299 26.3441 26.2707 26.1779 26.1551 26.1817 26.1541 26.1342 26.1927 26.1916 26.2831 26.3114 26.3348 26.4043 26.6815 26.7558 26.8029
23.5883 12.2554 4.2583 8.6044 32.2737 29.9244 42.4389 43.5070 39.4229 35.7133 30.5235 28.7462 28.2324 27.4684 26.8973 25.8533 25.5882 25.4426 25.3184 25.1905 25.1260 25.1077 25.1205 25.0901 25.1066 25.0813 25.1222 25.2125 25.3178 25.4890 25.6070 25.7199 25.8158 25.7994 25.8753 25.9012 25.9061 25.9807 26.1133 26.2213 26.2610 26.2698 26.2865 26.3514 26.3638 26.4054 26.3473 26.3005 26.3225 26.3028 26.3533 26.3713 26.2178 26.1157 26.1417 26.1543 26.1795 26.1728 26.1703 26.2431 26.3318 26.3646 26.4770 26.5112 26.5024 26.6833 26.6929
26.1024 18.4670 11.3583 18.2127 29.2330 31.9153 30.2173 33.4122 32.9824 34.5254 32.4194 30.8921 30.6707 29.8715 28.2251 26.4634 25.7069 25.4631 25.4056 25.3302 25.2636 25.1917 25.2424 25.1854 25.1847 25.1685 25.1821 25.1774 25.2715 25.3194 25.4822 25.6561 25.7366 25.7507 25.8317 25.8905 25.9275 25.9497 26.0357 26.1622 26.2272 26.2702 26.2980 26.3121 26.2731 26.2778 26.2895 26.2551 26.2814 26.2646 26.3125 26.2600 26.1867 26.1690 26.2096 26.2600 26.2917 26.2736 26.2706 26.3915 26.5236 26.5062 26.6486 26.6721 26.5068 26.6087 26.6113
25.3394 13.1982 27.8803 41.0544 38.3238 34.1436 31.1265 29.9375 30.3457 32.4231 33.4315 33.3918 34.3719 33.3325 29.6222 26.5359 25.8617 25.6596 25.3468 25.4009 25.3742 25.3027 25.2318 25.2195 25.1818 25.1721 25.2289 25.1882 25.2272 25.1991 25.2495 25.4544 25.6215 25.6529 25.7351 25.7830 25.8196 25.8790 25.9944 26.0987 26.2032 26.2677 26.2825 26.3311 26.3304 26.2987 26.2746 26.2842 26.2982 26.2874 26.3028 26.2688 26.1976 26.2224 26.3022 26.3341 26.3777 26.3951 26.3860 26.3980 26.5276 26.7123 26.5996 26.9451 26.8039 26.5732 26.5750
35.6077 35.2394 31.9799 44.6086 33.7201 32.9443 30.7578 29.0187 28.8293 29.7871 31.2424 31.7181 35.0265 31.9710 27.7348 26.2245 25.8051 25.5795 25.5255 25.5915 25.4516 25.3618 25.3070 25.3486 25.3189 25.2667 25.2353 25.1668 25.1703 25.1388 25.1513 25.2854 25.4761 25.5609 25.6499 25.6903 25.7306 25.7753 25.8825 25.9814 26.1281 26.2524 26.3103 26.3699 26.4165 26.3595 26.3323 26.3484 26.3354 26.3495 26.3398 26.3206 26.2349 26.2236 26.2868 26.3054 26.3655 26.4064 26.4325 26.4443 26.5052 26.6364 26.5831 26.8207 27.1115 26.8253 26.8287
53.3205 50.8088 47.1107 32.9332 28.5960 29.6394 28.2276 27.6380 27.3396 27.5094 28.0904 28.4342 28.8266 26.8477 26.2944 25.7591 25.5658 25.4929 25.4971 25.6085 25.5863 25.4325 25.3990 25.4054 25.4169 25.4070 25.2624 25.1281 25.0762 25.0826 25.0984 25.1406 25.2877 25.3093 25.4579 25.5812 25.6828 25.7597 25.7821 25.8750 26.0028 26.1832 26.2796 26.3650 26.3357 26.3317 26.3746 26.4117 26.3708 26.3952 26.4130 26.3897 26.3163 26.2632 26.3039 26.3336 26.4262 26.4287 26.4333 26.3956 26.5023 26.5575 26.6203 26.6519 26.7194 26.8128 26.8082
60.8399 60.1136 47.3612 34.0261 30.7828 28.2557 27.5409 26.9529 26.4764 26.3077 26.5210 26.4409 26.0989 26.8784 26.8234 25.8499 25.7959 25.7008 25.5745 25.5447 25.4990 25.4515 25.3513 25.3797 25.3665 25.3180 25.2824 25.1549 25.0535 25.0454 25.0686 25.0932 25.1444 25.1364 25.2503 25.4030 25.5197 25.6052 25.7053 25.7690 25.8598 25.9834 26.0676 26.2374 26.2570 26.1924 26.2757 26.3851 26.3630 26.3923 26.4258 26.4645 26.4371 26.4008 26.3954 26.4237 26.4308 26.3842 26.3591 26.3641 26.4852 26.6550 26.9014 26.8528 26.8311 26.8857 26.9032
56.6730 55.8518 42.9225 32.0418 30.1820 27.8762 26.9233 26.5395 26.2710 26.1910 26.3137 26.0911 26.0029 25.9541 25.9475 25.8749 25.7422 25.6477 25.4637 25.3851 25.3649 25.4323 25.3537 25.3471 25.3457 25.3304 25.2620 25.2066 25.1526 25.0852 25.0807 25.0778 25.1152 25.1208 25.1813 25.3396 25.5356 25.6142 25.7278 25.7839 25.8394 25.8727 25.9216 26.0239 26.0199 26.0078 26.0753 26.2901 26.2600 26.4327 26.5097 26.5262 26.4922 26.4738 26.4126 26.4553 26.4460 26.3778 26.3521 26.4023 26.5486 26.6415 27.0279 28.0454 26.9340 26.9703 26.9786
52.9228 50.1987 37.4635 30.9235 29.2577 27.4460 26.7907 26.4346 26.2016 26.1049 26.0167 25.9318 25.9402 25.8253 25.7873 25.6784 25.4576 25.3949 25.2009 25.2417 25.2053 25.3622 25.4449 25.4362 25.4498 25.3270 25.2592 25.2431 25.2785 25.2506 25.2486 25.2234 25.2023 25.1854 25.2065 25.2493 25.4871 25.6118 25.7304 25.8149 25.8820 25.9353 25.9445 26.0113 26.0753 26.0350 26.0980 26.3100 26.3168 26.4021 26.4104 26.4764 26.4992 26.4553 26.3663 26.3997 26.3995 26.3506 26.3940 26.4892 26.6522 26.6910 26.8364 26.9776 27.0997 27.1691 27.1499
52.6910 48.3206 35.7831 29.8408 28.1234 27.2445 26.4444 26.2779 26.1978 26.1610 26.0332 25.9375 25.8105 25.7557 25.7697 25.7259 25.5557 25.4525 25.2451 25.1429 25.1422 25.2902 25.4498 25.5161 25.5156 25.4351 25.3647 25.3652 25.3784 25.4352 25.4273 25.3301 25.2673 25.2788 25.3323 25.3632 25.4547 25.5821 25.6958 25.8230 25.9203 26.0136 26.0370 26.0988 26.1195 26.1503 26.2722 26.3176 26.3699 26.3563 26.4123 26.4455 26.4621 26.3984 26.3354 26.3543 26.3947 26.4105 26.4435 26.5167 26.6675 26.7269 26.9293 26.9824 26.9760 27.1233 27.0770
50.3222 46.7102 34.1607 29.6369 28.0861 27.2497 26.4467 26.1878 26.1687 26.1496 26.0017 25.9318 25.7924 25.6605 25.6308 25.5357 25.3856 25.3978 25.2838 25.2216 25.2260 25.3077 25.3389 25.3845 25.3954 25.4705 25.5377 25.5596 25.5860 25.6447 25.6362 25.5205 25.3779 25.3621 25.4324 25.4918 25.5073 25.5872 25.6818 25.8557 25.9894 26.1208 26.1524 26.2366 26.3237 26.3852 26.4160 26.4246 26.4461 26.3898 26.4152 26.4392 26.4084 26.3853 26.4169 26.4258 26.4672 26.4939 26.5480 26.5665 26.6631 26.6918 26.9598 26.9576 26.9687 27.1794 27.1311
49.0825 45.7875 37.1401 30.2581 28.2905 27.3938 26.6539 26.2351 26.2031 26.1886 26.0275 25.9547 25.8608 25.7092 25.6429 25.4944 25.3553 25.3268 25.2744 25.2783 25.2579 25.2743 25.3679 25.3872 25.4016 25.4507 25.5533 25.6005 25.6665 25.7450 25.8507 25.7504 25.5524 25.4524 25.4314 25.4959 25.5698 25.6224 25.7061 25.8535 26.0242 26.1293 26.2382 26.3475 26.4744 26.5425 26.5456 26.5861 26.5946 26.4985 26.5162 26.5204 26.5071 26.4566 26.4600 26.4656 26.5314 26.5600 26.6147 26.6574 26.7772 26.8341 26.9075 27.0127 27.0882 28.4421 28.4500
49.2909 47.0425 39.2919 31.7775 28.6665 27.6678 26.8534 26.3772 26.2410 26.2376 26.1087 26.0058 25.8890 25.7621 25.6651 25.5340 25.4107 25.3550 25.3098 25.3408 25.3624 25.3649 25.4038 25.4548 25.4539 25.5027 25.5690 25.5821 25.6552 25.7815 25.8463 25.8719 25.6726 25.5867 25.4899 25.5566 25.6217 25.7226 25.8496 26.0228 26.1301 26.1573 26.3249 26.4744 26.5345 26.6545 26.6915 26.6605 26.6725 26.6139 26.5657 26.5496 26.5044 26.5652 26.6113 26.6220 26.6706 26.6667 26.7205 26.8027 26.8830 26.9393 27.0579 27.1084 27.1906 28.0479 28.0572
49.9284 47.8200 43.9706 35.8452 31.2249 29.0494 27.4025 26.6534 26.4105 26.3341 26.2238 26.0974 25.9325 25.7980 25.7100 25.6383 25.5692 25.4623 25.3453 25.3133 25.3322 25.4434 25.5587 25.6128 25.6116 25.6072 25.5441 25.5842 25.6569 25.7444 25.7912 25.7983 25.7496 25.5786 25.5609 25.6701 25.7361 25.9380 26.0974 26.1673 26.2111 26.2261 26.3966 26.5919 26.6772 26.7388 26.7401 26.6922 26.6950 26.6277 26.6140 26.5844 26.6215 26.6739 26.7456 26.7687 26.7768 26.7916 26.8455 26.9299 26.9954 27.0067 27.0072 27.1543 27.2340 27.3527 27.3688
50.6243 48.8084 46.5030 43.8369 37.4332 34.1659 29.5925 27.4025 26.7715 26.5741 26.3385 26.1759 25.9634 25.8517 25.7992 25.7384 25.6586 25.5539 25.4077 25.3615 25.3857 25.5219 25.6187 25.7084 25.6769 25.6531 25.6452 25.6942 25.7026 25.6926 25.7381 25.6779 25.6066 25.6066 25.6646 25.7949 25.8737 26.0909 26.2269 26.3132 26.3146 26.3410 26.4413 26.6690 26.8258 26.7615 26.7276 26.6661 26.6640 26.6342 26.6485 26.6831 26.6776 26.7402 26.7884 26.7969 26.8440 26.8820 26.9729 27.0181 27.0593 27.1003 27.1244 27.2237 27.3843 27.3717 27.3167
51.3674 50.4548 48.5504 47.1592 46.4353 40.9365 33.7799 28.6874 27.0695 26.7171 26.4110 26.2457 26.0074 25.8464 25.8384 25.8625 25.7603 25.6977 25.5601 25.5222 25.4297 25.5631 25.6399 25.6463 25.6754 25.6815 25.7518 25.7972 25.7254 25.6075 25.6570 25.6026 25.5882 25.6447 25.7627 25.8821 26.0020 26.1969 26.3576 26.5042 26.5365 26.5102 26.5625 26.7149 26.8936 26.8865 26.8245 26.7403 26.7580 26.7401 26.6988 26.7637 26.8048 26.8406 26.8518 26.8954 26.9762 26.9894 27.0559 27.0346 27.0395 27.0555 27.1267 27.3135 27.3506 27.3487 27.3472
51.5935 51.0928 49.6715 49.4766 49.9428 46.9757 40.7794 31.7272 28.5921 27.2088 27.0089 27.0221 26.3174 26.0905 25.9820 25.7447 25.6347 25.6914 25.6349 25.6357 25.6845 25.7510 25.7019 25.6950 25.7034 25.7214 25.7691 25.7593 25.6996 25.6472 25.6614 25.6588 25.6823 25.7598 25.8309 25.9157 25.9981 26.2774 26.4743 26.5538 26.5195 26.5234 26.5738 26.6447 26.7063 26.7335 26.7293 26.7094 26.7355 26.7440 26.8190 26.8645 26.8979 26.9098 26.9223 26.9892 27.0180 27.0223 27.0169 27.0058 26.9763 27.0163 27.0681 27.0565 27.2476 27.3437 27.3765
51.6210 51.3333 51.2749 52.2559 52.3154 52.3515 46.4634 40.2580 35.0477 29.0634 27.5622 26.7981 26.3700 26.0656 25.9014 25.7754 25.7283 25.7133 25.7116 25.7522 25.7659 25.7533 25.7255 25.7590 25.7610 25.7534 25.7230 25.6773 25.6897 25.7388 25.8011 25.8613 25.9291 25.9730 25.9991 26.1167 26.1507 26.3212 26.4707 26.5166 26.4498 26.3857 26.4128 26.4681 26.5611 26.5916 26.6374 26.7273 26.8212 26.8506 26.9175 26.9529 26.9690 26.9309 26.9238 26.9713 27.0066 27.0291 27.0554 27.0939 27.0566 27.0815 27.0882 27.1531 27.1845 27.2585 27.2461
53.0081 52.8765 54.8505 55.9518 55.7626 57.2043 52.9977 44.5535 37.1851 29.1665 27.7810 27.4346 26.7342 26.2708 26.1030 25.8966 25.8601 25.8200 25.8039 25.8116 25.7691 26.0256 25.9491 25.8550 25.8596 25.7659 25.7184 25.6748 25.7313 25.8036 25.8571 25.9862 26.0474 26.0446 26.1637 26.3320 26.3814 26.5047 26.5319 26.4939 26.4264 26.3818 26.3893 26.4277 26.4949 26.5422 26.5810 26.6545 26.6905 26.7418 26.8410 26.9060 26.9674 26.9790 26.9626 26.9596 27.0197 27.0411 27.0716 27.0901 27.1044 27.1396 27.1581 27.1953 27.1877 27.2509 27.1797
56.3788 54.0998 54.1523 54.8979 55.6596 55.1021 53.3754 47.5873 41.5821 32.6013 28.9595 28.2053 27.1340 26.3815 26.1587 26.0258 26.0508 25.9566 25.9940 26.1622 26.3229 28.3008 29.1862 28.1492 27.8962 26.8268 25.9277 25.7962 25.8321 25.8843 25.9199 25.9961 26.0401 26.0346 26.2346 26.4703 26.5326 26.6292 26.6314 26.5238 26.4412 26.4064 26.4145 26.4688 26.5151 26.5378 26.6169 26.6898 26.7310 26.7975 26.8199 26.8455 26.9454 27.0340 26.9879 26.9786 27.0663 27.0579 27.0322 27.0440 27.1048 27.1535 27.0795 27.1006 27.1580 27.1512 27.0774
57.1898 56.5367 55.0592 52.8495 51.2400 50.6651 48.7644 49.1114 47.4669 40.9929 34.0707 32.8451 29.0818 26.9670 26.4995 26.3101 26.2473 26.2164 26.3782 26.4629 27.3590 30.0266 36.5600 37.7146 35.7418 33.1632 28.6960 26.2496 26.0574 25.9941 26.0009 25.9954 26.0364 26.1076 26.2782 26.3937 26.4833 26.5657 26.5593 26.4798 26.3528 26.3411 26.3579 26.4297 26.4812 26.5648 26.6592 26.7103 26.7329 26.8076 26.8583 26.8568 26.8499 27.0070 27.1218 27.0922 27.1208 27.1057 27.0591 27.0445 27.0468 27.0660 26.9915 27.0014 27.0382 27.0401 26.9746
56.2580 55.9859 54.5085 52.0239 49.2685 48.0352 47.0176 48.5284 49.3486 49.7902 45.4269 42.9108 36.5042 30.9225 27.9263 26.9160 26.6867 26.5896 28.3212 34.5751 41.4286 44.1663 42.9105 40.7995 39.4252 36.6144 31.5672 27.9198 26.5091 26.2486 26.1642 26.0782 26.1535 26.3003 26.5885 26.5721 26.4780 26.4462 26.4319 26.4564 26.4777 26.4152 26.4696 26.4785 26.5049 26.6185 26.7708 26.8501 26.8477 26.8830 26.9031 26.8840 26.8719 26.8932 26.9633 27.0375 27.0903 27.0527 26.9918 26.9781 26.9938 27.0403 27.0064 27.0116 26.9862 26.9252 26.8932
56.1794 54.2012 53.1670 51.3529 48.7245 48.2715 47.6205 49.7153 51.2081 52.1640 53.2606 51.6764 48.2004 36.2396 30.2828 27.9478 27.6273 27.4662 29.3049 35.0658 49.6506 51.7411 48.5449 45.4383 44.1750 43.6106 40.7101 32.8210 27.9275 27.3784 27.2995 27.6145 26.6731 27.0201 26.5453 26.4672 26.4077 26.3306 26.3633 26.4470 26.5017 26.5163 26.5923 26.6308 26.6571 26.7873 26.9230 26.9669 26.9696 26.9449 26.8769 26.8393 26.8313 26.7907 26.7318 26.7660 26.9406 26.9019 26.9635 26.9538 27.0111 27.0635 27.1033 27.0856 26.9961 26.9323 26.8438
53.6519 50.5130 49.5277 50.2713 49.6476 49.7924 49.6934 50.7125 50.9939 51.5013 53.7855 53.7555 51.8284 39.3931 32.4287 29.1346 28.4845 28.5008 29.1202 32.5238 43.2707 48.5699 47.6761 46.0248 45.0184 44.5616 43.9639 41.9215 37.1156 33.1714 31.0701 27.1699 26.6848 26.4656 26.4292 26.3264 26.3774 26.3424 26.3595 26.4590 26.5708 26.5764 26.6724 26.7307 26.7604 26.7897 26.8846 26.9373 26.9510 26.9625 26.9055 26.8630 26.8265 26.7666 26.7837 26.7809 26.8580 26.8205 26.9264 26.9659 27.0413 27.0834 27.0883 27.0310 26.9540 26.8757 26.8827
52.2589 49.2344 46.8123 47.7618 49.3076 49.6522 50.1885 49.5839 49.7902 51.4270 53.5619 53.5262 51.2036 42.6825 36.7465 31.0024 29.3132 28.8150 28.6893 29.5157 37.7743 46.0859 47.1935 45.4132 45.3456 44.6261 44.7931 44.4066 43.5856 38.3427 34.8733 31.0698 28.3285 26.8947 26.4617 26.3792 26.3671 26.3765 26.4442 26.5563 26.5727 26.5483 26.5804 26.6453 26.7097 26.7832 26.9339 27.0135 27.0193 27.0099 26.9694 26.9164 26.8933 26.8944 26.8798 26.8802 26.9051 26.8817 26.8976 26.9356 27.0265 27.1025 27.0150 26.8934 26.8419 26.8130 26.8458
41.2622 37.9365 45.4149 47.5438 47.7926 48.6484 49.2940 50.5523 51.4241 51.7635 53.0332 53.0070 50.9086 47.5214 43.4666 36.9914 34.5048 34.2632 30.3874 30.2553 33.4567 41.6161 47.2670 47.0145 46.8281 45.7753 44.8056 45.1638 45.4956 43.6295 41.8416 37.7402 30.2665 27.6640 26.6362 26.6202 26.5240 26.5419 26.5613 26.5986 26.6073 26.5951 26.6347 26.7561 26.8016 26.8574 26.9439 27.0222 27.0830 27.0541 27.0169 27.0052 27.0195 27.0055 26.9683 26.9628 26.9360 26.8741 26.8063 26.7780 26.7909 26.9059 26.8642 26.8442 26.7975 26.8094 26.8317
37.1241 41.8850 47.3777 44.8150 46.6132 47.6647 49.2560 49.9276 49.9531 50.9010 52.6800 52.8814 51.7570 50.5817 50.7921 47.3788 44.4329 38.7375 33.5729 31.0305 31.7615 39.9136 47.5585 47.9444 47.7419 46.1730 44.6424 45.4574 45.5194 45.4753 45.8327 42.3015 34.6066 29.8205 27.2217 26.9443 26.8670 26.7454 26.6684 26.6316 26.6795 26.7151 26.8069 26.8576 26.9346 26.9828 27.0273 27.0458 27.1296 27.0864 27.0717 27.0563 27.0684 27.0605 27.0272 27.0089 26.9066 26.8556 26.7716 26.7176 26.6111 26.6567 26.6299 26.7032 26.7885 26.8241 26.8418
41.5881 39.3579 45.7538 44.6464 45.6706 46.5498 48.2834 49.7940 50.9819 51.4698 50.2309 51.0730 51.1081 51.2036 53.2544 53.3092 51.9403 46.9479 37.4263 32.8504 31.0631 35.9906 44.3450 47.0402 46.6682 45.8450 44.9558 44.4011 45.0406 45.5811 46.1308 45.1016 39.3600 35.2236 28.4400 27.5022 27.2478 26.9704 26.8012 26.7708 26.7980 26.7773 26.8432 26.8622 26.9124 27.0056 27.0154 27.0643 27.1515 27.0980 27.0896 27.0924 27.0601 27.0551 26.9834 26.9604 26.9075 26.8559 26.7630 26.6400 26.5977 26.6245 26.6762 26.6891 26.7533 26.8089 26.8199
