regresion/FEBRERO_2003/MODIS/3_Bandas/Composicion (B10).txt
ncols         167
nrows         127
xllcorner     -112.016
yllcorner     26.722
cellsize      0.00898
[rows 29 to 57 of 127, columns 0 to 66 of 167]
41.3978 41.4094 41.4482 41.5123 41.5820 41.5929 41.6153 41.6642 41.6452 41.6736 41.8197 41.9457 41.9508 41.9777 42.0532 41.9930 41.9606 42.0341 42.2408 42.1168 42.0311 42.0583 41.9282 41.9697 41.8711 41.8705 42.0324 42.0271 42.1144 42.2178 42.1280 42.1967 42.2820 42.2763 42.4742 42.4989 42.5339 42.4387 41.9783 42.4841 44.0571 44.0471 42.6166 41.8093 41.7634 41.8774 41.7923 41.6833 41.6443 41.6369 41.5233 41.4401 41.4396 41.3935 41.3635 41.3239 41.4356 41.4718 41.4316 41.3558 41.2835 41.2829 41.2514 41.2005 41.2079 41.2165 41.2496
41.3342 41.3590 41.4197 41.4947 41.5527 41.5893 41.5973 41.6771 41.6893 41.6913 41.7878 41.9128 41.9560 41.9525 42.0281 42.0840 42.0286 41.9934 42.5232 42.6654 42.6623 42.0036 41.9961 41.8848 41.9425 41.9361 41.9145 42.1418 42.1179 42.7946 42.0996 42.2290 42.3906 42.3766 42.4844 42.9464 43.1358 42.7318 42.0849 42.2419 43.1865 43.1606 43.2948 42.5429 41.9822 41.8127 41.9254 41.7446 41.6160 41.6084 41.5520 41.4481 41.3770 41.3883 41.3656 41.3696 41.4378 41.4689 41.4059 41.3254 41.2810 41.2815 41.2022 41.1904 41.2189 41.2440 41.2617
41.2576 41.2844 41.3885 41.4672 41.5055 41.5359 41.5658 41.6454 41.6663 41.6746 41.7494 41.8477 41.8895 41.9467 41.9738 42.0656 41.9832 42.0772 42.6901 43.8270 42.3494 42.3250 41.9161 42.0999 41.9001 41.9352 41.8268 41.9135 42.3714 42.5092 42.5024 42.2904 42.2903 42.2875 42.4727 42.5977 43.3487 42.8739 42.3455 42.4709 42.7621 42.7758 43.0437 42.7028 42.2870 41.7929 41.8596 41.8238 41.6770 41.7144 41.6005 41.4884 41.4016 41.4198 41.4345 41.3850 41.4366 41.4431 41.3477 41.2626 41.1922 41.1899 41.1663 41.1935 41.2085 41.2100 41.2089
41.2260 41.2844 41.3767 41.4242 41.4686 41.4924 41.5285 41.5886 41.6524 41.7058 41.7304 41.7958 41.9080 42.0026 41.9746 41.9340 41.8564 42.3221 42.1839 42.6611 42.5370 42.7559 42.3500 42.2778 41.9655 41.9710 41.9453 42.1158 42.0918 42.1414 42.2635 42.6480 42.0308 42.0622 42.4557 42.4597 42.8242 42.7249 42.3752 42.1882 42.0939 42.1025 42.6102 42.5400 42.2959 42.0760 41.7851 42.0893 41.8172 41.8473 41.6224 41.5358 41.5225 41.4822 41.4734 41.4323 41.4468 41.3956 41.2905 41.1977 41.1742 41.1522 41.1851 41.1995 41.2326 41.2207 41.2461
41.2165 41.2989 41.4085 41.4417 41.4536 41.4528 41.5035 41.5493 41.6459 41.7314 41.7643 41.8153 41.8962 41.9513 42.0526 42.0561 41.9814 42.5560 42.5772 42.5447 42.6465 42.6615 42.7924 42.3217 42.0039 41.9766 42.0806 42.2584 41.9352 41.9084 42.1384 42.3704 42.3156 42.3046 42.4320 42.8752 42.5356 42.5670 42.2483 42.1459 42.0940 42.1005 42.0898 42.0847 42.1090 42.1106 41.7755 41.8893 41.8638 41.8796 41.6477 41.5948 41.5945 41.5732 41.4751 41.4124 41.3992 41.3951 41.3180 41.2437 41.1986 41.1845 41.2343 41.2736 41.2850 41.2818 41.2908
41.1225 41.1953 41.4046 41.4496 41.4804 41.5223 41.5658 41.6225 41.6861 41.7749 41.8330 41.9082 41.9859 42.0338 42.0620 42.1454 42.0619 42.6715 43.0721 42.9675 42.3164 42.5425 42.9423 42.5848 42.2309 42.1778 41.9377 42.1998 42.0293 41.9777 42.0963 42.5067 42.4101 42.3565 42.1979 42.8095 42.5361 42.3892 42.2139 42.2289 42.1362 42.1678 42.0201 41.8680 41.8191 42.0053 41.9918 41.9727 41.7992 41.7803 41.6390 41.5934 41.6184 41.6519 41.5007 41.4172 41.3683 41.3764 41.3137 41.2670 41.2491 41.2202 41.2356 41.2483 41.2678 41.2571 41.2617
41.1334 41.2034 41.4211 41.5453 41.5936 41.6237 41.6748 41.7038 41.7654 41.8412 41.9154 41.9838 42.0426 42.0840 42.1166 42.1355 42.0730 42.4039 43.3851 42.4902 42.3356 42.4456 43.0021 42.7656 42.1869 42.1165 42.1232 41.7773 41.9109 41.8951 41.9569 42.5436 42.4698 42.3979 42.2493 42.5767 42.9717 42.5464 42.3519 42.5297 42.2576 42.2780 42.0242 41.8700 41.7191 41.7153 41.7893 41.9285 41.8149 41.8624 41.7348 41.6837 41.5884 41.5559 41.4874 41.3897 41.3546 41.3595 41.3166 41.2853 41.2624 41.1945 41.2053 41.2418 41.2647 41.2662 41.2853
41.1961 41.2736 41.4288 41.5347 41.6378 41.6752 41.7278 41.7686 41.7994 41.8628 41.9624 41.9932 42.0782 42.0819 42.1394 42.1662 42.1370 42.3073 42.6575 42.4574 42.4904 42.3145 43.7633 43.4333 42.2387 42.1931 41.7724 41.7309 41.6653 41.7702 41.8965 42.1424 42.3640 42.3301 42.4200 42.7180 43.4864 43.2544 42.6811 42.3507 42.1554 42.1456 42.2447 41.8039 41.7875 41.7758 41.8096 41.9988 41.9324 41.9260 42.3906 41.7218 41.5290 41.4474 41.4211 41.3497 41.3409 41.3580 41.3303 41.3061 41.2642 41.2133 41.1883 41.2438 41.2863 41.3128 41.3291
41.2125 41.3100 41.4298 41.4945 41.5693 41.6557 41.7415 41.7663 41.7942 41.8689 41.9899 42.0146 42.0902 42.0933 42.1357 42.2015 42.1759 42.2579 42.9160 43.1332 43.6753 43.1414 43.8577 44.6519 42.5798 42.5421 42.4242 42.0335 41.9731 41.8064 42.0521 41.9101 41.9812 41.9253 42.7773 42.9767 43.2443 43.6131 42.6092 42.3465 42.3084 42.3485 42.1370 41.7915 41.9298 41.8509 41.9240 41.9171 42.8102 42.7658 43.2153 42.2678 41.5567 41.4197 41.3623 41.3269 41.3121 41.3316 41.3493 41.3347 41.3261 41.2788 41.2859 41.2939 41.3340 41.3591 41.3556
41.2223 41.3593 41.4746 41.4733 41.4743 41.5362 41.6425 41.7287 41.7767 41.8364 41.9350 41.9768 42.0970 42.1657 42.2740 42.3326 42.2795 42.2672 42.5149 42.7668 43.0420 42.7678 43.3416 44.7334 42.1302 42.1433 41.9115 41.8639 41.8569 42.3579 42.1774 42.1093 42.3180 42.2563 42.6271 42.4988 42.6468 43.2224 43.3106 42.8843 42.6579 42.6961 41.8226 41.9505 42.0397 41.9229 41.8964 42.1080 42.6384 42.6508 43.2089 42.5680 41.6919 41.4390 41.4023 41.3840 41.3866 41.3773 41.3883 41.3774 41.3775 41.3426 41.3353 41.3843 41.4115 41.4393 41.4249
41.2596 41.3763 41.4731 41.4908 41.4788 41.5067 41.5977 41.6905 41.7323 41.8221 41.9052 41.9143 42.0414 42.0517 42.1510 42.3217 42.2613 42.3349 42.3218 42.8425 42.3753 43.3777 42.7330 42.8910 42.4991 42.4937 42.1504 41.9452 41.9740 42.3949 42.3755 42.7424 42.4469 42.4070 42.2077 42.5727 42.8925 42.9556 42.8834 42.3952 42.0798 42.1244 42.0747 41.9474 42.1410 41.9700 41.7826 41.9023 42.1377 42.1300 42.2966 42.5774 42.0890 41.4229 41.4264 41.4300 41.4436 41.3973 41.3983 41.3923 41.3938 41.3541 41.3863 41.4125 41.4540 41.4447 41.4172
41.2696 41.3498 41.3974 41.4187 41.4423 41.4545 41.5370 41.6503 41.7009 41.7523 41.8463 41.8546 41.9588 41.9647 42.0428 42.1549 42.1430 42.1694 42.2708 42.3883 43.6806 42.9572 42.8603 42.6941 42.7136 42.6928 42.2874 42.3407 42.2964 42.0987 42.1487 42.3039 42.5509 42.4953 42.3480 42.4238 42.2989 42.0049 42.0690 41.9782 42.0251 42.0484 41.8697 42.2112 42.3304 42.2676 42.1349 42.2533 42.0773 42.0582 42.1399 41.9204 41.7811 41.6112 41.6097 41.4042 41.4341 41.4252 41.4356 41.4498 41.4457 41.3902 41.4410 41.4735 41.4924 41.4830 41.4741
41.2473 41.2959 41.2837 41.2837 41.3471 41.3851 41.4398 41.5426 41.5777 41.7063 41.8035 41.8162 41.8524 41.9192 42.0210 42.3152 42.2112 42.5999 42.4679 43.4783 43.9853 43.1144 43.2497 43.3602 43.0606 42.9916 42.8991 43.4228 42.2432 42.0275 41.9666 41.9950 41.9471 41.8832 41.9543 42.3398 41.9963 42.0382 41.9670 42.0257 42.0469 42.0525 41.9992 42.1096 42.1995 42.5855 42.7741 42.4003 42.2783 42.2648 42.1440 42.0916 42.3761 42.7079 42.4156 41.4631 41.4659 41.4749 41.5289 41.5315 41.5343 41.5061 41.5210 41.5369 41.5485 41.4753 41.4699
41.2480 41.2847 41.2608 41.2300 41.2392 41.2821 41.2966 41.4228 41.4418 41.5456 41.6792 41.6652 41.7310 42.0205 42.2884 42.4368 42.3559 43.4989 43.0562 43.2773 43.6851 42.9839 43.0160 42.9691 42.6903 42.6748 42.8912 43.5648 42.4864 42.0868 41.9946 41.9409 41.9737 41.9271 41.8061 42.1771 42.0217 42.0026 42.3282 42.1401 42.0844 42.0665 42.1606 42.0300 42.0146 42.4905 42.2704 42.0764 42.0416 42.0241 42.0596 42.1390 42.5965 42.8693 42.1614 41.7740 41.5911 41.5901 41.5641 41.5392 41.5447 41.5214 41.5787 41.5615 41.5987 41.5492 41.5155
41.2365 41.2954 41.2730 41.2183 41.1902 41.2188 41.2270 41.2613 41.2720 41.3759 41.5231 41.5708 41.6165 41.7716 42.0745 42.5105 42.5004 45.3668 44.6998 44.1006 44.0967 42.7681 42.9899 42.6442 42.5976 42.6369 42.4758 42.6738 42.9641 42.2392 41.9326 41.8380 41.8959 41.8639 41.9171 41.9217 42.2386 42.0566 42.0758 42.1973 42.1960 42.1541 42.2223 42.2679 42.3532 41.9680 42.1862 42.1616 42.5154 42.5110 42.1504 42.1139 44.3002 43.8083 42.0827 41.8343 41.6318 41.6111 41.5857 41.5701 41.5537 41.5274 41.5450 41.5414 41.5669 41.5636 41.5423
41.1830 41.2231 41.2488 41.1704 41.1555 41.1751 41.2041 41.2547 41.2786 41.3135 41.4664 41.5144 41.7129 41.9055 42.1987 43.4591 43.4559 46.0148 44.8700 45.5835 44.3325 43.0073 42.9723 42.3448 42.2199 42.2510 42.3051 42.6520 43.1031 43.0458 42.1421 41.9093 41.8390 41.8073 41.8081 41.8244 41.9180 42.1517 42.4201 42.4969 42.1791 42.1163 42.6170 42.1926 42.2376 42.1749 42.1889 42.6099 42.8798 42.8859 42.5956 42.6442 43.3864 43.0597 42.3577 41.7945 41.6660 41.6815 41.6063 41.5866 41.5303 41.5178 41.5231 41.5273 41.5256 41.5044 41.5156
41.0567 41.1512 41.1941 41.2238 41.2494 41.2744 41.2200 41.2200 41.2170 41.3193 41.4712 41.6151 41.9216 42.3332 43.5928 47.6503 48.4645 47.5588 45.5543 43.9140 43.7458 43.4943 42.9294 42.5801 42.8857 42.9155 42.8952 42.6248 42.7764 43.1509 41.7946 41.7934 41.7614 41.7611 41.8950 42.0807 42.0538 42.6045 42.5769 43.2393 42.2744 42.2262 42.3221 42.5926 42.0731 41.8779 42.0565 42.2192 42.2840 42.3067 42.2679 42.4578 42.8063 42.8439 42.7967 41.9915 41.6915 41.6901 41.6041 41.5688 41.5305 41.5290 41.4634 41.4043 41.3962 41.4656 41.4722
41.1004 41.1454 41.1977 41.2585 41.2609 41.2929 41.2361 41.1429 41.1994 41.2990 41.4312 41.5446 42.0886 44.3576 53.2304 46.8853 47.1969 51.9450 48.7849 46.0879 44.9306 43.8754 42.9095 42.5380 42.1519 42.1622 42.3752 42.6952 42.1529 42.1418 42.2495 41.8470 41.8197 41.7976 41.8551 42.1930 42.3562 42.1784 42.1788 42.3721 42.3406 42.2910 42.3621 42.3879 42.1374 41.9670 41.7530 41.8234 41.7734 41.7872 41.7595 41.9321 42.5823 43.1694 43.1636 42.1474 41.9291 41.9349 41.6255 41.5750 41.4874 41.4495 41.3884 41.3981 41.3907 41.4155 41.4612
41.1618 41.1619 41.1949 41.2189 41.1709 41.2161 41.1473 41.0643 41.1525 41.2597 41.4375 41.5621 43.0674 48.1541 42.6978 47.0785 47.3369 53.6489 53.4337 49.8033 45.1232 42.8821 42.4905 42.5517 43.0377 43.0501 43.0382 42.4172 42.1493 42.0884 42.1475 42.0728 41.9017 41.8705 41.8036 41.8165 41.8934 42.2777 42.6968 42.3801 42.8717 42.8150 42.8838 43.0789 42.6432 42.9335 42.5923 41.8505 42.1447 42.1371 42.2378 42.1142 42.7214 43.0525 43.2870 42.3900 41.8180 41.8254 41.6318 41.4923 41.4636 41.3807 41.3247 41.3933 41.4086 41.4231 41.4754
41.1694 41.1383 41.1563 41.1957 41.1848 41.1741 41.0999 41.0571 41.1550 41.2538 41.4772 41.7740 43.3900 48.3037 41.7909 47.9873 48.3351 49.2509 48.6820 47.3861 44.3244 43.0788 42.5730 42.1908 42.2658 42.2939 42.3209 42.3513 42.1888 41.9079 41.9132 41.9515 41.8975 41.8399 41.7394 41.7210 42.1370 42.4789 42.6088 42.5105 43.3802 43.3400 42.4927 42.3040 42.7701 43.1943 43.9997 42.8107 42.1800 42.1870 43.7572 42.7377 42.1968 42.3992 42.6703 42.3578 41.7440 41.7217 41.6107 41.4979 41.5127 41.3796 41.3006 41.3598 41.4308 41.4687 41.5341
41.1723 41.0918 41.1144 41.1698 41.1280 41.1401 41.0903 41.0682 41.1885 41.2404 41.4182 41.6619 42.4475 44.6837 44.3543 44.2404 44.6292 43.4270 43.1662 43.2155 43.0570 42.7214 42.6095 42.1487 41.9698 42.0893 42.1741 42.1903 42.1466 42.0271 42.1852 42.0127 42.0052 41.9679 41.8548 41.9970 42.1063 42.3048 42.5534 42.4772 42.0643 42.0256 42.1713 42.0318 42.2436 42.4956 43.8065 43.4622 43.5942 43.6029 42.4578 42.1408 41.8832 41.8952 41.9049 41.7942 41.6714 41.6507 41.5554 41.4976 41.4724 41.3536 41.2947 41.3214 41.4185 41.4930 41.5401
41.1318 41.1201 41.1038 41.1425 41.1025 41.1112 41.0570 41.0522 41.1431 41.2145 41.4234 41.6061 42.1235 42.5127 42.7203 42.4831 42.3519 42.0674 41.7032 41.8263 41.9842 42.0902 42.1083 41.9680 41.9814 42.0798 42.1634 42.1274 42.1735 42.1041 42.3410 42.0008 41.9883 41.9784 42.1191 42.1484 42.0651 42.2135 42.1991 42.3004 42.9118 42.8809 42.8174 42.5576 42.3067 42.6384 43.1846 44.1030 42.7475 42.7763 42.7178 42.1377 41.9356 41.8750 41.8915 41.8150 41.6690 41.6287 41.5155 41.5016 41.4239 41.3643 41.3127 41.3571 41.3955 41.4294 41.4770
41.0717 41.0631 41.0521 41.0502 41.0215 41.0633 41.0301 41.0551 41.1311 41.2288 41.4139 41.6123 41.9936 42.2185 42.3484 42.2758 42.0407 41.8811 41.6249 41.5868 41.5584 41.8330 41.8482 41.8985 42.0299 42.0777 42.1788 42.2045 42.1653 42.2046 42.0569 42.0978 42.0669 42.0100 42.0460 41.8681 42.2074 41.8662 41.9738 42.6587 43.5457 43.5116 43.3383 43.2193 42.9085 42.8057 43.3390 43.4024 44.1986 44.2292 42.8428 42.3306 42.0218 41.9381 41.8784 41.8195 41.8338 41.8028 41.7289 41.6271 41.4702 41.3736 41.3697 41.3732 41.3798 41.3952 41.4508
40.9976 40.9864 40.9581 40.9839 40.9701 41.0207 41.0379 41.1193 41.1926 41.3394 41.5443 41.5891 41.8606 42.1023 42.2254 42.1466 42.0113 41.9490 41.7241 41.6231 41.5376 41.5559 41.7107 41.9414 41.9932 41.9820 42.0924 42.1518 42.1653 42.1019 42.1271 42.1086 42.0103 41.9718 41.8540 41.8154 41.8646 41.9427 41.9812 42.3686 42.8536 42.8483 43.6337 45.1849 45.0630 44.3369 45.0750 43.9601 43.3731 43.3869 42.7011 42.8428 42.3475 41.9408 41.7929 41.9002 42.1639 42.1297 42.0326 41.6356 41.3971 41.3464 41.3977 41.4082 41.4132 41.3895 41.4450
41.0513 41.0056 40.9502 41.0165 40.9473 40.9652 41.0523 41.2437 41.3535 41.4584 41.4949 41.5263 41.7116 41.9365 42.0430 41.9128 41.8339 41.8754 41.7556 41.5934 41.4936 41.4828 41.6580 41.8633 41.9487 41.9040 41.9833 42.1130 42.1387 42.1050 42.0395 42.0946 41.9439 41.9308 41.8399 41.8316 41.9102 41.9394 41.9109 41.9060 42.3371 42.3491 43.2547 44.6851 45.6369 45.3529 44.3323 43.6806 43.2894 43.2716 43.4261 42.6339 42.6091 42.6550 41.9752 41.7349 41.6657 41.6733 41.6073 41.4507 41.3827 41.3358 41.3862 41.4866 41.5049 41.4738 41.4932
41.0479 40.9941 40.9753 41.0111 41.0582 41.1564 41.2780 41.4864 41.5650 41.6080 41.6479 41.6704 41.7434 41.8485 41.8734 41.8197 41.8459 41.8879 41.7862 41.6810 41.6346 41.5648 41.6428 41.7234 41.8593 41.7620 42.0334 42.1034 42.1112 42.2424 42.1531 42.0326 41.9457 41.9217 41.8563 41.8443 42.0993 41.7875 41.8973 42.6045 42.4425 42.4840 42.4469 42.5970 43.2040 45.0018 43.3974 43.1884 43.1613 43.1396 43.2568 43.2478 42.9505 43.0057 42.3471 41.7353 41.6932 41.6573 41.5788 41.5074 41.3931 41.3507 41.4354 41.5068 41.4996 41.4919 41.5548
41.0835 41.0646 41.0649 41.1353 41.2910 41.4498 41.5573 41.5553 41.6113 41.6086 41.5759 41.7112 41.8488 41.8819 41.8649 41.8381 41.8445 41.9097 41.8326 41.7455 41.6568 41.6509 41.6639 41.5742 41.6867 41.7213 41.9518 42.0336 42.0471 42.1159 42.1161 42.0283 41.9472 41.9290 41.8938 41.8973 41.9253 41.8730 41.9268 42.4237 42.6287 42.6705 42.5882 43.3883 43.3229 44.2138 43.3722 43.0430 43.3841 43.3614 43.7426 42.8775 42.7360 42.5389 42.5711 42.1361 41.7141 41.7003 41.6030 41.5595 41.4850 41.4128 41.4218 41.4696 41.4771 41.4942 41.5329
41.1195 41.1485 41.2310 41.4090 41.5045 41.5005 41.4795 41.4409 41.5318 41.5402 41.5084 41.6844 41.7809 41.8518 41.8073 41.8110 41.7938 41.8631 41.8071 41.7046 41.6258 41.5443 41.4864 41.5426 41.5810 41.6441 41.7219 41.7678 41.9647 42.0804 42.2244 42.1722 41.9841 41.9665 41.9400 42.1012 42.2334 42.2589 42.1266 42.0958 42.2218 42.2617 42.5406 42.7596 43.2785 44.0607 45.3249 43.9124 43.1845 43.1649 42.7932 44.4430 42.5521 42.6414 42.2626 42.2033 41.8027 41.8109 41.5992 41.5546 41.4861 41.3919 41.3979 41.4769 41.4803 41.4861 41.5158
41.2516 41.3192 41.4608 41.6185 41.5329 41.4055 41.3545 41.4203 41.4764 41.4448 41.4828 41.6213 41.7029 41.7298 41.6363 41.6248 41.6128 41.6408 41.6506 41.6492 41.6179 41.5798 41.5182 41.4696 41.5602 41.6241 41.7138 41.7365 41.8541 42.1874 42.1819 42.0750 41.9625 41.9433 41.9485 41.9966 42.0475 41.9680 42.1957 42.1327 42.9752 42.9980 42.6521 42.6968 43.6029 43.6646 46.4467 45.2744 44.2766 44.2337 44.4837 44.6304 43.1803 42.8763 42.3798 42.6685 41.8404 41.8380 41.7392 41.5493 41.4816 41.4002 41.3716 41.4579 41.4771 41.5033 41.5176
