regresion/FEBRERO_2003/MODIS/3_Bandas/Composicion (B10).txt
ncols         167
nrows         127
xllcorner     -112.016
yllcorner     26.722
cellsize      0.00898
[rows 87 to 115 of 127, columns 67 to 133 of 167]
41.8879 42.0157 42.1666 42.5386 42.3728 42.0972 42.1344 42.1156 42.0778 41.9924 41.9732 41.9393 41.8982 41.9425 41.9533 41.9609 41.9202 41.9123 41.8383 41.7435 41.7224 41.6685 41.6264 41.5509 41.5431 41.5791 41.5469 41.5297 41.5654 41.6153 41.5924 41.6129 41.6398 41.6479 41.6596 41.6780 41.6616 41.6422 41.6192 41.6208 41.6083 41.5521 41.5209 41.5012 41.4921 41.5058 41.5508 41.6233 41.6090 41.6156 41.5548 41.6285 41.6379 41.5918 41.5581 41.5207 41.5003 41.4405 41.4149 41.3562 41.3238 41.4730 41.5109 41.4422 41.3373 41.2290 41.2099
41.8757 41.9912 42.0823 42.0658 42.1065 42.0903 42.1108 42.1003 42.1376 42.1076 42.0116 41.9317 41.9353 41.9789 41.9852 41.9956 41.9373 41.8917 41.8368 41.7772 41.7119 41.5969 41.5311 41.4802 41.5083 41.5460 41.5209 41.5492 41.5829 41.6150 41.6352 41.6568 41.6559 41.6846 41.7043 41.7665 41.7872 41.7649 41.6852 41.6576 41.6231 41.5873 41.5579 41.5487 41.5200 41.5037 41.5575 41.6407 41.6656 41.6440 41.5876 41.5962 41.6113 41.5954 41.5658 41.5056 41.4881 41.5108 41.5130 41.5104 41.4961 41.5134 41.5461 41.4302 41.3085 41.2144 41.2203
41.9582 42.0729 42.2227 42.1635 42.3649 42.4490 42.2195 42.2217 42.1205 42.2935 42.1793 42.1312 42.0391 42.0136 41.9896 42.0167 41.9543 41.8646 41.8190 41.7793 41.6889 41.5001 41.4390 41.4272 41.4843 41.5063 41.5355 41.5641 41.6075 41.6447 41.6640 41.6908 41.6918 41.7434 41.8243 41.8991 41.9382 41.8685 41.8637 41.7809 41.7016 41.6225 41.5912 41.5796 41.5670 41.5396 41.5378 41.6429 41.6613 41.6596 41.6062 41.5921 41.6304 41.6096 41.5971 41.5439 41.5318 41.5594 41.5965 41.7185 41.6377 41.6086 41.6546 41.5302 41.5754 41.4426 41.2591
41.9808 42.1518 42.4035 42.5063 42.3436 42.4454 42.2967 42.3290 42.2931 42.3301 42.2945 42.2462 42.0933 42.0289 41.9931 42.0209 41.9367 41.8665 41.7634 41.7407 41.6607 41.5365 41.5157 41.4844 41.4709 41.4723 41.5227 41.5716 41.6315 41.6570 41.6981 41.7168 41.7530 41.8555 41.9091 41.9707 41.9929 41.9534 41.9538 41.8796 41.8042 41.7195 41.6686 41.6424 41.5951 41.5991 41.5846 41.6846 41.6831 41.6545 41.6137 41.6164 41.6800 41.6800 41.6635 41.6111 41.5952 41.6008 41.6138 41.7476 41.7277 41.6170 41.7100 41.5954 41.4870 41.3569 41.2825
42.0024 42.1098 42.2197 42.2411 42.3263 42.5956 42.3776 42.3930 42.7032 43.0171 42.3927 42.4491 42.3304 42.1590 42.0587 42.0613 41.9465 41.8252 41.7274 41.7278 41.6707 41.6006 41.5416 41.5140 41.5372 41.5260 41.5663 41.6123 41.6358 41.6702 41.7115 41.7220 41.7999 41.8943 41.9591 42.0049 42.0168 41.9930 41.9747 41.8989 41.8619 41.7933 41.7043 41.6747 41.6386 41.6357 41.6381 41.7176 41.7280 41.7071 41.6533 41.6396 41.6674 41.6761 41.6739 41.6381 41.6435 41.6602 41.6765 41.7898 41.7409 41.6594 41.7536 41.6549 41.6037 41.4884 41.4138
41.9243 42.0295 42.1232 42.2562 42.2951 42.4988 42.7048 42.6953 42.9563 43.5873 42.4469 42.4028 42.2979 42.2996 42.1714 42.1072 41.9389 41.8369 41.7432 41.7731 41.7280 41.6821 41.6035 41.5929 41.5799 41.5757 41.6055 41.6355 41.6715 41.7550 41.7870 41.8040 41.8809 41.9783 42.0260 42.0218 42.0266 42.0281 41.9825 41.9475 41.9318 41.8361 41.7593 41.7331 41.6855 41.6609 41.6271 41.6974 41.7101 41.7016 41.6757 41.6273 41.6433 41.6192 41.6650 41.6828 41.6811 41.6790 41.7329 41.8254 41.7966 41.7898 41.8536 41.8439 41.7786 41.6215 41.4750
42.0021 41.9968 42.0668 42.1063 42.1828 42.2535 42.5646 42.5926 42.7643 42.8814 43.2124 42.5834 42.3321 42.3447 42.2931 42.2149 42.0371 41.8915 41.7867 41.8121 41.8080 41.7971 41.7645 41.7575 41.6630 41.6219 41.6455 41.6776 41.7107 41.7959 41.8843 41.8945 41.9518 42.0337 42.0728 42.0751 42.0340 42.0767 42.0360 41.9406 41.9401 41.8996 41.8384 41.8528 41.7640 41.7103 41.6369 41.6571 41.6884 41.6944 41.7302 41.6843 41.6588 41.6650 41.6993 41.6870 41.6958 41.7072 41.7871 41.8999 41.8498 41.8104 41.8349 41.8685 41.8251 41.6794 41.5512
42.0625 42.0781 42.0758 42.0875 42.1490 42.2226 42.3630 42.4205 42.4798 42.4631 42.5290 42.5954 42.4730 42.3704 42.2985 42.2023 42.2107 42.0521 41.9579 41.8465 41.8758 41.9240 41.9021 41.8683 41.8126 41.7236 41.7405 41.7874 41.8203 41.9072 41.9730 41.9675 42.0007 42.0302 42.0334 42.0387 42.0034 42.0187 41.9758 41.9240 41.9137 41.8914 41.9161 41.9158 41.8589 41.7836 41.7550 41.7318 41.6984 41.6873 41.6753 41.7303 41.7076 41.6764 41.7073 41.7076 41.7223 41.7505 41.8294 41.9448 41.9259 41.8231 41.8550 41.8964 41.8278 41.7350 41.6027
42.2465 42.1413 42.0731 42.1404 42.1378 42.2354 42.3697 42.3750 42.3721 42.6720 43.4317 43.0781 42.6235 42.3944 42.2531 42.1769 42.1660 42.1083 42.1838 42.0634 41.9961 42.0010 41.9280 41.8919 41.8898 41.8049 41.8170 41.8570 41.8877 41.9708 42.0523 42.0545 42.0548 42.0626 42.0370 41.9922 41.9826 41.9399 41.9369 41.9666 41.9675 41.9495 41.9699 42.0043 41.9303 41.8721 41.8108 41.7957 41.7629 41.6987 41.6452 41.6784 42.2645 41.7754 41.7144 41.6998 41.7056 41.7536 41.8570 41.9918 42.0288 41.9188 41.9074 41.9433 41.8603 41.7752 41.6259
42.2629 42.1615 42.0888 42.1597 42.1351 42.1947 42.2979 42.3100 42.4233 42.6806 42.8185 42.8003 42.7174 42.4146 42.2865 42.2715 42.1717 42.0973 42.0835 42.0139 42.0476 42.0154 41.9631 41.9291 41.8999 41.8252 41.8904 41.9120 41.9499 42.0162 42.0394 42.0476 42.0617 42.1005 42.0585 42.0351 42.0377 42.0440 41.9886 42.0165 42.0414 42.0772 42.0193 42.0304 41.9575 41.8882 41.8233 41.7808 41.7444 41.6319 41.6580 41.6588 41.8179 41.7361 41.7184 41.7236 41.7372 41.7910 41.8885 41.9839 42.0488 41.9835 41.8960 41.9797 41.8998 41.8409 41.7214
42.2548 42.2960 42.1912 42.2808 42.4737 42.5302 42.4045 42.4010 42.4985 42.6821 42.6328 42.7987 42.8679 42.3803 42.2662 42.2803 42.4754 42.1703 42.1207 42.0930 42.0501 42.0080 41.9434 41.8918 41.8899 41.8159 41.9339 42.0151 41.9266 41.9807 41.9736 41.9924 42.0116 42.0773 42.0979 42.0257 42.0594 42.0336 42.0179 42.0440 42.0752 42.1849 42.1920 42.1451 42.0426 41.9321 41.8655 41.8154 41.7804 41.7152 41.6942 41.6702 41.6711 41.7174 41.7632 41.7231 41.7256 41.8070 41.8809 41.9575 42.0166 41.9703 41.8883 41.9371 41.8866 41.8727 41.7664
42.5018 42.5356 42.5375 42.3980 42.5763 42.9711 42.6066 42.5753 42.4034 42.4503 42.4540 42.5499 42.7149 42.5022 42.2134 42.2026 42.2176 42.4873 42.2462 42.1645 42.1013 42.0887 41.9348 41.9260 41.9532 41.9058 42.0462 41.9958 41.9449 41.9370 41.9962 42.0218 42.0718 42.0818 42.0943 42.0597 42.0500 42.0327 42.0288 42.1443 42.1555 42.2669 42.2776 42.2530 42.1174 41.9690 41.8930 41.8305 41.8260 41.8059 41.7716 41.7086 41.7050 41.7648 41.8139 41.8387 41.8436 41.8855 41.9467 41.9526 42.0020 42.0101 41.9256 41.8644 41.8404 41.8776 41.8502
44.1649 42.8438 42.7864 42.5500 42.6964 42.7268 42.7999 42.7315 42.3713 42.3498 42.4041 42.4211 42.5242 42.8761 42.3909 42.3607 42.3439 42.6050 42.6666 42.4989 42.2036 42.1530 42.0321 42.0417 42.0374 41.9841 42.0588 42.0094 41.9422 41.9882 42.0495 42.0766 42.1074 42.1253 42.0885 42.0497 42.0608 42.0283 42.0540 42.1292 42.1833 42.3100 42.2923 42.2711 42.1539 42.0405 41.9689 41.8543 41.8406 41.8889 41.8556 41.7740 41.7543 41.7871 41.8513 41.9039 41.9144 41.9835 41.9956 42.0203 42.0438 42.0689 42.0085 41.8598 41.8272 41.8758 41.8656
44.6722 43.2357 42.8707 43.1259 43.1598 42.5317 42.5848 42.5496 42.4894 42.3726 42.3186 42.3390 42.3554 42.6950 42.8738 42.8374 42.4483 42.5339 42.8122 42.6740 42.2481 42.1133 42.0413 42.0181 42.0419 41.9876 42.0669 41.9971 41.9594 42.0112 42.0332 42.0516 42.0601 42.0735 42.0883 42.0681 42.0628 42.0469 42.1128 42.2169 42.2379 42.2925 42.2962 42.2942 42.1844 42.0927 41.9890 41.9131 41.8701 41.9356 41.9349 41.8796 41.8659 41.8937 41.9128 41.9817 41.9878 42.0488 42.0281 42.0272 42.0542 42.0712 42.0011 41.8510 41.7960 41.8653 41.8926
42.7932 43.7915 44.4444 43.3297 42.9152 42.4577 42.5845 42.5265 42.4864 42.2771 42.2449 42.2835 42.3358 42.6725 42.9891 42.9590 42.8914 42.6142 42.5842 42.5105 42.3925 42.2624 42.0353 42.0540 42.0917 42.0551 42.1357 42.0412 41.9790 41.9998 41.9714 42.0131 42.0036 42.0472 42.0690 42.0961 42.1151 42.1279 42.1903 42.2123 42.2389 42.3274 42.3309 42.3198 42.2029 42.1078 41.9973 41.9578 41.9342 41.9627 41.9415 41.9459 41.9303 41.9583 42.0247 42.0679 42.0306 42.0582 42.0627 42.0344 42.0758 42.0868 42.0181 41.8975 41.9027 41.8900 41.9694
42.7359 43.1765 43.2260 42.9270 42.9179 42.4328 42.4036 42.3426 42.3136 42.4228 42.4941 42.4026 42.3101 42.3640 42.4842 42.4962 42.9685 42.7804 42.3792 42.5648 42.4333 42.3312 42.1100 42.1044 42.0742 42.0309 42.2026 42.1137 42.0246 42.0329 41.9832 41.9886 41.9890 42.0421 42.1024 42.1170 42.1820 42.1898 42.2162 42.2147 42.2066 42.2991 42.3302 42.3564 42.1923 42.1067 42.0059 42.0291 41.9874 41.9584 41.9387 41.9502 41.9136 41.9253 42.0361 42.0806 42.1128 42.1172 42.0964 42.0982 42.1631 42.2087 42.1106 41.9605 41.9520 41.9399 42.0149
42.4989 42.6085 42.6402 42.6905 42.7233 42.6606 42.5251 42.4662 42.4616 42.5335 42.5358 42.7822 42.3641 42.2849 42.5002 42.5080 42.8551 43.2018 43.1126 42.9208 42.8554 42.3528 42.6437 42.6485 42.1342 42.0779 42.1294 42.0924 42.0004 41.9669 41.9392 41.9652 42.0043 42.1117 42.1683 42.1992 42.2245 42.2446 42.3009 42.3041 42.2419 42.2985 42.3139 42.2930 42.2042 42.1392 42.0869 42.0616 42.0025 41.9301 41.9048 41.9445 41.9537 42.0269 42.1072 42.1224 42.1194 42.1127 42.0806 42.0924 42.1861 42.2579 42.1669 42.0106 41.9791 41.9415 41.9939
42.5051 42.5326 42.4681 42.5149 42.7398 42.7813 42.5827 42.5418 42.4905 42.7762 42.7492 42.5693 42.7765 42.3722 42.5919 42.6215 42.8673 42.7375 43.2822 42.7895 43.2138 42.5411 42.3504 42.4056 42.2742 42.1980 42.1526 42.0629 41.9690 41.8789 41.9036 41.9135 42.0207 42.0954 42.1474 42.2000 42.2236 42.2609 42.2574 42.2855 42.2903 42.3344 42.2953 42.2314 42.1219 42.1535 42.1258 42.1016 42.0932 42.0191 41.9710 41.9586 42.0251 42.0801 42.1330 42.1112 42.1115 42.0961 42.0861 42.1236 42.1664 42.2201 42.1724 42.0254 41.9845 41.9108 41.9330
42.3458 42.3306 42.3347 42.3938 42.4689 42.7056 42.5314 42.4667 42.7258 42.8577 42.6896 42.5421 42.6964 42.4489 42.5405 42.5709 42.5050 42.7503 42.6107 42.6798 42.5851 42.8651 42.7367 42.8344 42.3777 42.2482 42.1490 41.9519 41.8914 41.9089 42.0660 42.0704 42.1384 42.1537 42.1857 42.2334 42.2314 42.2237 42.2586 42.2873 42.2645 42.2631 42.2248 42.2272 42.1446 42.1530 42.1505 42.1150 42.1150 42.0517 42.0238 42.0071 42.0392 42.1169 42.1612 42.1388 42.1442 42.1319 42.1502 42.1719 42.1270 42.1491 42.1365 42.0282 42.0470 41.9631 41.9412
42.2453 42.1868 42.1710 42.2211 42.1732 42.2213 42.5352 42.5003 42.4726 42.4612 42.7810 42.4406 42.9195 42.7409 42.6656 42.6688 42.3696 42.4923 42.7198 42.8118 42.4790 42.3776 42.8002 42.8700 42.5097 42.1816 42.0569 41.8923 41.9435 42.0581 42.1749 42.1934 42.2461 42.2601 42.2590 42.2207 42.2430 42.2550 42.2898 42.3335 42.3403 42.2940 42.1917 42.1929 42.1599 42.1434 42.1573 42.1330 42.1146 42.0607 42.0246 42.0065 42.0887 42.1169 42.1316 42.1121 42.1077 42.1461 42.1782 42.2179 42.1870 42.2112 42.1611 42.0695 42.1123 42.0341 41.9567
42.2885 42.2144 42.1276 42.1215 42.1299 42.1469 42.4780 42.4490 42.7966 42.4237 42.4492 42.5169 42.9782 42.6553 42.8166 42.8176 42.5010 42.3273 42.8395 42.6423 43.0227 42.5007 42.6584 42.6800 42.4791 42.2218 42.0172 41.9181 42.0925 42.2056 42.2431 42.2669 42.2601 42.3209 42.3317 42.2582 42.2828 42.3021 42.3230 42.3247 42.3094 42.1599 42.1432 42.1576 42.1543 42.1649 42.1229 42.0590 42.0758 42.0983 42.0745 42.0403 42.0625 42.1322 42.0706 42.0449 42.0704 42.1037 42.1524 42.1744 42.1863 42.1825 42.1421 42.0261 42.0649 41.9900 41.9021
42.2506 42.1806 42.0384 41.9972 42.1459 42.2460 42.2850 42.2847 42.4180 42.3647 42.4606 42.6096 42.6420 42.5496 42.3517 42.3949 42.4732 42.5279 42.6492 42.7068 43.4502 42.7095 42.5615 42.5017 42.5671 42.1908 41.9826 42.1145 42.2550 42.3097 42.3190 42.3424 42.3679 42.3640 42.3781 42.3578 42.3093 42.3224 42.2963 42.3293 42.2881 42.2045 42.1448 42.1377 42.1110 42.1031 42.0543 42.0228 42.0363 42.0514 42.0771 42.1095 42.1290 42.1094 42.0499 42.0133 42.0283 42.0454 42.0557 42.1188 42.1681 42.1451 42.1231 42.0061 41.9611 41.8871 41.7916
42.2144 42.1751 42.0965 42.0867 42.1138 42.2568 42.1886 42.1692 42.2772 42.3630 42.3842 42.5751 42.8810 42.8104 42.5234 42.5553 42.5521 42.6053 42.6041 42.5901 42.4870 42.7105 42.3945 42.3391 42.3859 42.2240 42.2341 42.3588 42.3912 42.3498 42.3715 42.3984 42.3843 42.3730 42.3833 42.3846 42.3509 42.3253 42.2961 42.3165 42.2508 42.2195 42.1754 42.1618 42.0953 42.0626 42.0518 42.0044 42.0064 42.0392 42.0032 42.0481 42.0646 42.0301 41.9675 41.9671 42.0013 42.0036 42.0112 42.0956 42.1166 42.1074 42.0653 41.9460 41.8900 41.8619 41.7910
42.2007 42.2199 42.2005 42.1620 42.1465 42.2270 42.1876 42.1955 42.1437 42.2363 42.3088 42.3905 42.4292 42.5038 42.5164 42.5277 42.6618 42.9390 42.6489 42.7837 42.6648 42.4411 42.3190 42.2858 42.1911 42.1977 42.2687 42.3777 42.3803 42.3733 42.3946 42.4304 42.3661 42.3603 42.4030 42.3830 42.3490 42.3304 42.2912 42.2639 42.2105 42.1902 42.1450 42.1568 42.1045 42.0462 41.9989 41.9999 42.0320 42.0700 42.0251 42.0809 42.0226 41.9661 41.9343 41.9331 41.9816 42.0091 42.0072 42.0374 42.0619 42.0279 42.0027 41.8713 41.8697 41.7899 41.7775
42.2252 42.1810 42.1165 42.1249 42.1885 42.2898 42.2482 42.2911 42.2935 42.2343 42.2621 42.3229 42.4225 42.3917 42.3854 42.3784 42.5438 42.7634 42.8254 42.6698 42.5521 42.3335 42.3199 42.3591 42.3553 42.2892 42.3772 42.3849 42.3872 42.3900 42.4030 42.4083 42.3324 42.3430 42.3631 42.3777 42.3564 42.3718 42.2654 42.1836 42.1999 42.2029 42.1319 42.1041 42.0829 42.0013 41.9621 42.0157 42.0939 42.1680 42.1039 42.0696 41.9943 41.9056 41.8920 41.9025 41.9662 41.9899 41.9633 41.9540 41.9547 41.9482 41.9279 41.8734 41.8603 41.8205 41.8547
42.1386 42.0920 42.0807 42.0613 42.1357 42.2789 42.2622 42.2911 42.2454 42.2853 42.4572 42.5075 42.4607 42.3331 42.3849 42.3649 42.5530 42.6277 42.8210 42.8576 42.8213 42.5227 42.3060 42.3130 42.3606 42.3612 42.4054 42.4595 42.4742 42.4764 42.4223 42.4379 42.3736 42.3843 42.4185 42.4034 42.3711 42.3391 42.1807 42.1485 42.1749 42.1739 42.1004 42.0844 42.0398 41.9512 41.9257 41.9697 42.0557 42.1419 42.0507 41.9981 41.9334 41.8707 41.8770 41.8743 41.9184 41.9448 41.9809 41.9549 41.9173 41.9170 41.8924 41.8100 41.8405 41.8310 41.8803
42.0725 42.0507 42.0337 42.0791 42.1594 42.3094 42.4360 42.4508 42.2777 42.2670 42.4265 42.5655 42.6876 42.5084 42.3977 42.4722 42.4821 42.6334 42.5275 42.5086 42.4614 42.3655 42.3057 42.4390 42.4513 42.4040 42.3923 42.3868 42.4671 42.5286 42.5870 42.5990 42.4557 42.4154 42.3890 42.3822 42.2985 42.2629 42.1389 42.1439 42.1399 42.1057 42.0434 42.0168 41.9324 41.9121 41.9351 41.9785 42.0536 42.0252 41.9101 41.9362 41.9049 41.8663 41.8784 41.9108 41.9202 41.9352 41.9472 41.9226 41.9273 41.9008 41.8963 41.8535 41.8905 41.8412 41.8149
42.0750 42.0834 42.1341 42.2032 42.2254 42.1531 42.1408 42.0757 42.1329 42.3936 42.6862 42.4256 42.5775 42.3887 42.3721 42.4247 42.5231 42.5287 42.4825 42.4423 42.3814 42.3138 42.4071 42.5032 42.5291 42.4568 42.4803 42.4807 42.5690 42.5748 42.7174 42.7242 42.5845 42.4261 42.4078 42.3454 42.2555 42.2450 42.2112 42.1687 42.1120 42.0555 41.9692 41.9220 41.8937 41.9343 41.9671 42.0372 42.0542 41.9829 41.8658 41.8551 41.9238 41.8979 41.8980 41.9016 41.9051 41.9617 41.9591 41.9277 41.9074 41.9265 41.9327 41.9043 41.9493 41.8940 41.8239
42.1876 42.2605 42.2988 42.2828 42.1919 42.1407 42.1724 42.1512 42.2972 42.4739 42.5536 42.3945 42.3922 42.4305 42.5053 42.4866 42.4863 42.4887 42.3817 42.3463 42.3958 42.5797 42.5466 42.5322 42.5146 42.4977 42.4965 42.5085 42.5546 42.5900 42.6378 42.6598 42.7338 42.4726 42.3633 42.2783 42.2384 42.1720 42.0972 42.0683 41.9759 41.9315 41.9255 41.9272 41.9165 41.9426 42.0021 42.0573 42.0114 41.8956 41.7818 41.7896 41.8214 41.8683 41.8787 41.8563 41.8513 41.9177 41.9386 41.9653 41.9513 41.9838 41.9890 41.9388 41.9487 41.9585 41.8936
