regresion/FEBRERO_2003/MODIS/3_Bandas/Composicion (B12).txt
ncols         167
nrows         127
xllcorner     -112.016
yllcorner     26.722
cellsize      0.00898
[rows 58 to 86 of 127, columns 0 to 66 of 167]
25.6262 25.6604 25.7566 25.7664 25.6675 25.6137 25.7025 25.8510 25.8969 25.9272 25.9280 25.9002 25.8909 25.9644 26.0570 26.1099 26.1144 26.1721 26.2664 26.3606 26.0715 25.9124 25.8489 25.8665 25.9770 26.0954 26.3761 26.3767 26.5746 26.6861 26.8772 27.1013 26.9822 27.0044 26.8922 26.8231 27.2493 27.2009 27.4664 27.7161 28.6389 28.6395 28.2829 28.8005 29.8235 30.8462 29.5930 29.7393 29.4471 29.4095 29.1228 28.7301 28.2345 28.6591 27.6230 27.0677 26.7862 26.7972 26.6179 26.4890 26.3422 26.3106 26.3071 26.3581 26.3925 26.3868 26.4074
25.8418 25.8439 25.7887 25.6622 25.5709 25.5962 25.6625 25.7482 25.7477 25.8519 25.8806 25.8446 25.7721 25.8536 25.9411 26.0331 26.0400 26.1369 26.1968 26.2976 26.0713 25.9641 25.8883 25.9036 25.9297 25.9942 26.2030 26.3686 26.4011 26.6137 26.7974 27.0662 26.9458 26.9439 26.9480 27.1839 27.1710 27.2789 27.4829 27.9283 28.4517 28.4764 28.0661 28.1292 29.1560 30.2217 29.6620 28.9169 29.2747 29.2662 29.5191 27.8667 28.0244 27.8875 28.7132 27.9380 27.3338 27.3381 26.6822 26.6189 26.4872 26.4366 26.3776 26.3938 26.3910 26.3593 26.3955
25.9662 25.8818 25.7025 25.5509 25.5168 25.5871 25.5992 25.6288 25.6866 25.7963 25.8412 25.8049 25.7734 25.7798 25.8855 26.0428 26.0683 26.1880 26.1536 26.1234 26.0627 26.0204 26.0471 26.0398 26.0319 26.0931 26.1789 26.2984 26.4988 26.4605 26.6283 26.8442 26.9147 26.8910 26.9837 26.9511 27.3387 27.2591 27.8023 28.1068 28.8261 28.8829 29.2479 28.6738 28.1276 28.5808 27.8791 28.0054 27.3489 27.3408 27.8557 27.4636 27.4157 27.3332 27.6862 27.0885 26.8009 26.8319 26.7442 26.6777 26.7144 26.6505 26.5781 26.4881 26.4320 26.4222 26.4770
25.9010 25.7874 25.6492 25.5970 25.5507 25.6370 25.5578 25.6455 25.7555 25.8136 25.8540 25.8409 25.8744 25.9222 25.9963 26.0969 26.0986 26.1201 26.0565 26.0500 26.0202 25.9608 25.9170 26.0340 26.0528 26.1096 26.1567 26.1946 26.2607 26.4138 26.5169 26.6878 26.8932 26.8919 26.8755 26.7992 26.8539 27.0023 27.5566 27.8819 29.1028 29.1530 28.2701 30.9835 28.6425 28.1337 27.5343 27.0478 27.2311 27.2079 27.2649 27.3886 27.1503 27.1958 26.9601 26.9283 26.7242 26.7465 26.7001 26.6997 26.7534 26.6777 26.6083 26.5540 26.5010 26.4934 26.5500
25.8156 25.7864 25.7241 25.6536 25.5197 25.6104 25.5800 25.6878 25.7644 25.8402 25.8488 25.8641 25.8769 25.8785 25.9152 25.9536 25.9663 25.9770 25.9786 25.9578 25.9180 25.8590 25.8077 25.8797 25.9181 25.9789 25.9927 26.0347 26.1354 26.2995 26.4044 26.6379 26.6891 26.6453 26.7588 26.8670 26.8473 26.8668 27.1448 27.4083 27.9979 28.0601 28.7234 28.9191 28.7306 27.9340 27.4153 27.0755 27.0025 26.9765 26.9738 27.1583 27.1350 27.5872 26.8411 26.8552 26.7556 26.7650 26.6614 26.8081 26.6720 26.6399 26.5732 26.5639 26.5438 26.5510 26.5638
25.8384 25.8009 25.7482 25.6002 25.4613 25.5578 25.5649 25.6107 25.7102 25.7455 25.7422 25.7666 25.8259 25.8051 25.7889 25.8734 25.9204 26.0013 26.0189 25.9543 25.8718 25.7957 25.6853 25.7340 25.8034 25.8812 25.9009 25.9506 26.1045 26.2295 26.3091 26.5158 26.6585 26.6357 26.6548 26.7211 26.9336 27.0510 27.3355 27.5368 28.1604 28.1867 28.3942 28.6203 28.9140 27.7650 27.2814 27.0612 26.8692 26.8199 26.8235 26.9604 26.9872 27.4365 27.0447 26.7111 26.7161 26.6805 26.8230 26.6568 26.6076 26.4209 26.5453 26.5933 26.6123 26.5995 26.5837
25.7214 25.6654 25.6028 25.5009 25.4661 25.5378 25.5602 25.6099 25.6674 25.6610 25.6862 25.7031 25.7611 25.7745 25.8367 25.9388 25.9792 26.0515 26.0389 25.9640 25.9179 25.8414 25.7423 25.7329 25.7478 25.7850 25.8750 25.9194 26.0409 26.1452 26.2232 26.4028 26.7181 26.8179 26.8281 26.7247 27.0740 27.4378 28.1830 28.2253 28.3358 28.3066 28.2750 27.8474 29.2171 28.2310 27.5181 27.3927 26.8413 26.7729 27.2597 27.6447 26.9029 26.8892 26.8457 27.0126 26.9622 26.9378 26.7815 26.7096 26.8443 26.5907 26.5772 26.5889 26.5643 26.6112 26.6157
25.5061 25.4967 25.4694 25.4592 25.5410 25.6070 25.6482 25.6278 25.6675 25.6746 25.6894 25.6988 25.7645 25.8229 25.8547 25.9254 25.9624 25.9990 26.0009 25.9774 25.9549 25.9276 25.8388 25.7457 25.7630 25.7756 25.7946 25.9368 26.0388 26.1228 26.2097 26.3282 26.5438 26.6367 27.0574 26.8039 26.9080 27.5962 28.2263 28.7186 28.8563 28.8504 28.0631 28.9327 28.5999 28.9725 27.8171 29.5687 27.6969 27.6427 29.9881 27.8638 28.1282 27.1634 27.3087 26.9224 27.5613 27.5497 26.8234 26.6985 26.7230 26.4891 26.5900 26.6872 26.7217 26.7015 26.7274
25.3959 25.4481 25.4879 25.5065 25.5761 25.6172 25.6211 25.6232 25.6559 25.6620 25.7159 25.7132 25.7751 25.8468 25.9366 25.9768 25.9932 25.9417 25.9265 25.8955 25.9063 25.8865 25.8296 25.7664 25.7445 25.7332 25.7388 25.8982 26.0585 26.1475 26.1865 26.2973 26.3979 26.4713 26.8654 26.8552 26.6345 26.8617 27.5338 27.4951 27.7279 27.7505 27.8997 28.2559 27.7470 28.9573 27.7376 29.6267 29.6692 29.6254 29.1533 28.9400 28.4983 27.3954 26.7764 28.0534 27.1819 27.1757 27.0005 26.8734 26.7830 26.6907 26.6471 26.7677 26.7828 26.6938 26.7784
25.4996 25.5460 25.5214 25.5357 25.6268 25.6560 25.7039 25.6872 25.6611 25.6409 25.6939 25.7184 25.7478 25.8444 25.9657 25.9338 25.9204 25.8695 25.8472 25.8141 25.8081 25.7947 25.7836 25.7078 25.6688 25.6717 25.6735 25.7974 25.9739 26.1291 26.1471 26.2106 26.3247 26.4178 26.4963 26.5464 26.6113 26.6658 26.8073 26.9455 27.1055 27.1276 26.9717 27.0572 27.1790 27.2862 27.3875 28.2954 29.3762 29.3182 27.9027 28.5791 27.5057 27.7454 27.5541 27.3422 27.0052 26.9741 26.7062 26.8200 26.6715 26.8290 26.7196 26.7661 26.7592 26.6808 26.7128
25.6323 25.5539 25.4777 25.5328 25.6292 25.6406 25.6966 25.6800 25.6555 25.6643 25.6920 25.7171 25.6791 25.7227 25.8034 25.8560 25.8573 25.8451 25.7733 25.7082 25.6898 25.7549 25.7506 25.6783 25.6254 25.6264 25.6379 25.7394 25.9062 26.0393 26.1005 26.1851 26.2762 26.3392 26.4355 26.5297 26.8666 26.6654 26.7223 26.7533 26.7788 26.7963 26.8118 26.9156 27.0165 26.7611 27.2270 27.1414 27.5194 27.5629 28.2292 27.2113 27.2408 26.9576 26.8229 26.8076 26.7750 26.7527 26.8038 26.6032 26.6709 26.7161 26.7225 26.7591 26.6630 26.6461 26.6406
25.8438 25.6332 25.5323 25.5687 25.6003 25.6120 25.6675 25.6742 25.6867 25.6576 25.6752 25.6903 25.6821 25.7003 25.7153 25.7775 25.7451 25.7406 25.6857 25.6472 25.6141 25.6433 25.6986 25.6648 25.6144 25.6403 25.6754 25.8094 25.8917 26.0122 26.1347 26.2196 26.2875 26.3340 26.4311 26.5112 26.5953 26.7271 26.7528 26.9383 26.6961 26.6653 26.6392 27.1182 27.5030 27.4707 28.2558 27.7619 28.1485 28.1771 27.2635 27.0822 26.9044 26.9758 26.9019 26.8105 26.7360 26.7261 26.7027 26.7182 26.6530 26.6953 26.7110 26.7376 26.6873 26.6365 26.6127
25.9509 25.7395 25.6347 25.6406 25.6502 25.6568 25.7146 25.7408 25.7545 25.7134 25.6622 25.6639 25.6729 25.6754 25.6396 25.6723 25.6348 25.6272 25.5587 25.5681 25.5897 25.5851 25.6333 25.6868 25.6351 25.6870 25.7755 25.8523 25.9473 26.0296 26.1143 26.2373 26.3203 26.3756 26.4603 26.5337 26.5993 26.6541 26.8868 27.1908 27.0834 27.0345 26.6307 26.9125 27.3115 27.8676 27.7421 27.8793 27.8831 27.8925 27.3311 27.7904 26.9136 26.9799 26.8848 26.9649 26.7092 26.6906 26.6987 26.7792 26.7672 26.7808 26.7898 26.7259 26.6932 26.7218 26.6997
25.9517 25.6295 25.6010 25.6100 25.6703 25.7036 25.7517 25.7902 25.7896 25.7327 25.7037 25.7189 25.7028 25.6810 25.6482 25.6279 25.5755 25.5289 25.5072 25.5237 25.5132 25.5196 25.5612 25.6503 25.6746 25.7235 25.8131 25.8993 25.9720 26.0300 26.0880 26.2030 26.3235 26.3592 26.4655 26.4727 26.4858 26.4991 26.5783 26.8362 27.5538 27.5114 27.1992 26.5854 26.7607 27.3806 27.7332 28.4124 29.5857 29.5923 28.4742 27.5279 27.8690 27.3002 27.2862 26.9193 26.7212 26.7034 26.7358 26.8267 26.8113 26.8798 26.8327 26.7234 26.7374 26.7733 26.7609
26.4632 25.5002 25.4113 25.4776 25.6027 25.6567 25.7402 25.8159 25.8232 25.7952 25.7453 25.7518 25.7097 25.6787 25.6307 25.5731 25.5454 25.5229 25.5286 25.5043 25.4860 25.5444 25.5538 25.6277 25.6364 25.6840 25.7467 25.7830 25.8328 25.9479 26.0670 26.1376 26.2056 26.2567 26.3288 26.3590 26.3570 26.3915 26.4151 26.4640 26.5685 26.5291 26.8005 26.6200 26.5371 26.7517 27.0187 28.1963 28.7745 28.7849 28.2669 28.8228 28.1364 27.7867 28.3097 27.7130 26.9275 26.9633 26.8826 26.8773 26.7610 26.7039 26.7522 26.8821 26.8322 26.8116 26.8523
26.8395 25.6330 25.4796 25.4263 25.5298 25.5794 25.7130 25.7957 25.8071 25.7799 25.7345 25.7527 25.6989 25.6276 25.6365 25.6124 25.5984 25.5995 25.5949 25.5538 25.5527 25.5440 25.5966 25.6525 25.6925 25.6973 25.7370 25.7558 25.8273 25.9112 26.0166 26.0733 26.0886 26.1289 26.1160 26.1672 26.2562 26.2924 26.3083 26.3311 26.4146 26.4110 26.4106 26.5818 26.5745 26.6542 26.8518 26.8394 27.4620 27.4636 28.2337 30.1037 28.1423 27.5683 27.8417 27.6703 27.6679 27.7824 27.4986 27.1283 26.9455 26.7792 26.8849 26.8608 26.8072 26.8289 26.8611
27.6301 26.0698 25.5715 25.4601 25.4538 25.4857 25.6143 25.7123 25.7033 25.7420 25.7037 25.7228 25.7036 25.6623 25.6340 25.6209 25.6522 25.6379 25.6590 25.6542 25.6036 25.5808 25.6664 25.6969 25.7263 25.7084 25.7503 25.8119 25.8726 25.9495 26.0343 26.1008 26.1711 26.1859 26.1399 26.1371 26.2206 26.2518 26.2492 26.2698 26.2964 26.3066 26.3212 26.4375 26.4981 26.6168 27.4196 27.4761 27.4957 27.4942 28.2975 28.9709 30.0101 28.2918 27.6118 27.4731 27.6893 27.7839 27.3957 27.0946 27.0819 26.8691 26.8359 26.8188 26.8575 26.8259 26.8321
27.2374 25.9707 25.6729 25.5152 25.4816 25.4524 25.4778 25.6169 25.7079 25.7059 25.6679 25.7199 25.7349 25.6703 25.5735 25.5518 25.6246 25.6278 25.7163 25.6488 25.5998 25.6104 25.7164 25.7515 25.7554 25.7411 25.7537 25.7952 25.8580 25.9738 26.0575 26.1406 26.1912 26.1789 26.1419 26.1599 26.1960 26.2348 26.2568 26.2852 26.3035 26.2989 26.3101 26.3903 26.4606 26.7281 26.6974 26.7442 26.9765 27.0203 27.7551 27.1847 27.8803 27.7695 27.2700 27.3426 27.8189 27.7904 27.2164 27.0225 26.9365 26.9353 26.9713 26.8975 26.9532 26.8997 26.9510
25.9139 26.1465 25.8121 25.6342 25.5630 25.5293 25.5388 25.6370 25.6542 25.6028 25.6144 25.6684 25.6579 25.5773 25.5299 25.5633 25.6649 25.6937 25.6847 25.6028 25.5567 25.5974 25.7292 25.7654 25.7478 25.7431 25.7172 25.7753 25.8225 25.8994 25.9974 26.0563 26.1201 26.1032 26.0892 26.1347 26.1697 26.2029 26.2497 26.2947 26.3190 26.3094 26.3038 26.3440 26.4279 26.6552 26.9053 26.7031 26.6815 26.7379 26.8349 27.1070 26.8700 26.9243 27.1175 27.0850 27.5119 27.4663 27.4525 27.4425 27.7439 27.0130 27.1357 27.3502 26.9567 27.0330 27.0764
25.6207 25.7664 25.8828 25.6555 25.5569 25.5800 25.5532 25.5689 25.6209 25.6363 25.5842 25.5727 25.5125 25.5027 25.5752 25.6615 25.7230 25.7616 25.6863 25.6706 25.6207 25.6297 25.6473 25.6688 25.6576 25.6731 25.6686 25.7207 25.7852 25.8455 25.9258 25.9793 26.0129 26.0164 26.0450 26.1504 26.1675 26.1980 26.2647 26.2458 26.2686 26.2627 26.2851 26.2737 26.4018 26.4850 26.8046 26.7582 26.5962 26.6199 26.6777 26.7490 26.8705 26.8425 26.9310 26.9217 26.9465 26.9008 27.3381 27.7786 27.3864 27.4784 27.3739 27.4558 27.2443 27.1884 27.2152
25.5285 25.8310 25.9022 25.7637 25.5942 25.5348 25.5000 25.4706 25.5405 25.6242 25.5945 25.5777 25.5057 25.4284 25.4965 25.6665 25.7401 25.7918 25.6946 25.6635 25.6399 25.6446 25.6486 25.6673 25.6764 25.6727 25.7063 25.7872 25.8773 25.8905 25.9294 25.9885 26.0435 26.0734 26.1084 26.1708 26.1841 26.2102 26.2395 26.2062 26.2266 26.2502 26.2826 26.3306 26.4045 26.4508 26.4926 26.6499 26.8112 26.8183 26.6226 26.6726 26.8263 26.9920 26.8135 26.8416 26.8469 26.8483 27.0081 26.9936 26.9432 27.1308 27.3973 27.1985 27.6243 27.5747 27.6193
27.2217 25.9865 25.8434 25.7918 25.7029 25.5873 25.4530 25.4427 25.4525 25.5526 25.5766 25.5308 25.4905 25.4164 25.3388 25.4135 25.4445 25.5408 25.5494 25.5474 25.5155 25.5071 25.5837 25.6415 25.6885 25.7003 25.8026 25.8502 25.9056 25.9607 26.0358 26.0581 26.0598 26.0697 26.0955 26.1583 26.1685 26.2162 26.2651 26.2552 26.2480 26.2412 26.2452 26.3075 26.3773 26.4303 26.4950 26.5747 26.7733 26.7884 26.6389 26.5619 26.6164 26.7964 26.9267 26.8765 27.6250 27.7140 27.2812 27.2764 27.0055 26.9627 27.1313 27.1552 27.3280 27.4631 27.4755
27.5122 26.1465 25.7313 25.7463 25.7097 25.6098 25.4935 25.4000 25.4237 25.4291 25.4714 25.3901 25.4042 25.4082 25.3606 25.3366 25.3262 25.3832 25.3673 25.3999 25.3950 25.4165 25.4559 25.5421 25.5917 25.6530 25.7266 25.7368 25.8345 25.9256 25.9796 26.0464 26.1202 26.1782 26.1519 26.1430 26.1581 26.2395 26.3063 26.3239 26.3251 26.2812 26.2661 26.2660 26.3656 26.4255 26.4498 26.5183 26.5854 26.5651 26.5369 26.5035 26.5626 26.6245 26.8086 26.9684 28.3478 28.3564 28.1699 27.3250 27.2301 26.9806 27.1362 27.0525 27.1907 27.2724 27.2156
27.6868 26.4373 25.7722 25.6490 25.7412 25.7472 25.5868 25.4290 25.3910 25.3795 25.3443 25.2959 25.3057 25.3619 25.3384 25.2733 25.1891 25.1610 25.1158 25.1605 25.1873 25.2473 25.3642 25.4113 25.4774 25.5000 25.5734 25.6650 25.8234 25.9141 25.9546 26.0097 26.0997 26.1367 26.1334 26.1460 26.1728 26.2359 26.2374 26.2668 26.3241 26.2849 26.2970 26.3247 26.3840 26.4587 26.4622 26.4529 26.5194 26.4871 26.4685 26.4752 26.5754 26.6580 26.7200 26.8299 27.5613 27.5461 27.9558 27.3556 27.0111 27.0140 27.1689 27.1839 26.9446 27.0049 26.9168
37.9412 34.0611 29.0975 26.2731 25.7902 25.8030 25.7385 25.6022 25.5296 25.4222 25.3786 25.3111 25.3381 25.3204 25.2677 25.1607 25.0693 25.0496 25.0181 25.0310 24.9803 25.0351 25.2072 25.3190 25.3637 25.3526 25.4233 25.5180 25.6634 25.8572 25.9374 26.0310 26.1195 26.1228 26.1795 26.2204 26.2237 26.2414 26.2225 26.3029 26.3975 26.4014 26.3894 26.4124 26.4492 26.5038 26.5453 26.5797 26.6005 26.5735 26.5117 26.5385 26.5697 26.7605 26.9501 27.0299 26.8552 26.8010 26.8774 27.0431 27.1176 27.0891 27.2198 27.2153 27.0924 26.9146 26.8636
44.5442 43.9327 43.7255 31.2412 27.7412 25.8014 25.7798 25.7894 25.6726 25.6157 25.5674 25.6359 25.4856 25.3992 25.2468 25.0949 24.9861 24.9891 24.9754 24.9421 24.9105 24.9162 24.9902 25.1643 25.3012 25.3060 25.4053 25.4801 25.6305 25.8237 25.8926 26.0398 26.1289 26.1739 26.2549 26.2615 26.2573 26.2815 26.2755 26.3127 26.4339 26.4315 26.4020 26.4573 26.4541 26.4838 26.5338 26.5938 26.5839 26.6175 26.6308 26.6581 26.8166 26.8461 27.0733 27.0711 27.0528 27.0477 26.8930 26.9192 26.9559 26.9915 26.8986 26.9368 26.9715 26.8758 26.8577
50.9056 43.2353 49.3687 36.1735 30.8429 28.6044 28.9716 29.6211 27.2530 26.5326 27.6416 26.7460 25.5478 25.4129 25.2345 25.0952 25.0540 25.0031 24.9545 24.9539 24.9408 24.9460 24.9357 25.0235 25.2201 25.2564 25.3775 25.4174 25.5607 25.7481 25.7966 25.8982 26.0422 26.1205 26.2312 26.2538 26.2918 26.2468 26.2602 26.2400 26.3779 26.3970 26.3736 26.4198 26.3914 26.3219 26.3347 26.3542 26.3481 26.3250 26.4303 26.4949 26.5419 26.5905 26.7193 26.9354 26.8210 26.7813 26.6834 26.7217 26.7741 26.7755 26.7533 26.7183 26.8473 26.9988 27.0058
49.2201 47.8601 48.2249 41.2889 33.8138 37.1996 40.3889 32.9000 32.2760 28.8178 26.0706 26.2406 25.9117 25.5033 25.3714 25.2421 25.1748 25.0634 25.0048 25.0459 25.0240 24.9905 24.9501 24.9061 25.0097 25.0512 25.3068 25.4011 25.4959 25.6352 25.7192 25.7736 25.8834 26.0021 26.1495 26.3063 26.3749 26.3602 26.2593 26.1641 26.2628 26.2999 26.2716 26.2586 26.2073 26.2269 26.1996 26.1991 26.2091 26.1998 26.2477 26.2523 26.2766 26.3301 26.4280 26.5437 26.5612 26.5687 26.5999 26.6517 26.6998 26.6733 26.6856 26.7751 26.7523 26.8659 26.9155
44.1743 41.6434 27.6399 42.5653 62.1029 60.9211 52.8257 45.5022 39.2480 30.6195 26.7201 26.3034 25.9561 25.5726 25.5138 25.3356 25.2266 25.0961 25.0322 25.0382 25.0552 25.0078 24.9577 24.9291 24.9565 24.9732 25.1480 25.3748 25.5016 25.6588 25.6957 25.8007 25.8601 25.9539 26.0933 26.1781 26.2243 26.2991 26.2903 26.1854 26.1777 26.2007 26.1957 26.2282 26.2489 26.2550 26.2184 26.2022 26.2131 26.2018 26.2226 26.2258 26.2274 26.2853 26.3772 26.4472 26.4654 26.4559 26.5260 26.5630 26.5187 26.5068 26.5090 26.6409 26.7192 26.7481 26.7857
