regresion/MAYO_2003/SeaWiFS/Composicion (Lt_490).txt
ncols         167
nrows         127
xllcorner     -112.016
yllcorner     26.725
cellsize      0.00898
[rows 29 to 57 of 127, columns 67 to 133 of 167]
54.1214 54.1971 54.2099 54.2726 54.2688 54.2000 54.2456 54.1665 54.2324 54.2191 54.3014 54.3045 54.2680 54.3674 54.4097 54.5021 54.5018 54.5744 54.6796 54.7059 54.7191 54.7880 54.8237 54.8366 54.8760 54.8530 54.8558 54.8652 54.9777 55.0406 55.0406 55.0272 54.9149 54.9939 55.0463 54.9142 54.8409 54.9563 54.8869 54.8900 54.8666 54.7346 54.6684 54.6910 54.5956 54.5992 54.5495 54.4768 54.5558 54.5954 54.5330 54.5919 54.5452 54.6213 54.6736 54.8352 54.9177 55.1945 55.2303 54.9435 55.0127 54.8976 54.9112 54.9071 54.8807 54.9720 55.0168
54.0757 54.1678 54.1443 54.2334 54.2692 54.2396 54.2319 54.1990 54.2517 54.1989 54.2878 54.2646 54.2317 54.2655 54.4036 54.4959 54.5222 54.5881 54.6537 54.7195 54.7817 54.7744 54.7771 54.8297 54.8559 54.8427 54.8685 54.9212 55.0170 55.0673 55.0342 54.9946 55.0340 55.0867 55.0072 54.8581 54.7977 54.8934 54.8932 54.8533 54.8563 54.7340 54.6547 54.6811 54.6883 54.5798 54.5696 54.5398 54.5958 54.5695 54.5165 54.6147 54.5976 54.6804 54.7855 54.8417 54.9173 54.9568 54.9962 54.9734 55.0359 54.9306 54.9046 54.9732 54.9337 55.0513 55.0961
54.1284 54.1709 54.1803 54.1733 54.1697 54.2257 54.2518 54.1600 54.2489 54.2255 54.2158 54.2189 54.2321 54.2489 54.3676 54.4662 54.4559 54.5878 54.7126 54.7482 54.7741 54.8532 54.9385 54.9483 54.8821 54.8953 54.9021 54.9152 55.0339 55.0477 55.1363 55.0967 55.0603 55.0831 54.9868 54.8774 54.8675 54.9203 54.9395 54.8830 54.8003 54.7905 54.7014 54.7278 54.7636 54.8101 54.8069 54.7903 54.7771 54.6848 54.6810 54.6151 54.6147 54.7103 54.6833 54.6800 54.8415 54.8676 54.9600 54.8674 54.9234 55.0028 55.0130 55.0157 55.0158 55.1192 55.1535
54.0984 54.1541 54.1635 54.1566 54.1463 54.1564 54.2351 54.1434 54.2391 54.1630 54.1532 54.1763 54.2422 54.2459 54.2752 54.3472 54.3996 54.5709 54.7024 54.7380 54.7904 54.8299 54.9089 54.9519 54.9121 54.9121 54.8726 54.9516 54.9911 55.0081 55.0832 55.1061 55.0302 55.0168 54.9470 54.8408 54.8575 54.9366 54.9129 54.9000 54.8173 54.7250 54.6191 54.6587 54.7209 54.7904 54.8164 54.7867 54.7768 54.6483 54.6708 54.5915 54.6177 54.7002 54.7398 54.7365 54.9078 54.8908 55.0753 55.2200 55.2860 55.0588 55.0265 55.0455 55.2100 55.1541 55.1461
54.0921 54.1810 54.1512 54.2265 54.2229 54.1339 54.2391 54.1596 54.2289 54.2122 54.2153 54.2317 54.2314 54.2482 54.3901 54.4958 54.4920 54.5318 54.6504 54.6727 54.7087 54.7350 54.8031 54.7899 54.7502 54.8456 54.7664 54.8489 54.8620 54.9844 55.0080 55.0079 54.9284 54.9513 54.9248 54.8777 54.9731 55.0352 54.9424 54.9455 54.8660 54.8297 54.7934 54.8330 54.8559 54.8632 54.9525 54.9953 54.9355 54.9321 54.9056 54.8125 54.7859 54.8086 54.7718 54.7948 54.9168 54.9632 55.1741 55.3949 55.4117 55.2176 55.1320 55.1112 55.2771 55.1273 55.1325
54.0261 54.1510 54.1112 54.1631 54.1728 54.0805 54.2223 54.1595 54.2457 54.2160 54.2126 54.1895 54.1760 54.2720 54.4037 54.5089 54.4883 54.5444 54.6133 54.6357 54.5927 54.6981 54.7901 54.7769 54.7936 54.8463 54.7770 54.8332 54.8594 54.9423 54.9156 54.9513 54.9509 54.9903 54.9011 54.8539 54.9494 55.0021 54.9092 54.9495 54.9227 54.8536 54.7908 54.8040 54.8534 54.8437 54.8792 54.9517 54.8819 54.9083 54.8950 54.7755 54.7358 54.8054 54.7523 54.7885 54.9041 54.9999 55.1712 55.3787 55.4146 55.1941 55.1185 55.0673 55.1974 55.1038 55.1167
53.9896 54.1119 54.1345 54.2594 54.2724 54.2261 54.3117 54.2721 54.2816 54.2191 54.2054 54.2087 54.2581 54.2849 54.3866 54.4887 54.5319 54.5284 54.5017 54.5241 54.6296 54.7218 54.7415 54.7579 54.8230 54.8494 54.7569 54.8063 54.7796 54.9284 54.9377 54.9149 54.9479 54.9213 54.8156 54.8413 54.8940 54.9468 54.8969 54.9358 54.8861 54.7936 54.7240 54.8032 54.7765 54.8066 54.8199 54.8530 54.8265 54.8693 54.8394 54.8916 54.8120 54.8516 54.8511 54.8942 54.9368 55.0521 54.9826 54.9991 55.0386 55.0326 55.2220 55.2446 54.7983 54.9777 54.9777
53.9667 54.0985 54.1340 54.2492 54.2754 54.2226 54.3214 54.2026 54.2817 54.2290 54.1894 54.1795 54.2089 54.2356 54.3242 54.4263 54.5185 54.5279 54.5311 54.5402 54.6260 54.7183 54.6984 54.6884 54.7010 54.7970 54.7143 54.7836 54.7437 54.8926 54.9150 54.9017 54.9477 54.9508 54.8319 54.8542 54.8639 54.9298 54.8932 54.8304 54.8337 54.7906 54.7376 54.7674 54.7672 54.7841 54.7540 54.8168 54.7470 54.8459 54.8293 54.8747 54.8083 54.8743 54.8511 54.8944 54.9469 55.0490 54.9204 54.8973 54.9369 54.9404 54.9716 54.9940 54.8278 54.8818 54.8818
53.9669 54.0591 54.1343 54.2194 54.1797 54.1860 54.3345 54.2817 54.2552 54.1761 54.1795 54.1895 54.2154 54.2687 54.3312 54.4529 54.5319 54.5676 54.6036 54.6259 54.6327 54.7048 54.7046 54.6353 54.6748 54.7181 54.7407 54.7837 54.7897 54.8562 54.8823 54.9085 54.9211 54.8911 54.8283 54.8242 54.7914 54.8474 54.8600 54.8466 54.8307 54.8041 54.6885 54.7246 54.7441 54.7610 54.7081 54.7904 54.7598 54.8124 54.7858 54.8247 54.8313 54.8974 54.8838 54.9271 54.9769 55.0790 54.9602 54.8941 54.9302 54.8908 54.9304 54.8425 54.8119 54.9725 54.9725
54.0322 54.2036 54.1807 54.3053 54.2789 54.2689 54.2691 54.2295 54.2293 54.1635 54.2122 54.2090 54.1821 54.3176 54.3896 54.5184 54.5841 54.6537 54.6368 54.5801 54.6265 54.6757 54.6723 54.6226 54.6356 54.5791 54.6546 54.6975 54.7069 54.7633 54.7695 54.8222 54.8359 54.7927 54.7297 54.7654 54.7422 54.7355 54.7747 54.7878 54.8100 54.7175 54.6415 54.6581 54.6544 54.6481 54.7140 54.7800 54.7012 54.7143 54.7007 54.6836 54.6702 54.7065 54.7458 54.7686 54.8111 54.9001 54.8675 54.8709 54.9632 54.9235 54.8971 54.8728 54.9057 54.9793 54.9793
53.9564 54.1511 54.1114 54.2258 54.2327 54.2326 54.2952 54.2028 54.2422 54.2290 54.2155 54.1762 54.2483 54.3443 54.4263 54.5450 54.5447 54.6799 54.6533 54.5999 54.6922 54.7679 54.7017 54.6619 54.5926 54.6057 54.6450 54.6944 54.7469 54.8033 54.7372 54.7767 54.7829 54.7563 54.7163 54.7949 54.7151 54.7513 54.8203 54.8070 54.8400 54.6722 54.6519 54.6421 54.6947 54.6456 54.6552 54.7375 54.6877 54.7367 54.6903 54.6733 54.6563 54.6959 54.7221 54.7882 54.8445 54.9469 54.9341 54.9207 54.9603 54.9107 54.8843 54.8816 54.9370 54.9333 54.9333
54.0554 54.1972 54.1970 54.2133 54.2264 54.2660 54.2690 54.1963 54.2621 54.2620 54.3012 54.2941 54.3037 54.3900 54.5052 54.6766 54.6832 54.6470 54.6672 54.5840 54.6763 54.7519 54.7682 54.7020 54.5860 54.5992 54.6048 54.6311 54.6739 54.7170 54.7366 54.7497 54.7526 54.8550 54.7959 54.8316 54.7616 54.7914 54.8605 54.8605 54.7809 54.6584 54.4963 54.4700 54.5621 54.5656 54.5886 54.6972 54.6413 54.7241 54.7271 54.7199 54.6833 54.6834 54.6830 54.7623 54.8905 54.9991 54.9632 54.9464 54.9991 54.9892 54.9365 54.8805 54.8709 54.8811 54.8579
54.0985 54.2235 54.2401 54.2889 54.2887 54.2490 54.2751 54.2953 54.3212 54.2092 54.2582 54.2844 54.3013 54.3281 54.4596 54.6211 54.6408 54.5813 54.6602 54.5770 54.6656 54.6952 54.6784 54.6520 54.5096 54.5196 54.5589 54.5757 54.6250 54.6549 54.6615 54.7141 54.7567 54.8025 54.7098 54.7417 54.7580 54.8601 54.7511 54.7379 54.5724 54.5562 54.4108 54.4672 54.4538 54.5233 54.5398 54.5922 54.6021 54.6548 54.7034 54.7030 54.7555 54.7487 54.7218 54.7483 54.8900 54.9494 54.9437 54.9469 54.9864 54.9995 54.9599 54.9541 54.9199 54.9078 54.9012
54.1282 54.2369 54.2768 54.3520 54.3518 54.3086 54.4007 54.3446 54.3047 54.3540 54.2875 54.2742 54.3043 54.3609 54.4826 54.5981 54.6970 54.5155 54.5516 54.5873 54.6758 54.6624 54.5959 54.5959 54.4931 54.5327 54.6450 54.6222 54.5957 54.5955 54.6515 54.7701 54.8260 54.8156 54.7329 54.7648 54.7645 54.7744 54.6423 54.5764 54.5461 54.5463 54.4706 54.5270 54.4906 54.5201 54.5562 54.5955 54.6416 54.7569 54.7791 54.7886 54.8278 54.8508 54.7580 54.7844 54.8899 54.9528 54.9999 55.0163 55.0329 55.0424 55.0029 54.9708 54.9428 54.8515 54.8449
54.1151 54.2336 54.2994 54.3119 54.4041 54.4042 54.4736 54.4637 54.4072 54.3706 54.3968 54.3143 54.3407 54.3936 54.5058 54.6045 54.6966 54.5350 54.6666 54.7023 54.6262 54.6562 54.5664 54.5631 54.4836 54.5232 54.5562 54.5560 54.4868 54.4565 54.5060 54.6542 54.6803 54.6506 54.5083 54.5572 54.6893 54.6859 54.6128 54.5601 54.4805 54.4441 54.3947 54.3815 54.4438 54.4864 54.5461 54.5326 54.6512 54.7170 54.7469 54.7925 54.8715 54.8910 54.8081 54.8345 54.8872 54.9135 54.9563 54.9693 55.0387 54.9988 54.9757 54.9596 54.9067 54.8699 54.8855
54.1053 54.2207 54.3128 54.3253 54.4308 54.4045 54.4796 54.4535 54.3969 54.3439 54.4096 54.3404 54.3271 54.4665 54.5358 54.6709 54.7038 54.5089 54.6407 54.6631 54.6001 54.6228 54.5661 54.5429 54.4896 54.5292 54.5561 54.5427 54.4866 54.4504 54.4834 54.5953 54.6214 54.5681 54.4952 54.5308 54.7217 54.7118 54.6453 54.5794 54.4866 54.4704 54.4079 54.3816 54.4380 54.4903 54.5432 54.5397 54.6185 54.6976 54.6773 54.7718 54.8376 54.8508 54.8010 54.8142 54.8802 54.9197 54.9468 54.9767 54.9767 54.9334 54.9592 54.9167 54.9077 54.9794 54.9444
54.1576 54.2862 54.2994 54.3878 54.4802 54.4606 54.4699 54.4339 54.3775 54.3970 54.3741 54.4005 54.3775 54.4366 54.4364 54.5646 54.6307 54.4557 54.3896 54.4121 54.4577 54.4809 54.4710 54.4708 54.4175 54.4702 54.4901 54.4634 54.4339 54.4731 54.4429 54.4429 54.5879 54.4291 54.4788 54.5539 54.6095 54.5868 54.6162 54.5733 54.4805 54.4673 54.3848 54.3716 54.3257 54.4140 54.5359 54.5589 54.7566 54.8357 54.8984 54.7988 54.7917 54.8347 54.8214 54.8610 54.9005 54.9037 54.9105 54.9066 54.9496 54.9563 54.9761 54.9627 55.0033 55.0527 54.9912
54.1911 54.3688 54.3521 54.4931 54.4931 54.4370 54.4101 54.3873 54.3640 54.3741 54.3743 54.4007 54.3646 54.3942 54.4699 54.5585 54.6112 54.4127 54.4159 54.4383 54.4178 54.4178 54.3714 54.3978 54.4139 54.4238 54.4372 54.4504 54.4306 54.5624 54.4630 54.4761 54.4364 54.4096 54.4259 54.4877 54.5335 54.6063 54.5267 54.5497 54.5395 54.5130 54.4509 54.4378 54.3621 54.3814 54.4866 54.5656 54.7501 54.8292 54.8555 54.8116 54.7551 54.8148 54.8640 54.9071 54.9202 54.8971 54.8713 54.8409 54.9298 54.9067 54.9894 54.9595 55.0253 55.0014 54.9911
54.1215 54.2766 54.2503 54.3782 54.4010 54.3185 54.2656 54.1926 54.1265 54.1891 54.3571 54.3604 54.3374 54.3638 54.5484 54.4991 54.4626 54.3438 54.3766 54.3991 54.4218 54.3950 54.4176 54.4174 54.2916 54.3081 54.3052 54.3083 54.2947 54.3869 54.3540 54.3275 54.3539 54.3537 54.4229 54.5374 54.5899 54.6126 54.5432 54.5167 54.5956 54.6120 54.4770 54.4638 54.4505 54.5200 54.6417 54.7735 54.8262 54.8755 54.9114 54.9177 54.9042 54.9665 54.9828 55.0355 54.9529 55.0056 54.9829 55.0290 55.0327 55.0887 55.1151 55.1378 55.1115 55.0977 55.1141
54.1279 54.2697 54.2366 54.3645 54.3874 54.3049 54.2519 54.2127 54.1465 54.1959 54.3313 54.3610 54.3380 54.3908 54.5621 54.5054 54.4689 54.3301 54.3497 54.3722 54.4081 54.3682 54.4113 54.4111 54.2853 54.3085 54.3188 54.3352 54.2820 54.3742 54.3112 54.2942 54.2843 54.3929 54.4490 54.4975 54.5633 54.5501 54.4938 54.5106 54.5631 54.5727 54.4377 54.4641 54.4640 54.5167 54.6347 54.7567 54.8259 54.8488 54.8847 54.8779 54.8512 54.9304 54.9074 54.9601 54.9005 54.9531 54.9568 55.0161 55.0425 55.0553 55.0816 55.1771 55.1508 55.1106 55.1270
54.2237 54.2537 54.3260 54.3681 54.4208 54.2757 54.2754 54.1830 54.1394 54.1031 54.1925 54.2223 54.3013 54.4199 54.4594 54.4329 54.3797 54.3337 54.3167 54.2996 54.4182 54.4047 54.2989 54.3119 54.2256 54.1993 54.2488 54.2590 54.3113 54.2848 54.2186 54.2617 54.2913 54.4821 54.5086 54.5603 54.6127 54.6259 54.6554 54.6121 54.7110 54.6779 54.6390 54.6259 54.5992 54.6650 54.7343 54.8233 54.8524 54.8357 54.9016 54.8876 54.9006 54.9962 55.0581 55.1110 55.0517 55.0718 55.0096 55.0723 55.2042 55.2836 55.3100 55.2434 55.2629 55.2364 55.2364
54.1845 54.2635 54.2824 54.3018 54.3413 54.3280 54.3278 54.1693 54.1031 54.0504 54.1633 54.1829 54.2488 54.4334 54.4331 54.4067 54.3236 54.3165 54.3295 54.3256 54.4179 54.3781 54.2986 54.2984 54.1995 54.2691 54.2428 54.2592 54.3246 54.3113 54.2055 54.2319 54.3532 54.5243 54.5109 54.5733 54.6257 54.6521 54.6816 54.6419 54.7149 54.7017 54.6492 54.6361 54.6521 54.6520 54.6912 54.7404 54.7166 54.7989 54.9078 54.8613 54.9271 54.9964 55.0223 55.1052 55.0787 55.0953 55.0165 55.0987 55.2042 55.2402 55.2666 55.2756 55.2923 55.2824 55.2824
54.1810 54.2568 54.2266 54.3282 54.2751 54.2749 54.2480 54.1426 54.1856 54.0569 54.1434 54.1930 54.2623 54.4205 54.4334 54.4433 54.3996 54.3694 54.2930 54.3252 54.3647 54.3645 54.2756 54.2623 54.2520 54.3347 54.3909 54.3911 54.4040 54.3246 54.2781 54.3175 54.4457 54.5241 54.5075 54.6522 54.7178 54.7310 54.8432 54.8168 54.8070 54.7937 54.7479 54.7084 54.7020 54.6885 54.6452 54.6977 54.6412 54.7330 54.8844 54.9370 54.9663 54.9829 55.0259 55.1219 55.0820 55.1347 55.1021 55.1515 55.2833 55.2937 55.3069 55.3939 55.3842 55.4013 55.3968
54.1572 54.2593 54.1970 54.3055 54.2194 54.2854 54.2585 54.1531 54.2094 54.0938 54.1598 54.1956 54.2781 54.4363 54.4095 54.3798 54.2966 54.3925 54.2835 54.3157 54.3489 54.3619 54.2862 54.3125 54.2493 54.3247 54.3874 54.3774 54.3803 54.2745 54.2675 54.3334 54.4652 54.4745 54.4218 54.5967 54.7019 54.7019 54.7878 54.8008 54.7572 54.7308 54.7312 54.6917 54.6914 54.6912 54.6479 54.6872 54.6381 54.7628 54.9141 54.9404 54.9900 54.9934 55.0099 55.0986 55.0060 55.1181 55.1383 55.1746 55.2836 55.3071 55.3203 55.4139 55.3854 55.3610 55.3729
54.2040 54.2928 54.2268 54.2160 54.1630 54.1331 54.1231 54.0572 54.1097 54.0865 54.1430 54.1102 54.1730 54.3379 54.3735 54.3306 54.3169 54.3300 54.2864 54.3220 54.3484 54.3152 54.2394 54.2657 54.3345 54.5851 54.7109 54.6811 54.3873 54.2287 54.2087 54.2745 54.4327 54.5078 54.4511 54.5963 54.6063 54.6194 54.7282 54.7280 54.6353 54.6126 54.6920 54.6788 54.7344 54.6550 54.6285 54.6810 54.7335 54.8084 54.9137 54.9039 54.9868 55.0034 55.0032 55.0692 55.0461 55.1120 55.1649 55.1943 55.3297 55.2970 55.2838 55.4169 55.4111 55.4005 55.4123
54.1903 54.2956 54.2822 54.3217 54.2586 54.2389 54.1466 54.1631 54.1498 54.1101 54.2589 54.2783 54.3606 54.3210 54.3335 54.2674 54.3065 54.3423 54.2665 54.3192 54.3849 54.4047 54.6879 54.6879 54.7534 54.8588 54.5947 54.5945 54.5056 54.3242 54.2778 54.3173 54.3435 54.4186 54.3825 54.4615 54.4381 54.5009 54.6193 54.6457 54.5398 54.5398 54.4906 54.5298 54.5493 54.5130 54.4998 54.5392 54.5785 54.6669 54.8023 54.9044 54.8978 55.0133 54.9603 55.0263 55.0486 55.0748 55.1609 55.2763 55.3425 55.3519 55.4585 55.4427 55.4672 55.4638 55.4418
54.1379 54.2695 54.2430 54.2919 54.2489 54.2025 54.2189 54.1627 54.1362 54.0701 54.3112 54.2583 54.3344 54.2914 54.3632 54.2972 54.3199 54.3291 54.6586 54.7244 55.2578 55.1229 55.2250 55.2250 54.6214 54.5686 54.4137 54.4436 54.4234 54.4232 54.3570 54.3569 54.3567 54.4187 54.3789 54.4278 54.4546 54.4580 54.5796 54.6192 54.5793 54.5529 54.4377 54.4579 54.4774 54.4374 54.5264 54.6185 54.6314 54.6933 54.7818 54.9005 54.9436 55.0133 54.9867 55.0264 55.0921 55.0920 55.1553 55.2838 55.2659 55.2587 55.3624 55.3466 55.4477 55.4933 55.4911
54.1350 54.2760 54.2231 54.2758 54.2294 54.1795 54.1922 54.1130 54.1787 54.1521 54.2347 54.2216 54.2711 54.2149 54.3074 54.2544 54.3038 54.4185 54.7480 54.7215 55.2518 55.0998 55.3071 55.3071 54.5581 54.4790 54.4431 54.4729 54.4861 54.5254 54.4297 54.4198 54.4198 54.4288 54.4091 54.4448 54.4907 54.5171 54.5199 54.5297 54.4898 54.5030 54.3943 54.4211 54.4079 54.4046 54.4967 54.5758 54.6415 54.7333 54.7857 54.8417 54.8978 55.0025 55.0717 55.1113 55.2446 55.2823 55.2803 55.3690 55.4086 55.3821 55.4208 55.7677 55.8039 55.6511 55.6667
54.1113 54.2291 54.1629 54.2288 54.1893 54.1302 54.1400 54.0574 54.1627 54.1464 54.2027 54.2159 54.2511 54.2344 54.3331 54.2934 54.3196 54.4639 54.5956 54.5692 54.6455 54.7447 54.6355 54.6618 54.4072 54.3281 54.3185 54.3542 54.4690 54.4456 54.4455 54.4489 54.4785 54.4215 54.3490 54.3788 54.4548 54.5075 54.5305 54.5271 54.5235 54.4708 54.3489 54.3453 54.3748 54.3908 54.4630 54.5553 54.5947 54.7524 54.7954 54.8386 54.8876 54.9573 55.0566 55.1061 55.2260 55.2922 55.2960 55.3641 55.3773 55.2849 55.2710 55.7502 55.9088 55.7702 55.7702
