regresion/MAYO_2003/SeaWiFS/Composicion (Lt_555).txt
ncols         167
nrows         127
xllcorner     -112.016
yllcorner     26.725
cellsize      0.00898
[rows 58 to 86 of 127, columns 0 to 66 of 167]
32.7080 32.6704 32.6215 32.5855 32.4357 32.3306 32.2522 32.2144 32.2519 32.2516 32.2516 32.1952 32.1104 32.2076 32.2355 32.2167 32.2260 32.2446 32.2163 32.2162 32.2334 32.2691 32.2016 32.2405 32.2967 32.2310 32.2325 32.1852 32.1926 32.1400 32.1319 32.1399 32.1772 32.1772 32.1865 32.1479 32.1475 32.1739 32.2583 32.2677 32.2863 32.3064 32.3513 32.3712 32.3898 32.4386 32.4400 32.4573 32.4760 32.4275 32.4199 32.4372 32.5102 32.5650 32.7617 32.7365 32.7646 32.7457 32.7924 32.7266 32.7172 32.6174 32.6267 32.6267 32.6331 32.6912 32.7365
32.7533 32.7158 32.6480 32.6028 32.4976 32.4614 32.4129 32.3657 32.3658 32.3561 32.3373 32.2716 32.1980 32.2923 32.2435 32.2060 32.2153 32.1964 32.1681 32.1773 32.1283 32.2424 32.2499 32.2794 32.3075 32.2700 32.2714 32.2450 32.2430 32.1760 32.1492 32.1572 32.1758 32.1851 32.1851 32.1817 32.1548 32.1754 32.2597 32.2878 32.3158 32.3266 32.3751 32.3268 32.3887 32.4282 32.4202 32.4562 32.4655 32.4359 32.4526 32.4351 32.4553 32.5101 32.6974 32.6910 32.7003 32.7002 32.7362 32.7004 32.7267 32.6158 32.6345 32.6439 32.6690 32.7533 32.7437
32.7472 32.7585 32.6871 32.6589 32.5729 32.5273 32.4789 32.4690 32.4597 32.4106 32.3559 32.3464 32.3088 32.3825 32.3556 32.2716 32.2808 32.2902 32.2153 32.1870 32.2052 32.2820 32.3097 32.3642 32.2982 32.2887 32.3258 32.3070 32.3351 32.2398 32.2228 32.2041 32.2227 32.2306 32.1948 32.2229 32.1960 32.2148 32.2972 32.2799 32.3064 32.3265 32.3808 32.3419 32.3493 32.3793 32.4077 32.3781 32.4264 32.3983 32.4469 32.4687 32.4665 32.3898 32.5223 32.5143 32.6722 32.6440 32.7157 32.6574 32.5825 32.5204 32.6299 32.6861 32.7531 32.8094 32.7568
32.6802 32.7101 32.6740 32.5989 32.5577 32.5327 32.4393 32.4798 32.4798 32.3731 32.3277 32.2714 32.2244 32.3370 32.2916 32.2429 32.2323 32.2336 32.1588 32.1399 32.2128 32.2599 32.3346 32.3470 32.2998 32.2983 32.3542 32.2884 32.3447 32.2713 32.2525 32.2511 32.3148 32.3147 32.2037 32.1943 32.3427 32.3240 32.3723 32.3803 32.3817 32.4206 32.4656 32.4294 32.4181 32.4295 32.4576 32.3982 32.4074 32.3886 32.4466 32.4939 32.5198 32.5009 32.5664 32.5228 32.6446 32.6257 32.6520 32.6314 32.5763 32.4844 32.5750 32.6312 32.7247 32.7997 32.7922
32.6627 32.6669 32.6466 32.5825 32.5896 32.6365 32.5424 32.5780 32.5499 32.4839 32.3931 32.3086 32.2616 32.3966 32.3482 32.2715 32.2731 32.3200 32.2997 32.2620 32.3255 32.3438 32.3811 32.4203 32.3809 32.3620 32.3633 32.3256 32.3819 32.3279 32.2996 32.3185 32.4136 32.3933 32.2509 32.2509 32.4568 32.4081 32.4471 32.4392 32.4171 32.4466 32.4465 32.4370 32.4369 32.4565 32.4658 32.4173 32.4392 32.4003 32.4095 32.4470 32.4932 32.5208 32.6145 32.6350 32.6878 32.6516 32.6328 32.6233 32.5848 32.5492 32.5944 32.6412 32.7743 32.8400 32.8493
32.5036 32.5012 32.5184 32.4989 32.5250 32.5249 32.5411 32.5611 32.5049 32.5122 32.4026 32.3743 32.3368 32.4136 32.3776 32.2726 32.2636 32.3291 32.3746 32.3651 32.4754 32.4270 32.4286 32.4567 32.3995 32.4087 32.3724 32.3911 32.4192 32.3929 32.3269 32.3457 32.4042 32.4308 32.3447 32.3447 32.3613 32.2961 32.3897 32.3706 32.3407 32.3903 32.4090 32.4747 32.4840 32.4841 32.4746 32.4201 32.4593 32.4377 32.4187 32.4094 32.4526 32.5028 32.5871 32.6229 32.6785 32.6517 32.6330 32.6423 32.6201 32.6047 32.6722 32.7097 32.8240 32.8585 32.8209
32.4605 32.4712 32.4805 32.4902 32.5163 32.5613 32.6078 32.5965 32.5883 32.5993 32.5900 32.4947 32.5040 32.5621 32.5545 32.5082 32.5065 32.5548 32.5061 32.5074 32.6270 32.6925 32.6186 32.5886 32.5604 32.5789 32.5506 32.5117 32.4646 32.4290 32.4667 32.4671 32.4778 32.4667 32.4007 32.4021 32.3813 32.3640 32.4103 32.3897 32.4102 32.4934 32.5403 32.6045 32.6232 32.6143 32.6258 32.5977 32.5675 32.5690 32.5046 32.4968 32.5322 32.5898 32.6422 32.6797 32.7831 32.7361 32.7723 32.7815 32.7332 32.7168 32.7654 32.8105 32.8853 32.9804 32.9083
32.3962 32.4069 32.3993 32.4450 32.4697 32.5054 32.5519 32.5593 32.5512 32.5041 32.5117 32.4553 32.4927 32.5522 32.5540 32.5452 32.5623 32.6012 32.6310 32.6404 32.7131 32.7491 32.6564 32.6545 32.6714 32.6882 32.6693 32.5941 32.5752 32.5317 32.4664 32.4761 32.4867 32.4135 32.3664 32.3477 32.3455 32.3550 32.3920 32.4276 32.4352 32.4903 32.5558 32.5760 32.6041 32.6421 32.6629 32.6349 32.6644 32.6753 32.6563 32.6391 32.5794 32.6558 32.7362 32.7456 32.7892 32.7516 32.7330 32.6954 32.6859 32.7351 32.8212 32.9055 33.0366 33.0493 32.9663
32.4515 32.4277 32.4294 32.4631 32.5080 32.6018 32.5531 32.6093 32.6204 32.6015 32.6278 32.5620 32.5825 32.6219 32.6658 32.7045 32.7025 32.6823 32.7121 32.7401 32.7000 32.7562 32.7574 32.7872 32.8326 32.8134 32.7664 32.7006 32.6821 32.5810 32.5608 32.5230 32.5211 32.4479 32.4478 32.4680 32.4358 32.4748 32.5387 32.6062 32.5576 32.6153 32.6339 32.6700 32.6904 32.7098 32.7186 32.6905 32.7295 32.7768 32.7484 32.7578 32.6600 32.6881 32.7367 32.7367 32.8382 32.7537 32.7443 32.7444 32.7180 32.7742 32.8397 32.9240 32.9800 33.0286 33.0097
32.5173 32.5367 32.5023 32.5580 32.5458 32.6115 32.5696 32.6259 32.6334 32.6365 32.6552 32.6624 32.6923 32.6688 32.6846 32.6846 32.7110 32.7144 32.7797 32.7873 32.6909 32.7096 32.6827 32.6638 32.7585 32.8020 32.8317 32.8503 32.8318 32.6743 32.6259 32.6060 32.5515 32.5422 32.5606 32.5058 32.5018 32.5407 32.5702 32.6170 32.6527 32.6434 32.6433 32.5948 32.5590 32.6064 32.6142 32.5692 32.6441 32.7390 32.7389 32.7202 32.6787 32.6909 32.7096 32.7172 32.8485 32.7564 32.7161 32.7275 32.7480 32.7651 32.8198 32.8779 33.0276 33.0446 33.0380
32.5428 32.5549 32.6245 32.6729 32.6307 32.6119 32.6510 32.5956 32.5675 32.7362 32.7167 32.7014 32.7474 32.7521 32.7801 32.7908 32.8090 32.8434 32.9163 32.8993 32.8704 32.8798 32.7952 32.7749 32.7358 32.7764 32.8591 32.8684 32.8869 32.8137 32.8325 32.8071 32.7396 32.7209 32.6987 32.6550 32.6905 32.7093 32.7170 32.7264 32.7365 32.7162 32.6895 32.6145 32.6050 32.6070 32.6458 32.6173 32.7110 32.7781 32.7180 32.7292 32.6894 32.6426 32.6786 32.6495 32.7527 32.7056 32.8291 32.8310 32.8028 32.8213 32.8522 32.8504 32.9360 32.9641 33.0300
32.6034 32.5752 32.6916 32.7311 32.7369 32.7445 32.6976 32.6637 32.6648 32.7586 32.7467 32.7523 32.7533 32.7911 32.8003 32.7721 32.7981 32.8622 32.8900 32.8618 32.8688 32.8875 32.8216 32.7933 32.7370 32.6930 32.7089 32.7463 32.8509 32.7215 32.7309 32.7215 32.7574 32.7748 32.7948 32.7102 32.7550 32.7645 32.7268 32.7282 32.7295 32.7354 32.6607 32.6248 32.6341 32.6174 32.5705 32.5319 32.6522 32.7400 32.6643 32.6626 32.7073 32.6699 32.6511 32.6309 32.6880 32.6692 32.6915 32.6917 32.6729 32.7195 32.7476 32.7367 32.7852 32.7665 32.8583
32.8666 32.7686 32.6076 32.7098 32.7927 32.7802 32.7947 32.7122 32.7529 32.7356 32.6536 32.7663 32.8181 32.8127 32.8002 32.8002 32.8179 32.8598 32.8711 32.8804 32.8634 32.8558 32.7900 32.7683 32.6857 32.5999 32.6620 32.7578 32.8402 32.8120 32.7744 32.7369 32.7553 32.7769 32.9286 32.9179 32.9627 32.8897 32.8520 32.8130 32.7398 32.7537 32.6989 32.7009 32.7272 32.6709 32.6240 32.6444 32.7279 32.8155 32.7482 32.7201 32.6633 32.6540 32.6444 32.6054 32.6230 32.6121 32.6309 32.6249 32.6606 32.7636 32.7273 32.7381 32.7192 32.6548 32.6922
32.8999 32.7602 32.6266 32.7039 32.7773 32.7648 32.7795 32.7112 32.7231 32.7057 32.6791 32.7494 32.8293 32.8146 32.8021 32.7927 32.8104 32.8242 32.8786 32.8879 32.8803 32.8539 32.7882 32.7664 32.6838 32.6074 32.6639 32.7503 32.8327 32.8045 32.7669 32.7294 32.7478 32.7694 32.9173 32.8973 32.9515 32.8878 32.8501 32.8017 32.7099 32.6788 32.6913 32.6933 32.7103 32.6259 32.5602 32.5900 32.6735 32.6937 32.6620 32.6245 32.5678 32.5491 32.5770 32.5755 32.6230 32.6121 32.6328 32.6362 32.6718 32.7748 32.7385 32.7399 32.7192 32.6529 32.6904
32.7987 32.4101 32.5870 32.6659 32.7079 32.7295 32.7825 32.7447 32.7645 32.7539 32.6890 32.6730 32.6946 32.7241 32.8196 32.8102 32.7624 32.7485 32.7313 32.7501 32.7780 32.6731 32.8426 32.7863 32.7560 32.7090 32.6729 32.6729 32.7009 32.7682 32.6911 32.6270 32.7394 32.7769 32.7836 32.7775 32.8691 32.9236 32.8786 32.8115 32.7552 32.6817 32.7094 32.6539 32.6274 32.5726 32.5612 32.6270 32.6722 32.6158 32.5691 32.5317 32.4918 32.5184 32.5671 32.5484 32.6056 32.6055 32.6048 32.6054 32.6147 32.6538 32.6624 32.6331 32.5954 32.6252 32.6049
33.0475 32.6019 32.7417 32.7952 32.7152 32.6479 32.7372 32.7443 32.7745 32.8145 32.7181 32.6732 32.6733 32.6757 32.7444 32.7894 32.7416 32.7481 32.7682 32.7882 32.7655 32.7388 32.8204 32.7847 32.7577 32.7201 32.7383 32.6933 32.6650 32.7028 32.5866 32.5506 32.6536 32.7004 32.7676 32.6364 32.7731 32.7544 32.8423 32.7940 32.7658 32.7271 32.6801 32.6634 32.6276 32.6665 32.5878 32.5784 32.5702 32.5421 32.4949 32.4463 32.4538 32.5196 32.5589 32.5589 32.5963 32.6041 32.5101 32.5514 32.5232 32.5495 32.5676 32.5676 32.5591 32.6246 32.6336
32.7436 32.8743 32.9564 32.8334 32.6139 32.6571 32.7234 32.7327 32.7314 32.8311 32.8060 32.7535 32.7254 32.7856 32.7662 32.7646 32.7289 32.7045 32.7030 32.7140 32.7319 32.7337 32.6920 32.6434 32.6587 32.6772 32.6539 32.6184 32.6541 32.5317 32.4207 32.4114 32.3455 32.3549 32.3735 32.3731 32.6095 32.5316 32.5597 32.5017 32.4735 32.4735 32.3999 32.4299 32.5482 32.5777 32.5587 32.4949 32.4288 32.3725 32.3525 32.3341 32.3729 32.3528 32.3807 32.3884 32.3788 32.4457 32.3517 32.4175 32.5298 32.5579 32.5969 32.5969 32.6890 32.7077 32.7080
32.9202 32.8735 32.9895 32.7909 32.6718 32.6446 32.6696 32.6841 32.7011 32.7690 32.7468 32.7489 32.7212 32.7740 32.7749 32.7639 32.7282 32.6900 32.6884 32.6894 32.7182 32.7200 32.7801 32.7314 32.7459 32.7738 32.7466 32.6345 32.6637 32.5413 32.4210 32.4678 32.3645 32.3739 32.3925 32.4219 32.6004 32.4944 32.5132 32.4552 32.4270 32.4363 32.3785 32.3629 32.5106 32.5588 32.5210 32.4478 32.4382 32.3819 32.3551 32.3461 32.3632 32.3149 32.3429 32.3973 32.3785 32.4428 32.3394 32.4052 32.4920 32.5294 32.5873 32.5966 32.6715 32.6714 32.6825
33.1951 33.1446 33.1898 33.0055 32.9108 32.8560 32.7260 32.7010 32.7320 32.7841 32.8411 32.8836 32.8317 32.8472 32.8292 32.7828 32.7348 32.7067 32.7014 32.7485 32.7252 32.6970 32.7334 32.7146 32.7543 32.8010 32.7661 32.6540 32.6822 32.5415 32.4387 32.4575 32.3524 32.3243 32.2884 32.2975 32.2969 32.2764 32.3338 32.2700 32.2418 32.2322 32.2008 32.1947 32.2120 32.2325 32.2309 32.2947 32.3132 32.2743 32.2775 32.2869 32.1910 32.1529 32.1542 32.1277 32.1744 32.2294 32.2760 32.3155 32.4001 32.5125 32.4810 32.4997 32.5073 32.4792 32.4899
33.7710 33.6127 33.4764 33.2512 33.0794 33.0449 32.9435 32.9087 32.9112 32.8869 32.8076 32.8632 32.7835 32.8765 32.8556 32.8083 32.7187 32.6999 32.6853 32.7231 32.6875 32.7062 32.7636 32.7153 32.8375 32.8169 32.8194 32.6543 32.6825 32.5229 32.5678 32.5411 32.4660 32.3366 32.3007 32.2976 32.2783 32.1677 32.1675 32.2036 32.2579 32.2484 32.2653 32.2136 32.1746 32.1447 32.1819 32.1819 32.2505 32.2771 32.2226 32.2399 32.1441 32.1283 32.2125 32.2405 32.2278 32.2558 32.3601 32.3714 32.3775 32.4337 32.4335 32.4446 32.4912 32.4630 32.5180
34.0444 33.9233 33.8211 33.5803 33.3374 33.2530 33.0732 32.9896 32.9990 32.9801 32.9179 32.9602 32.9623 32.9694 32.9974 32.9973 33.0155 32.9967 32.8897 32.8803 32.8598 32.8223 32.8315 32.8145 32.8125 32.7537 32.6348 32.5980 32.6369 32.6086 32.6272 32.5633 32.4994 32.3354 32.3165 32.2885 32.3331 32.2582 32.2299 32.1718 32.2373 32.2025 32.2493 32.2591 32.2605 32.2792 32.2714 32.2152 32.2451 32.2499 32.1278 32.1103 32.0986 32.0971 32.1701 32.1810 32.2463 32.2477 32.2369 32.2575 32.2575 32.2978 32.2509 32.2696 32.3151 32.2853 32.4256
34.6830 34.3642 34.1610 33.8262 33.5749 33.3695 33.1939 33.0353 33.0435 32.9870 33.0166 33.0037 33.0208 33.0973 33.1253 33.0784 33.0595 33.0876 33.0377 33.0863 33.0967 33.0013 33.0199 32.9825 32.9524 32.8960 32.7472 32.6460 32.6646 32.6741 32.7020 32.6627 32.5706 32.5301 32.3819 32.3819 32.2940 32.2674 32.2672 32.2597 32.2014 32.2043 32.1650 32.1964 32.2245 32.2244 32.2116 32.2492 32.2602 32.2403 32.1558 32.1465 32.1615 32.2005 32.2583 32.2598 32.2953 32.2855 32.2761 32.2405 32.2323 32.3039 32.2476 32.2289 32.1994 32.1823 32.3790
38.3702 34.7327 34.4508 33.9190 33.6915 33.6337 33.2997 33.1690 33.1591 33.0144 33.0519 33.1048 33.1083 33.2284 33.1537 33.1162 33.1424 33.1892 33.1218 33.1344 33.0934 33.0856 33.0648 33.0197 32.9634 32.9163 32.8021 32.7010 32.7196 32.6460 32.7024 32.6912 32.6065 32.5675 32.3925 32.4113 32.3248 32.3060 32.2947 32.2590 32.2026 32.2134 32.1727 32.2121 32.2589 32.3045 32.3058 32.3247 32.2775 32.1934 32.1760 32.1573 32.2315 32.2395 32.2203 32.2312 32.2873 32.2653 32.2464 32.1920 32.2281 32.2557 32.1825 32.1731 32.1339 32.1651 32.3619
59.9353 50.0597 35.8027 34.8310 33.6624 33.8956 33.4989 33.4016 33.3566 33.1758 33.0808 33.1857 33.1852 33.1413 33.0853 33.1040 33.2074 33.2561 33.2006 33.1504 33.1013 33.0749 33.0461 33.0272 32.9724 32.9236 32.8317 32.7414 32.7319 32.6553 32.7117 32.6649 32.6570 32.6649 32.5240 32.4083 32.3687 32.2966 32.2384 32.2212 32.2285 32.2285 32.2754 32.1961 32.2149 32.2699 32.2702 32.2799 32.2984 32.2421 32.2024 32.2101 32.2286 32.2473 32.2185 32.2463 32.2930 32.3398 32.2759 32.2589 32.2308 32.1275 32.1827 32.1845 32.2498 32.2216 32.3569
80.9605 69.6113 43.5088 39.4837 38.6514 35.0329 34.5793 33.6038 33.5345 33.2611 33.1321 33.1029 33.2401 33.1669 33.1929 33.1474 33.2376 33.2826 33.2755 33.2568 33.1775 33.1039 33.0914 33.0444 32.8960 32.8882 32.8412 32.8338 32.7588 32.6354 32.6945 32.6196 32.5425 32.5878 32.5688 32.5237 32.4916 32.3776 32.2837 32.2384 32.1932 32.1651 32.2681 32.3057 32.2793 32.2793 32.2526 32.2682 32.2305 32.1929 32.1720 32.1926 32.2266 32.2656 32.2639 32.2860 32.2950 32.3043 32.2276 32.2012 32.2121 32.1371 32.1463 32.1352 32.2381 32.2286 32.2658
92.7473 80.6190 67.4293 56.0221 52.1677 44.9735 42.4784 40.4794 37.2874 33.8384 33.0088 33.2479 33.2695 33.1285 33.0485 33.1123 33.2337 33.2232 33.2891 33.2197 33.1761 33.0650 33.0476 33.0288 32.8975 32.9067 32.8017 32.8037 32.7773 32.5712 32.6086 32.5602 32.4474 32.4474 32.4284 32.4564 32.4356 32.4258 32.3695 32.3054 32.2303 32.2191 32.2379 32.2867 32.3183 32.2951 32.2871 32.3154 32.2402 32.1951 32.1835 32.2023 32.1514 32.1839 32.2291 32.2385 32.2551 32.2738 32.2175 32.1912 32.2196 32.1809 32.2010 32.1917 32.2589 32.2401 32.2848
99.3119 93.0841 85.5396 76.7765 74.0377 72.4486 60.3111 48.9806 42.0059 33.9709 33.1708 33.3607 33.2792 33.1665 33.0258 33.1137 33.2860 33.1757 33.2361 33.1441 33.0904 32.9705 32.9140 32.9421 32.9448 32.9633 32.8134 32.7872 32.7401 32.5975 32.6069 32.5410 32.4657 32.4563 32.4636 32.4635 32.4164 32.4557 32.3979 32.3807 32.3337 32.3506 32.3149 32.2982 32.1652 32.1636 32.1836 32.2211 32.1741 32.1852 32.1903 32.1997 32.1996 32.1248 32.1918 32.1354 32.0958 32.1895 32.2193 32.2212 32.2179 32.3037 32.2847 32.2660 32.2958 32.2488 32.2655
105.5363 104.8815 101.2728 97.9844 96.3405 93.7104 79.0167 64.6579 48.4682 33.3418 33.4058 33.2994 33.5949 33.4723 33.1890 33.2059 33.2585 33.1640 33.2130 33.0508 32.9241 32.9072 32.8380 32.8419 32.8555 32.8929 32.7951 32.7503 32.7018 32.5898 32.5348 32.5603 32.4569 32.4662 32.4792 32.4886 32.4509 32.4449 32.4257 32.3709 32.3333 32.3444 32.3556 32.3560 32.2136 32.1386 32.1571 32.1760 32.1463 32.1445 32.1026 32.0761 32.0759 32.1431 32.1537 32.1912 32.1647 32.1927 32.2117 32.2043 32.2493 32.2774 32.3132 32.2945 32.3114 32.2176 32.2826
106.8489 105.5332 104.2163 101.5954 101.9221 97.8472 88.6676 77.9257 59.8183 38.0156 33.2767 33.5500 34.4141 34.1719 33.3918 33.3014 33.3099 33.1974 33.2090 33.0178 32.8355 32.8048 32.7841 32.8026 32.7937 32.7746 32.6652 32.5952 32.5756 32.5983 32.4755 32.4742 32.4160 32.5112 32.4808 32.4639 32.5200 32.4841 32.4002 32.3065 32.3458 32.3631 32.3800 32.3429 32.3429 32.3054 32.2133 32.1918 32.1709 32.1536 32.0968 32.0702 32.0512 32.0398 32.0397 32.0801 32.1366 32.2489 32.2455 32.2663 32.2849 32.3335 32.3602 32.3508 32.4145 32.3787 32.3312
