regresion/MAYO_2003/SeaWiFS/Composicion (Lt_555).txt
ncols         167
nrows         127
xllcorner     -112.016
yllcorner     26.725
cellsize      0.00898
[rows 0 to 28 of 127, columns 0 to 66 of 167]
32.0889 32.0606 32.2126 32.2499 32.2376 32.2080 32.1515 32.0843 32.0655 32.0261 32.1385 32.1548 32.2234 32.1402 32.1026 32.1604 32.0681 32.0306 32.0589 32.0195 31.9729 31.9822 31.9619 31.9041 31.9510 31.9493 32.2304 32.2109 31.9307 31.8088 31.8384 31.9148 31.9445 32.0274 31.8340 31.9075 31.9431 32.0462 32.0619 32.0525 32.1256 32.2283 32.3050 32.1903 32.1637 32.2012 32.2025 32.1368 32.1853 32.1590 32.0370 32.0651 32.0914 32.2226 32.2847 32.4457 32.5171 32.6216 32.7809 32.7976 33.0618 33.3896 33.6723 34.1425 34.4913 34.9035 34.8288
32.0595 32.0390 32.1628 32.2357 32.2060 32.2356 32.1805 32.1133 32.0944 32.0286 32.1317 32.1594 32.1889 32.2062 32.1672 32.2437 32.2546 32.0952 32.0170 31.9700 31.8775 31.9056 32.1510 32.0932 32.0743 32.0726 32.2745 32.2517 32.1954 32.0453 32.0155 32.0827 31.9902 32.0730 31.9401 31.9790 32.2321 32.3352 32.4665 32.4665 32.5303 32.5522 32.5803 32.7563 32.7562 32.4091 32.4105 32.3701 32.2496 32.2384 32.3041 32.3433 32.3713 32.4745 32.4914 32.5974 32.6163 32.6911 32.8880 32.8015 32.9515 32.9326 33.1012 33.3935 34.1953 34.4858 34.7423
32.0873 32.1122 32.2059 32.2339 32.1418 32.1308 32.1105 32.0636 32.0635 32.0196 32.0604 32.0487 32.0281 32.0012 32.0307 32.0307 32.0196 31.9899 31.9601 31.9132 31.8480 31.8292 32.1294 32.1373 32.1199 32.1887 32.2842 32.1784 32.1314 32.0563 32.1138 32.0294 31.8977 31.9305 31.8182 31.8762 32.1089 32.1745 32.3418 32.3541 32.4026 32.4025 32.4865 32.6734 32.6639 32.3449 32.3073 32.2792 32.2568 32.2475 32.2681 32.2948 32.3697 32.4180 32.3521 32.5007 32.6258 32.6538 32.8803 32.7751 32.8407 32.9529 33.0359 33.1764 33.4763 33.8139 34.2165
31.9979 32.0339 32.0277 32.0575 32.0780 32.0200 32.0214 32.0416 32.0510 31.9852 31.8728 31.8220 31.7919 31.7463 31.8572 31.8759 31.8819 31.8538 31.9415 31.9057 32.3002 32.2346 32.1031 32.1607 32.1545 32.2482 32.2638 32.1673 32.3459 32.2707 32.1293 32.0904 32.0227 32.0212 32.0262 32.1687 32.0917 32.0261 32.0164 31.9429 31.9365 31.9631 32.0437 32.3525 32.3431 32.3711 32.3242 32.3120 32.2726 32.3414 32.5608 32.5781 32.3151 32.4290 32.3726 32.4491 32.4883 32.4754 32.6721 32.7639 32.8483 32.9979 33.0996 33.1933 33.4900 33.7951 34.1790
32.0219 32.0391 31.9846 31.9720 31.9794 31.9523 31.9977 31.9898 31.9820 31.9348 31.8973 31.8608 31.8249 31.7203 31.6091 31.6278 31.6994 31.7463 31.8887 31.8761 32.3260 32.1760 32.0741 32.0538 32.0648 32.2055 32.1884 32.1238 32.3023 32.2353 32.0939 32.0189 31.9230 31.9230 32.0529 32.1072 32.0804 32.1475 32.0723 31.9223 31.9505 31.8755 31.9741 32.3452 32.3639 32.3999 32.3904 32.3810 32.3900 32.2962 32.5480 32.5103 32.2942 32.3987 32.1923 32.3141 32.4456 32.5110 32.5897 32.6909 32.7643 32.8579 32.9797 33.1203 33.6446 33.6050 33.7831
32.0182 32.0355 31.9997 31.9420 31.9887 31.9357 31.9831 31.9749 31.9764 31.9479 31.8354 31.8629 31.8141 31.7840 31.6333 31.6333 31.6865 31.7333 31.8474 31.8365 32.3074 32.1672 32.0952 32.1045 32.1059 32.2372 32.2090 32.1799 32.1688 32.0838 32.1663 32.0884 31.9755 31.9943 32.0884 32.1463 32.0811 32.1388 32.0652 31.9153 31.9260 31.8416 31.9365 32.3172 32.2682 32.3807 32.3507 32.3507 32.3772 32.2647 32.5277 32.5126 32.3229 32.3900 32.1759 32.2134 32.4024 32.4584 32.5612 32.6886 32.7729 32.8195 32.9303 33.1083 33.4549 33.5095 33.4406
32.1468 32.1655 32.1298 32.1391 32.0280 32.0031 31.9667 31.9303 31.9304 31.8737 31.7425 31.7498 31.6916 31.7200 31.6685 31.6310 31.6858 31.7139 32.0251 31.9875 32.1300 32.0358 31.9930 31.9929 31.9850 31.8911 31.9191 31.8967 31.8747 31.7921 31.8824 31.8717 31.6649 31.6930 31.8073 31.9416 31.9772 32.0082 32.0660 31.9910 32.0299 31.8986 31.8984 32.0323 32.0058 32.0606 32.0681 32.0681 32.0009 31.8790 31.8433 31.8278 32.0181 32.0912 32.0365 32.0927 32.1880 32.2722 32.3813 32.5106 32.4905 32.4997 32.6761 32.9103 33.2850 33.3866 33.3266
32.1700 32.1887 32.2093 32.1734 32.0795 32.0213 31.9181 31.8339 31.8793 31.7287 31.6912 31.6798 31.6702 31.6326 31.6136 31.5570 31.6239 31.5863 31.8321 31.8509 31.9634 31.9540 31.9076 31.8982 31.9154 31.8308 31.7838 31.7910 31.7877 31.7143 31.8651 31.9214 31.9322 32.0071 31.8303 31.8958 31.8787 31.9429 31.9989 31.9520 32.0081 31.9786 31.9317 32.0219 32.0217 32.0133 32.0694 32.0037 31.9113 31.9019 31.9411 31.9614 32.0068 32.0728 32.0914 32.1008 32.0899 32.1553 32.1912 32.3112 32.5156 32.4435 32.5560 32.6684 32.9119 32.9789 33.2637
32.1183 32.1370 32.0919 32.0467 32.0092 31.9621 31.8902 31.7821 31.8275 31.6489 31.6583 31.6093 31.6076 31.5606 31.5384 31.5553 31.7413 31.7037 31.7996 31.8276 31.9621 31.9638 31.8704 31.8811 31.9106 31.8427 31.8036 31.6346 31.6797 31.6591 31.8165 31.7884 31.9840 31.9933 31.7789 31.8178 31.7725 31.7744 31.8131 31.7663 31.8412 31.9269 31.9831 31.9889 31.9853 31.9473 31.9457 31.8894 31.8799 31.8986 31.8910 31.8816 31.8913 31.9605 32.0369 32.0636 32.0166 32.0070 32.0553 32.0814 32.2635 32.3291 32.3760 32.5072 32.6772 32.7506 33.1369
32.1405 32.1122 32.0578 32.0405 32.0030 31.9279 31.8712 31.7319 31.7489 31.6454 31.6642 31.6246 31.6025 31.5555 31.5272 31.5279 31.6872 31.6697 31.7485 31.7766 31.9374 31.9187 31.8055 31.7864 31.8145 31.7732 31.7699 31.5915 31.6196 31.6195 31.7610 31.7047 31.7999 31.7999 31.7656 31.7670 31.7669 31.7399 31.8332 31.7939 31.8501 31.9048 31.9779 31.9181 31.9274 31.9085 31.9558 31.9558 31.8993 31.9116 31.9150 31.9150 31.9617 32.0270 32.0734 32.0813 32.0062 31.9779 32.0028 32.0477 32.1227 32.3015 32.3766 32.6015 32.8467 32.8747 33.1220
32.0465 32.0164 31.9620 31.9167 31.8524 31.8054 31.6834 31.6100 31.6117 31.6269 31.6082 31.6080 31.5858 31.5671 31.5200 31.4635 31.5177 31.5363 31.6165 31.6351 31.5413 31.5506 31.5396 31.5698 31.5603 31.8318 31.8190 31.8001 31.8376 31.7810 31.8449 31.8833 31.9397 31.8755 31.6991 31.6804 31.6896 31.6709 31.6507 31.7653 31.8215 31.8475 31.9206 31.8830 31.8828 31.9202 31.9084 31.9568 31.9111 31.9283 31.9411 31.9412 31.9972 32.0613 31.9692 31.9882 31.9866 31.9283 32.0310 32.0122 32.1715 32.4693 32.6207 32.6394 32.6595 32.6033 32.9413
32.0367 32.0651 31.9548 31.9359 31.8622 31.7872 31.6933 31.5543 31.5605 31.5015 31.5030 31.4934 31.4918 31.5479 31.5009 31.4804 31.5197 31.4741 31.5982 31.6263 31.5511 31.5605 31.5509 31.5714 31.5804 31.8296 31.8187 31.7717 31.8186 31.7619 31.8445 31.8149 32.0909 32.1003 32.4044 32.3294 31.7840 31.7559 31.7179 31.8227 31.8673 31.9307 31.9574 32.0696 31.9946 31.9759 31.9929 32.0325 31.8933 31.8918 31.9510 31.9416 31.9789 32.0164 31.9788 32.0722 32.0047 32.0416 32.0415 32.0400 32.3492 32.7706 33.2839 33.0613 32.9788 32.8650 32.9435
31.8873 31.9293 31.8543 31.7712 31.6679 31.6210 31.6021 31.5738 31.5630 31.5281 31.4722 31.4613 31.4424 31.4610 31.4327 31.4421 31.4292 31.3912 31.3930 31.3850 31.3662 31.3849 31.4128 31.4034 31.3890 31.5266 31.4877 31.6376 31.6939 31.6749 31.8247 31.8636 32.0735 32.0079 32.4730 32.4730 31.8055 31.7398 31.6832 31.7362 31.7535 31.8356 31.9452 32.0481 32.0199 31.9823 31.9636 31.9289 31.8085 31.8554 31.9441 31.9910 31.9252 31.9237 31.9235 32.0068 32.0237 32.0217 32.1607 32.1592 32.6760 33.0320 33.2038 33.1922 32.9692 32.8396 32.7121
31.8779 31.9167 31.8324 31.7586 31.6554 31.6178 31.6083 31.5689 31.5502 31.5313 31.4754 31.4738 31.4549 31.4829 31.4752 31.4751 31.4494 31.4274 31.3993 31.3913 31.3911 31.3911 31.4284 31.4190 31.4175 31.5299 31.5002 31.6501 31.6501 31.6499 31.8015 31.8404 31.7930 31.7163 31.8776 31.8870 32.0844 32.0094 31.7065 31.7707 31.7538 31.8265 31.8074 31.9291 31.9667 31.9291 31.9215 31.9039 31.7988 31.8550 31.9879 32.0254 31.9596 31.9581 31.9281 32.0130 32.0521 32.0408 32.1891 32.1905 32.6605 33.0258 33.1694 33.1655 32.9407 32.7360 32.6256
31.8119 31.8132 31.8748 31.8559 31.6761 31.6761 31.5916 31.5242 31.4945 31.5393 31.5452 31.4888 31.4606 31.4055 31.3977 31.3696 31.3614 31.3696 31.3951 31.3937 31.3935 31.3841 31.4668 31.4761 31.4651 31.5189 31.5155 31.6199 31.6293 31.6197 31.7152 31.8571 31.8179 31.7634 31.9265 31.7578 31.9646 31.9444 31.6696 31.7539 31.7348 31.7121 31.7197 31.8521 31.9553 31.8161 31.8553 31.7695 31.9022 31.9134 31.9634 32.0275 32.0632 32.0351 31.9770 32.0347 32.0609 32.0478 32.0118 31.9260 32.3021 32.9577 32.9875 32.6976 32.9339 32.6807 32.5485
31.7935 31.7761 31.7326 31.7119 31.7212 31.7381 31.6926 31.6832 31.6161 31.5310 31.5559 31.5107 31.4918 31.3966 31.3981 31.3794 31.4181 31.3820 31.4104 31.4291 31.4290 31.4303 31.5489 31.5676 31.5770 31.5908 31.5471 31.6783 31.6799 31.5377 31.5469 31.6326 31.6618 31.7384 31.7290 31.6995 31.8103 31.6977 31.8291 31.9416 31.6938 31.7030 31.7121 31.7977 31.9213 31.9400 31.9119 31.8932 31.9242 32.0629 31.9427 32.0069 32.0503 32.0143 31.9579 32.0048 32.0126 31.9901 32.0480 32.0026 32.1650 32.3883 32.4820 32.7665 32.6167 32.6427 32.5492
31.6932 31.6557 31.6213 31.6835 31.6664 31.6927 31.6724 31.6709 31.6428 31.5361 31.5112 31.4829 31.4810 31.4621 31.4089 31.4103 31.3725 31.3523 31.3930 31.4100 31.4759 31.4384 31.4727 31.4913 31.5288 31.6392 31.6128 31.7141 31.7265 31.5294 31.6524 31.6337 31.6335 31.6428 31.6887 31.6919 31.8121 31.8950 31.9406 31.9594 31.7054 31.7701 31.7979 31.7883 31.8839 31.9869 31.9695 31.9602 31.8177 31.9833 31.9118 31.9400 31.9489 31.8738 31.9378 32.0033 32.0595 32.0045 32.0415 32.0602 32.3510 32.4085 32.3805 33.0457 32.3774 32.4430 32.6229
31.6088 31.6182 31.6372 31.6652 31.6461 31.6459 31.6068 31.5958 31.6239 31.5562 31.5187 31.4886 31.4920 31.4732 31.3621 31.3728 31.3444 31.3257 31.4307 31.4699 31.5117 31.4929 31.5478 31.5664 31.5757 31.5923 31.5812 31.5736 31.5672 31.6045 31.7370 31.7277 31.6336 31.6523 31.6650 31.6898 31.8681 31.9603 31.9966 32.0154 31.7520 31.8905 31.8814 31.8074 31.8184 31.8839 31.9323 31.9229 31.8947 32.0542 31.9617 31.9880 31.9301 31.8926 31.9470 32.0314 32.1061 32.1588 32.2650 32.2931 32.3976 32.5114 32.4365 32.4178 32.4274 32.4723 32.6540
31.5435 31.5623 31.5626 31.5607 31.5791 31.5865 31.5943 31.5941 31.6128 31.5184 31.4902 31.4900 31.4872 31.4590 31.3559 31.3464 31.3462 31.3823 31.4591 31.5060 31.5461 31.5273 31.5179 31.5754 31.5660 31.5920 31.6684 31.6888 31.6452 31.6170 31.6637 31.7561 31.6620 31.6714 31.6917 31.6571 31.8354 31.8447 31.9762 31.9588 31.7049 31.8355 31.8357 31.7543 31.7559 31.8215 31.9997 31.9903 31.8950 32.0152 31.9695 31.9941 31.8800 31.8988 31.9187 32.0045 32.1449 32.1975 32.2588 32.2869 32.3727 32.5507 32.4087 32.3900 32.4652 32.5101 32.6602
31.6525 31.6601 31.6366 31.6365 31.6256 31.5803 31.5336 31.5709 31.5897 31.5784 31.5409 31.5502 31.5123 31.5479 31.4915 31.4540 31.4820 31.5115 31.5490 31.5209 31.5868 31.5698 31.6259 31.5976 31.5975 31.7346 31.7565 31.8047 31.8407 31.7341 31.6494 31.6307 31.5647 31.6035 31.6130 31.5818 31.7068 31.6898 31.7085 31.6992 31.8135 31.8301 31.8029 31.8202 31.8446 31.9195 31.9100 31.8912 31.9396 31.8537 31.8711 31.9104 31.9977 32.0071 31.9412 31.9989 32.1114 32.1107 32.1388 32.1650 32.5741 32.6959 32.8833 32.4991 32.4488 32.4769 32.6493
31.6824 31.6712 31.6650 31.6166 31.6166 31.5712 31.4850 31.5411 31.5598 31.5392 31.5594 31.5405 31.5010 31.5402 31.5120 31.4838 31.4931 31.5602 31.5775 31.5854 31.6073 31.5961 31.6241 31.6052 31.6052 31.7422 31.7547 31.8281 31.8295 31.6965 31.6418 31.6043 31.5196 31.5757 31.5945 31.5865 31.6788 31.6693 31.7068 31.6989 31.8038 31.8097 31.7794 31.7886 31.8070 31.8650 31.8742 31.8821 31.9399 31.8648 31.8568 31.8737 31.9876 32.0721 31.9874 31.9781 32.0344 32.0606 32.0967 32.1265 32.2762 32.4729 32.4153 32.4527 32.4149 32.4055 32.4816
31.7667 31.7290 31.6652 31.5808 31.5699 31.5773 31.5005 31.5038 31.4945 31.5017 31.5983 31.5700 31.5591 31.5979 31.6089 31.5977 31.5865 31.5583 31.5666 31.5479 31.5853 31.5180 31.5852 31.6133 31.5960 31.7064 31.7372 31.7948 31.8027 31.7200 31.6712 31.6337 31.5567 31.5833 31.5744 31.6009 31.6679 31.6866 31.7052 31.7161 31.7741 31.7813 31.8576 31.9247 31.8778 31.9602 31.9489 31.9568 31.9211 31.9023 31.9663 31.8992 32.0096 32.0144 32.0345 31.9783 32.0719 31.9027 32.1010 32.1102 32.3913 32.5773 32.3679 32.3960 32.4428 32.4506 32.3761
31.7950 31.7278 31.7277 31.6323 31.5305 31.5603 31.5413 31.4867 31.4774 31.5127 31.5704 31.5890 31.5716 31.6246 31.6150 31.6413 31.5460 31.4993 31.4917 31.5025 31.5478 31.5305 31.5585 31.5772 31.5894 31.6905 31.6903 31.7544 31.7262 31.6322 31.6023 31.6495 31.6589 31.6121 31.5742 31.5944 31.6333 31.6863 31.7160 31.7268 31.7941 31.8202 31.8952 31.9202 31.8275 31.8840 31.9366 31.9928 32.0489 31.9551 31.9303 31.8850 31.9503 31.9127 31.9330 31.8956 32.0453 32.0151 32.0121 32.0307 32.2822 32.4055 32.3100 32.2912 32.2744 32.4243 32.4351
31.6387 31.6090 31.6557 31.6462 31.5336 31.5648 31.4961 31.5019 31.5300 31.4999 31.6044 31.6230 31.6027 31.6228 31.6040 31.6151 31.5684 31.5496 31.4857 31.4669 31.5058 31.5026 31.5416 31.5662 31.6049 31.6872 31.7527 31.7151 31.6869 31.6319 31.6395 31.6773 31.6808 31.6527 31.6242 31.5493 31.6039 31.6398 31.6957 31.7346 31.8190 31.7606 32.0704 32.0264 31.7914 31.8666 31.9663 32.0149 32.0428 31.9678 31.9508 31.8946 31.9494 31.8910 31.8924 31.8454 32.0234 32.1338 32.0962 32.1149 32.3394 32.4147 32.3321 32.3227 32.3340 32.4652 32.4276
31.6744 31.6617 31.6803 31.6802 31.5582 31.5800 31.4926 31.4363 31.4662 31.4941 31.5986 31.6265 31.6250 31.6545 31.6263 31.5888 31.5293 31.5105 31.5103 31.4821 31.5773 31.5742 31.5287 31.5399 31.5991 31.7001 31.7656 31.7093 31.6905 31.6167 31.6149 31.6397 31.6398 31.5929 31.6114 31.5739 31.5817 31.6287 31.6863 31.7475 31.8132 31.7267 32.0365 32.0112 31.8043 31.8778 31.9850 32.0395 32.0318 31.9380 31.9284 31.8816 31.9271 31.8254 31.8660 31.8302 31.9988 32.1561 32.0998 32.1372 32.3617 32.3958 32.2816 32.2629 32.2553 32.3584 32.3865
31.5852 31.5963 31.6056 31.5697 31.4758 31.5024 31.5052 31.4677 31.4691 31.5813 31.5982 31.6355 31.6056 31.6256 31.5946 31.5852 31.5462 31.5573 31.5290 31.5009 31.5949 31.5592 31.5524 31.5337 31.5633 31.6813 31.7000 31.6906 31.6794 31.6319 31.6304 31.5744 31.6026 31.5651 31.6024 31.6024 31.6133 31.5962 31.7380 31.7303 31.8223 31.7827 31.9985 31.9219 31.8354 31.8605 31.9461 31.9837 31.9571 31.8821 31.8368 31.8196 31.8679 31.7662 31.8302 31.8769 32.0080 32.1560 32.0134 32.0509 32.3851 32.2805 32.3833 32.3852 32.3683 32.4058 32.3604
31.5246 31.4683 31.4852 31.4961 31.4304 31.4130 31.5052 31.5693 31.5894 31.6888 31.7281 31.7561 31.7355 31.6306 31.6320 31.5866 31.6355 31.6243 31.6522 31.6147 31.6164 31.5882 31.5332 31.5411 31.5486 31.6140 31.5951 31.6606 31.6682 31.6867 31.6402 31.5838 31.6119 31.6511 31.6133 31.6133 31.6148 31.6535 31.6909 31.7176 31.7833 31.7905 31.9407 31.9017 31.8340 31.7885 31.8712 31.8601 31.9025 31.8462 31.9040 31.8773 31.9226 31.8475 31.8755 31.9709 32.1002 32.0045 32.1151 32.1431 32.2729 32.2368 32.2931 32.3680 32.4448 32.4636 32.3431
31.4401 31.4230 31.3993 31.4367 31.3710 31.3882 31.4647 31.5114 31.5690 31.7354 31.7670 31.7200 31.7200 31.6462 31.5884 31.6056 31.5980 31.5948 31.6414 31.6601 31.6239 31.5770 31.5395 31.5393 31.5674 31.5703 31.5685 31.6059 31.6044 31.6323 31.6978 31.6226 31.6320 31.6101 31.6022 31.6505 31.6973 31.7441 31.7162 31.7443 31.8041 31.7752 31.7734 31.7624 31.7811 31.7060 31.8072 31.8351 31.9198 31.8369 31.8553 31.8460 31.9583 31.9036 31.9114 31.9787 32.1600 32.0830 32.1452 32.1732 32.3888 32.2371 32.2761 32.3194 32.4355 32.3887 32.3230
31.4648 31.4383 31.3916 31.4777 31.4589 31.4869 31.5742 31.5928 31.6287 31.7201 31.7388 31.6975 31.6881 31.6692 31.6289 31.6101 31.6227 31.6494 31.6620 31.6637 31.6743 31.6275 31.5913 31.6006 31.5804 31.6077 31.5930 31.6398 31.6100 31.6473 31.7019 31.6566 31.6396 31.6007 31.5682 31.6071 31.6258 31.6445 31.6629 31.7285 31.7473 31.7636 31.7039 31.6835 31.7116 31.6928 31.7507 31.7493 31.8357 31.7939 31.8218 31.8405 31.9622 31.8947 31.9322 31.9616 32.1768 32.0980 32.2072 32.2165 32.3476 32.1991 32.1991 32.3022 32.4187 32.3830 32.2987
