regresion/MAYO_2003/SeaWiFS/Composicion (Lt_555).txt
ncols         167
nrows         127
xllcorner     -112.016
yllcorner     26.725
cellsize      0.00898
[rows 29 to 57 of 127, columns 67 to 133 of 167]
32.3748 32.4481 32.6355 32.6996 32.7538 32.8274 32.8707 32.8238 32.8705 32.8329 32.9281 32.9014 32.9029 33.0191 33.0769 33.3676 33.3019 33.3831 33.4580 33.3828 33.5514 33.6309 33.5257 33.5819 33.5724 33.4897 33.4628 33.4891 33.6145 33.7040 33.7040 33.6570 33.4849 33.5317 33.5594 33.4280 33.3958 33.4974 33.4113 33.3938 33.3577 33.1982 33.1886 33.1586 32.9858 33.0344 33.0640 33.0330 33.1924 33.3049 33.2598 33.3779 33.2615 33.2977 33.2504 33.2614 33.3001 33.5342 33.5136 33.2340 33.2356 33.1814 33.2334 33.1569 33.0726 33.1211 33.1788
32.3625 32.4373 32.5981 32.7372 32.7913 32.8369 32.7954 32.8268 32.8641 32.8265 32.9467 32.9106 32.9327 32.9928 33.0927 33.3741 33.3084 33.3928 33.5987 33.5142 33.5778 33.5742 33.5285 33.6035 33.6408 33.5659 33.4438 33.5001 33.5769 33.6387 33.6167 33.5323 33.5788 33.6162 33.4940 33.3606 33.3284 33.4520 33.4425 33.3671 33.3123 33.2355 33.1885 33.1885 33.1828 33.0406 33.1265 33.1061 33.2390 33.3233 33.2670 33.3102 33.2048 33.2631 33.2159 33.2268 33.1317 33.1222 33.1127 33.0581 33.0845 33.0286 33.0619 33.1008 33.0352 33.1492 33.2070
32.3722 32.4486 32.5590 32.6025 32.6567 32.7801 32.7987 32.7990 32.8814 32.8828 32.9127 32.9141 32.9516 32.9911 33.0383 33.2318 33.2144 33.4300 33.5857 33.5273 33.6490 33.6865 33.7178 33.7629 33.7440 33.7065 33.5787 33.5038 33.5880 33.5605 33.6993 33.6337 33.5226 33.5021 33.4061 33.3477 33.3774 33.4430 33.4177 33.3406 33.2357 33.2466 33.1639 33.2108 33.2275 33.4092 33.5016 33.5094 33.5189 33.3970 33.3293 33.2450 33.1414 33.1054 32.9735 32.8688 32.9359 32.8887 32.8606 32.8418 32.8623 32.9376 32.9455 33.0166 33.0447 33.1608 33.1895
32.3419 32.4183 32.5476 32.5816 32.6489 32.7130 32.7596 32.7787 32.8553 32.8286 32.8772 32.9035 32.9785 33.0180 33.0289 33.2411 33.1938 33.4000 33.5587 33.5191 33.6408 33.6502 33.6786 33.7273 33.7177 33.7084 33.5680 33.5867 33.5772 33.5230 33.7178 33.6505 33.5208 33.4644 33.3777 33.2740 33.3226 33.4163 33.3611 33.3145 33.1721 33.0971 33.0409 33.0972 33.1420 33.2375 33.4715 33.4512 33.4529 33.3420 33.2555 33.1430 33.0678 33.0224 32.9379 32.8426 32.9362 32.8405 32.9528 33.1963 33.2245 33.0265 32.9902 33.0301 33.2173 33.1900 33.2044
32.3171 32.4467 32.5389 32.6400 32.6571 32.6773 32.6957 32.6860 32.7908 32.8077 32.8465 32.8390 32.9515 32.9628 33.0176 33.2992 33.2597 33.4006 33.4848 33.4357 33.5462 33.5555 33.5566 33.5660 33.5002 33.5673 33.3799 33.4003 33.4471 33.5241 33.6260 33.5884 33.5225 33.4457 33.4081 33.3106 33.4151 33.4881 33.3564 33.3484 33.2076 33.1623 33.1357 33.2013 33.3217 33.3535 33.4083 33.5412 33.4531 33.3953 33.2356 33.0662 32.9910 32.8485 32.7654 32.7544 32.8121 32.8436 33.0591 33.3011 33.2842 33.0893 33.0217 33.1027 33.2781 33.1937 33.2177
32.2608 32.3981 32.4917 32.5660 32.5738 32.6300 32.6658 32.6766 32.8020 32.8002 32.8361 32.8099 32.8754 32.9523 33.0367 33.3178 33.3420 33.4468 33.4575 33.4084 33.4348 33.4535 33.4535 33.4629 33.4742 33.5491 33.4070 33.4180 33.4366 33.4573 33.5041 33.5021 33.5206 33.4453 33.3906 33.3023 33.3975 33.4537 33.3407 33.3787 33.3221 33.2174 33.2002 33.2283 33.3393 33.3317 33.3953 33.5390 33.4057 33.3777 33.1993 33.0112 32.9359 32.8440 32.7313 32.7483 32.7937 32.8329 33.0109 33.2622 33.2698 33.0655 33.0096 33.0414 33.2996 33.1700 33.1814
32.2654 32.3328 32.4621 32.6274 32.6272 32.6489 32.7082 32.7175 32.7811 32.7455 32.8578 32.8875 32.9328 32.9707 33.0249 33.2390 33.2689 33.3608 33.2482 33.2178 33.2932 33.3869 33.3059 33.3262 33.4008 33.3633 33.3353 33.3897 33.3239 33.4009 33.4268 33.4661 33.5097 33.4345 33.3969 33.3120 33.3587 33.3962 33.3695 33.3971 33.3235 33.2766 33.2374 33.2562 33.3029 33.3517 33.3047 33.3484 33.1794 33.1247 33.0478 33.0380 32.9063 32.8595 32.8124 32.8235 32.8344 32.8421 32.7934 32.7949 32.8230 32.9110 33.0419 33.1803 32.8192 33.0188 33.0188
32.2295 32.3044 32.4524 32.6194 32.6568 32.6660 32.7160 32.6972 32.7346 32.7065 32.8095 32.8392 32.9250 32.9255 32.9610 33.1751 33.1843 33.2667 33.2027 33.1817 33.3100 33.3380 33.2289 33.2492 33.2771 33.3259 33.2867 33.2886 33.2510 33.3373 33.3820 33.4288 33.4723 33.4269 33.3799 33.3777 33.3664 33.3851 33.3864 33.3691 33.2863 33.2658 33.2283 33.2674 33.2954 33.3067 33.2296 33.2751 33.0574 33.0980 32.9743 32.9894 32.8765 32.8671 32.7844 32.8143 32.8328 32.8312 32.7015 32.7124 32.7593 32.7892 32.8546 32.8992 32.8114 32.9514 32.9514
32.2673 32.3235 32.4340 32.5333 32.5050 32.6110 32.6596 32.6876 32.7344 32.6781 32.8299 32.8847 32.9219 32.9505 32.8832 33.0909 33.1282 33.2763 33.2464 33.2161 33.2569 33.3817 33.2597 33.2770 33.2676 33.2789 33.2305 33.2323 33.2567 33.3134 33.3789 33.4350 33.4627 33.3857 33.3684 33.3286 33.3699 33.4183 33.4458 33.4081 33.3602 33.2570 33.1742 33.2098 33.2717 33.2268 33.0954 33.1438 32.9539 32.9630 32.8410 32.8592 32.8062 32.8531 32.8060 32.8266 32.7971 32.8142 32.7204 32.6922 32.7468 32.7469 32.7562 32.7498 32.8086 33.0533 33.0533
32.3232 32.5013 32.4936 32.6023 32.6021 32.6692 32.6225 32.6693 32.7254 32.7160 32.8172 32.8719 32.8998 33.0142 32.9420 33.0811 33.0903 33.3173 33.3155 33.1726 33.2229 33.2869 33.2103 33.2306 33.1930 33.1161 33.1240 33.1351 33.1612 33.1912 33.2222 33.2971 33.3631 33.2672 33.2404 33.2666 33.3524 33.3399 33.3396 33.3019 33.3655 33.2436 33.1796 33.1534 33.1701 33.1267 33.0609 33.0328 32.8828 32.8358 32.7510 32.6835 32.6268 32.6440 32.6157 32.5764 32.6434 32.6324 32.6359 32.6563 32.6937 32.6747 32.6653 32.7286 32.7924 33.0181 33.0181
32.2497 32.4638 32.4356 32.5363 32.5492 32.6522 32.6224 32.5942 32.6785 32.6785 32.8190 32.8755 32.8436 32.9205 32.9124 33.0812 33.0998 33.3077 33.2889 33.1291 33.2509 33.3618 33.2211 33.2399 33.0977 33.1070 33.0788 33.1146 33.2177 33.2477 33.2755 33.3224 33.3345 33.2594 33.2498 33.3057 33.3428 33.3505 33.3613 33.3142 33.3299 33.2005 33.0843 33.0300 33.0580 33.0317 32.9923 32.9469 32.8357 32.8338 32.6963 32.6381 32.5702 32.5983 32.5606 32.5701 32.6187 32.6829 32.6924 32.7016 32.7298 32.6749 32.6656 32.7543 32.8853 32.9405 32.9405
32.3497 32.5170 32.5356 32.5463 32.5556 32.6587 32.6131 32.5598 32.7003 32.7283 32.9157 32.9498 32.9478 32.9704 32.9874 33.2312 33.2844 33.2952 33.2709 33.0905 33.2217 33.3136 33.2495 33.2214 33.0914 33.0540 33.0595 33.0690 33.1550 33.1567 33.2753 33.2658 33.2857 33.3592 33.3440 33.3513 33.3117 33.3414 33.3991 33.3240 33.2394 33.1530 32.9542 32.9167 32.9636 32.9185 32.8698 32.9275 32.7946 32.8152 32.6760 32.6349 32.5427 32.5614 32.5424 32.5613 32.6439 32.7203 32.6846 32.7012 32.7105 32.7120 32.6745 32.7558 32.8795 32.9809 32.9813
32.3702 32.4855 32.5341 32.5696 32.5694 32.6068 32.6254 32.6506 32.7910 32.7224 32.8985 32.9640 32.9564 32.9473 32.9658 33.2111 33.2426 33.1988 33.2737 33.1027 33.2321 33.2244 33.2135 33.1947 32.9458 32.9443 33.0005 33.0492 33.0849 33.0303 33.1364 33.2019 33.2785 33.3471 33.2436 33.2771 33.2787 33.3052 33.2660 33.2097 33.0278 33.0264 32.8950 32.9062 32.8779 32.8609 32.8624 32.9092 32.8294 32.7732 32.6678 32.6300 32.6110 32.6172 32.5512 32.5793 32.6339 32.6683 32.6813 32.6830 32.7017 32.7016 32.6829 32.7631 32.9034 32.9882 33.0147
32.4094 32.5045 32.5611 32.6340 32.6526 32.6508 32.7068 32.7145 32.7893 32.8721 32.9371 32.9652 32.9576 32.9784 32.9894 33.2129 33.2725 33.0582 33.0755 33.0734 33.2215 33.2027 33.1649 33.1555 32.9722 33.0097 33.0600 33.0994 33.0806 33.0147 33.1194 33.1943 33.3458 33.3753 33.2796 33.2944 33.2849 33.2926 33.1237 33.0205 32.9528 32.9998 32.9265 32.9377 32.9298 32.8751 32.8360 32.8546 32.7920 32.8091 32.6849 32.6643 32.6546 32.6904 32.5776 32.5776 32.6151 32.6604 32.6829 32.7219 32.7141 32.7686 32.7405 32.7551 32.8733 32.9393 32.9659
32.4002 32.5500 32.5967 32.6056 32.6334 32.6522 32.7477 32.8461 32.9097 32.8922 33.0233 32.9749 32.9467 33.0313 33.0347 33.2159 33.2722 32.9987 33.1767 33.1746 33.1105 33.0843 33.0978 33.0869 32.9930 33.0211 32.9961 33.0430 32.9383 32.8986 32.9316 33.0080 33.1390 33.1655 33.0167 33.0147 33.0616 33.0505 33.0001 32.9345 32.8592 32.8418 32.7592 32.7405 32.7573 32.7213 32.7436 32.7341 32.7528 32.7715 32.6229 32.6381 32.6755 32.6721 32.5857 32.6232 32.6325 32.6794 32.6997 32.7183 32.7480 32.8227 32.8150 32.7305 32.8148 32.9182 32.9247
32.4017 32.5314 32.5968 32.5963 32.6242 32.6149 32.7348 32.8195 32.8924 32.9016 33.0233 32.9749 32.9561 33.0443 32.9617 33.1977 33.2506 32.9801 33.1207 33.1279 33.0827 33.0714 33.0416 33.0244 32.9771 33.0053 33.0430 33.0428 32.9662 32.9021 32.9335 32.9863 33.0517 33.0325 32.9417 32.9395 33.0766 33.0596 33.0124 32.9562 32.8715 32.8419 32.7499 32.7312 32.7517 32.7327 32.7330 32.7219 32.7592 32.7967 32.6399 32.6439 32.6812 32.6530 32.5699 32.6074 32.6167 32.6729 32.7016 32.6844 32.7031 32.7387 32.7652 32.7369 32.7625 32.8902 32.8859
32.3920 32.5593 32.5123 32.6134 32.6977 32.7229 32.7959 32.8726 32.9363 33.0142 33.0441 33.1004 33.0460 33.1427 33.0395 33.1877 33.2068 32.9800 32.9144 32.9404 32.9370 32.9356 32.9654 32.9464 32.9177 32.9552 32.9211 32.9114 32.9257 32.9159 32.9233 32.8766 33.0640 32.8948 32.9215 32.8912 32.9047 32.8972 32.8611 32.8219 32.7653 32.7278 32.6951 32.6670 32.6329 32.6590 32.5949 32.6120 32.6963 32.7713 32.8072 32.7099 32.6593 32.6329 32.5952 32.6515 32.6139 32.6435 32.6093 32.6354 32.6464 32.7060 32.7580 32.7860 32.8627 32.9547 32.9626
32.4455 32.6359 32.5872 32.7350 32.7631 32.7803 32.8173 32.8285 32.9051 32.9974 33.0445 33.1008 33.0651 33.1510 33.0368 33.1851 33.2226 32.9690 32.9330 32.9590 32.9837 32.9181 32.9024 32.9211 32.9036 32.9115 32.8460 32.9022 32.8585 32.9896 32.9860 32.9579 32.9109 32.8167 32.8556 32.8534 32.7842 32.8906 32.8623 32.8513 32.8340 32.8340 32.7140 32.6860 32.6034 32.6280 32.6091 32.5995 32.6838 32.7588 32.7399 32.7003 32.6138 32.6172 32.6248 32.6921 32.6452 32.6373 32.6283 32.6264 32.6341 32.7013 32.7499 32.8043 32.8885 32.9495 32.9542
32.4595 32.5516 32.4955 32.6903 32.7071 32.7055 32.6680 32.6927 32.7582 32.8970 33.0797 33.1187 33.0737 33.0644 33.0830 33.0475 32.9928 32.8710 32.8395 32.8843 32.9389 32.8917 32.9179 32.8990 32.8204 32.8219 32.8551 32.8754 32.8375 32.9311 32.8593 32.7655 32.7844 32.7090 32.7605 32.8333 32.8518 32.9343 32.8670 32.8295 32.8480 32.8963 32.7139 32.7139 32.6295 32.6875 32.7544 32.7358 32.7638 32.7716 32.7697 32.7475 32.7191 32.7923 32.7467 32.7654 32.7168 32.7355 32.7092 32.7592 32.7610 32.7719 32.7907 32.8170 32.8545 32.9226 32.9344
32.4562 32.5483 32.4951 32.6993 32.7255 32.7145 32.6863 32.6960 32.7803 32.9097 33.0614 33.1098 33.0834 33.0929 33.1116 33.0535 32.9988 32.8706 32.8203 32.8652 32.9104 32.8914 32.9119 32.9024 32.8331 32.8410 32.8743 32.8945 32.8378 32.9127 32.8203 32.7434 32.7357 32.7369 32.7790 32.7768 32.8047 32.8797 32.8124 32.8049 32.8233 32.8685 32.6954 32.7048 32.6672 32.7140 32.7604 32.7340 32.7448 32.7432 32.7601 32.7379 32.6814 32.7564 32.6923 32.7204 32.6795 32.7076 32.6907 32.7313 32.7501 32.7779 32.7967 32.8262 32.8356 32.8568 32.8686
32.5520 32.5913 32.6155 32.6759 32.6945 32.6288 32.6474 32.6567 32.7766 32.8062 32.9241 32.9819 32.9630 33.0192 33.0660 33.0192 32.9816 32.9036 32.8548 32.8621 32.9088 32.9367 32.8521 32.8426 32.7892 32.7423 32.7659 32.7646 32.7923 32.7829 32.6795 32.6906 32.6670 32.8228 32.8416 32.8690 32.9345 32.9719 32.9264 32.9247 32.9841 32.9498 32.7908 32.7908 32.7344 32.7719 32.7642 32.7439 32.7950 32.7839 32.8118 32.7925 32.7641 32.8032 32.7917 32.8479 32.7762 32.7795 32.7346 32.7799 32.8267 32.8550 32.8831 32.8499 32.8840 32.9958 32.9958
32.5615 32.6551 32.5759 32.5820 32.6100 32.6943 32.7129 32.6753 32.7783 32.7877 32.9227 32.9445 32.8975 33.0381 33.0288 32.9537 32.8579 32.8733 32.8358 32.8525 32.8899 32.8522 32.8144 32.8425 32.7707 32.8007 32.7256 32.6896 32.7736 32.7735 32.6608 32.6420 32.6836 32.8428 32.8334 32.9065 32.9533 33.0189 32.9547 32.9265 32.9487 32.9674 32.7800 32.7800 32.7533 32.7813 32.7624 32.7514 32.7462 32.7664 32.7866 32.7738 32.7549 32.8221 32.8218 32.8799 32.8423 32.8064 32.7409 32.7986 32.8360 32.8343 32.8624 32.8462 32.9229 33.0364 33.0364
32.6442 32.6989 32.5938 32.6855 32.6662 32.7130 32.7034 32.6940 32.8646 32.8005 32.9074 32.9713 32.9448 33.1136 33.0478 32.9619 32.9035 32.9297 32.8559 32.8614 32.8614 32.8894 32.7598 32.7692 32.7704 32.8566 32.8582 32.8303 32.8676 32.7455 32.6858 32.6951 32.7776 32.8333 32.8129 32.9344 33.0093 33.0093 33.0688 33.0124 32.9391 32.9109 32.8676 32.8489 32.8177 32.8082 32.7875 32.7405 32.7387 32.7664 32.8191 32.8284 32.8015 32.8781 32.8985 32.9566 32.8720 32.8532 32.8285 32.9019 32.9107 32.8582 32.8769 32.9149 32.9259 33.0174 33.0481
32.6265 32.6999 32.5798 32.6591 32.6369 32.7025 32.7023 32.6929 32.8542 32.7995 32.9120 32.9821 32.9463 33.0963 33.0117 32.9257 32.8673 32.9442 32.8579 32.8634 32.8415 32.9071 32.7963 32.8056 32.7410 32.7766 32.8283 32.8112 32.8688 32.7374 32.7245 32.7526 32.8275 32.8160 32.7974 32.8957 32.9893 32.9893 33.0207 33.0113 32.9248 32.8686 32.8753 32.8566 32.8095 32.8282 32.7888 32.7512 32.7436 32.7869 32.8396 32.8490 32.8473 32.8769 32.8786 32.9236 32.8391 32.8891 32.9113 32.9378 32.9607 32.8612 32.8706 32.9328 32.9439 33.0191 33.0143
32.6515 32.6874 32.6123 32.5975 32.6161 32.6304 32.6133 32.6696 32.7444 32.7365 32.8322 32.8637 32.7966 32.9809 32.9882 32.9022 32.8645 32.9207 32.8999 32.9071 32.8508 32.8446 32.7713 32.7712 32.7629 32.8660 33.1226 33.1114 32.8564 32.6688 32.6560 32.6747 32.7965 32.8506 32.8111 32.8954 32.9192 32.9098 32.9300 32.8924 32.7984 32.8097 32.8474 32.8287 32.8328 32.8140 32.7765 32.7482 32.8324 32.8583 32.9050 32.8879 32.8522 32.8631 32.8723 32.9192 32.8458 32.9019 32.9396 32.9347 32.9575 32.8938 32.8938 32.8998 32.9746 33.0377 33.0330
32.6606 32.7262 32.6698 32.7634 32.7741 32.7615 32.6962 32.7820 32.8193 32.8100 32.8777 32.9774 32.9604 32.9043 32.9412 32.8286 32.8845 32.9482 32.9405 32.9592 32.9590 32.9465 33.0337 33.0431 33.2581 33.3611 33.1642 33.1359 32.9315 32.7549 32.6578 32.6671 32.7139 32.7868 32.7416 32.7978 32.8083 32.8162 32.8628 32.8535 32.7501 32.7314 32.7051 32.7517 32.7483 32.7124 32.6843 32.7311 32.7966 32.8414 32.8337 32.8694 32.7975 32.8896 32.8051 32.8426 32.9249 32.9342 32.9563 33.0202 33.0163 32.9487 32.9562 32.9166 32.9941 33.0146 33.0120
32.6515 32.7451 32.6887 32.8273 32.8444 32.7849 32.7960 32.7913 32.8193 32.7724 32.9432 32.9900 32.9576 32.9279 33.0083 32.8957 32.9221 32.9575 33.2105 33.2479 33.9376 33.6645 33.8471 33.8471 33.1550 33.0613 32.9130 32.9242 32.8895 32.8988 32.7234 32.7140 32.7139 32.8056 32.7680 32.8222 32.8129 32.7772 32.8534 32.8534 32.7314 32.7501 32.7239 32.7460 32.6864 32.6579 32.7313 32.7781 32.8342 32.8791 32.9052 32.9425 32.9067 32.8803 32.7863 32.8520 32.8987 32.9361 32.9694 32.9958 32.9968 32.9088 32.9196 32.8894 32.9387 32.9855 33.0112
32.6878 32.7982 32.7794 32.9105 32.8857 32.8493 32.8585 32.8208 32.9425 32.8675 32.8786 32.9067 32.9144 32.8472 32.9223 32.8753 32.9487 33.0122 33.2464 33.2276 33.9128 33.6819 33.9046 33.9046 33.1467 33.0530 33.0080 33.0285 33.0128 33.0595 32.8611 32.8346 32.8065 32.8324 32.8076 32.8150 32.8461 32.8367 32.8380 32.8269 32.7424 32.7799 32.6846 32.7034 32.6471 32.6831 32.7862 32.7768 32.8235 32.8511 32.8980 32.9181 32.8918 32.8826 32.8966 32.9529 33.0284 33.0623 33.0597 33.0672 33.0672 32.9827 33.0009 33.1878 33.2061 33.1404 33.1619
32.6892 32.8199 32.7823 32.8854 32.8575 32.8702 32.8402 32.8947 33.0163 32.9306 32.8856 32.9137 32.8830 32.8626 32.9313 32.9030 32.9311 33.0523 33.1834 33.1646 33.2822 33.3449 33.2209 33.2303 33.0313 32.9095 32.8832 32.9001 32.9546 32.9559 32.8810 32.8827 32.8561 32.8257 32.7447 32.7463 32.7917 32.8385 32.8369 32.8164 32.7866 32.7679 32.6257 32.6333 32.6160 32.6642 32.7141 32.7329 32.7891 32.8355 32.9123 32.9046 32.8772 32.8502 32.8500 32.8953 33.0280 33.0595 33.0610 33.0599 33.0599 32.9562 32.9346 33.2225 33.3933 33.3006 33.3006
