regresion/MAYO_2003/SeaWiFS/Composicion (Lt_490).txt
ncols         167
nrows         127
xllcorner     -112.016
yllcorner     26.725
cellsize      0.00898
[rows 58 to 86 of 127, columns 67 to 133 of 167]
54.1478 54.1308 54.0388 54.1308 54.0780 54.0579 54.1099 54.0701 54.1522 54.1917 54.1684 54.1652 54.2178 54.2609 54.4129 54.4127 54.4487 54.4580 54.5010 54.4481 54.6849 54.5425 54.4234 54.4662 54.2549 54.2713 54.3473 54.3604 54.5317 54.5058 54.4892 54.4725 54.5020 54.4419 54.3795 54.3264 54.3623 54.4710 54.4738 54.5299 54.5624 54.4995 54.4503 54.4767 54.5033 54.4637 54.5494 54.6812 54.7374 54.8127 54.9048 54.9669 54.9832 55.0392 55.1744 55.1975 55.3327 55.3317 55.4667 55.4913 55.5045 55.5933 55.5998 55.7440 55.9447 55.7947 55.7947
54.1243 54.1732 54.0548 54.1469 54.0808 54.0475 54.0969 54.0608 54.1527 54.1494 54.1392 54.1228 54.2414 54.2413 54.3700 54.4087 54.4350 54.5003 54.5038 54.4377 54.6746 54.4535 54.3219 54.3086 54.1862 54.2026 54.2785 54.3444 54.5024 54.4861 54.4194 54.4589 54.5050 54.4580 54.3956 54.3821 54.3726 54.5012 54.5304 54.5698 54.5726 54.5230 54.4737 54.5001 54.4995 54.4599 54.6018 54.6710 54.7405 54.8157 54.9079 55.0001 55.0262 55.0957 55.2539 55.2604 55.3823 55.4180 55.4944 55.4755 55.4982 55.5862 55.6094 55.7100 55.8862 55.7991 55.7991
54.1580 54.1673 54.1110 54.1435 54.0376 54.0477 54.0971 54.0273 54.0761 54.1290 54.1161 54.0634 54.1556 54.1686 54.2640 54.2971 54.3005 54.4018 54.4573 54.3649 54.4836 54.2065 54.1437 54.1567 54.1529 54.1924 54.2720 54.3775 54.5353 54.5647 54.5053 54.5579 54.5615 54.4913 54.4153 54.4151 54.4149 54.5135 54.5957 54.5956 54.5591 54.4799 54.4803 54.5067 54.5230 54.5134 54.6386 54.7737 54.8396 54.8190 54.8879 54.9274 54.9800 55.0225 55.1740 55.2435 55.3225 55.4113 55.5140 55.5084 55.5253 55.6956 55.6956 55.7566 55.8669 55.8324 55.8324
54.0985 54.1737 54.0549 54.0745 53.9818 54.0081 54.0871 54.0467 54.0693 54.1056 54.1058 54.1059 54.1716 54.2539 54.3034 54.3170 54.3202 54.2932 54.2433 54.2300 54.1346 54.0948 54.1630 54.2157 54.1691 54.1823 54.2878 54.3537 54.4755 54.6865 54.8023 54.9077 54.9145 54.5576 54.5706 54.5837 54.5143 54.5666 54.7473 54.7472 54.7733 54.6510 54.6284 54.6548 54.6975 54.7011 54.7905 54.9520 55.0178 55.1621 55.2377 55.1321 55.1715 55.2339 55.3124 55.3520 55.5199 55.5990 55.7085 55.7103 55.6745 55.4941 55.5368 55.5107 55.5821 55.7441 55.7441
54.0356 54.0180 54.0047 54.0210 53.9549 53.8755 54.0301 54.0267 54.0963 54.0139 54.0802 54.1460 54.1196 54.2219 54.2150 54.2578 54.3228 54.2661 54.2031 54.1898 54.0974 54.1005 54.1331 54.1695 54.1433 54.1565 54.2488 54.3016 54.4069 54.7331 54.8748 54.9533 55.0191 54.5832 54.6357 54.6753 54.5265 54.5825 54.6548 54.6553 54.7080 54.7044 54.7477 54.7610 54.8073 54.7644 54.7771 54.9250 54.9908 55.2671 55.2800 55.2273 55.2268 55.2371 55.3261 55.3789 55.5731 55.7049 55.7749 55.7933 55.7768 55.5401 55.5327 55.5347 55.6304 55.7907 55.7774
53.9529 53.9924 53.9659 54.0018 53.9223 53.9091 54.0302 54.0930 54.2474 54.1977 54.1917 54.2311 54.2310 54.2013 54.1781 54.2047 54.2840 54.1877 54.1742 54.1709 54.0917 54.0947 54.1335 54.1497 54.2215 54.2479 54.3208 54.3866 54.5052 54.9106 55.0592 55.0333 55.0991 54.7258 54.7784 54.7616 54.6128 54.6424 54.5993 54.6413 54.6808 54.7335 54.8134 54.8662 54.8994 55.0599 55.1031 55.1941 55.2467 55.5283 55.5774 56.0389 55.9988 56.0745 56.1928 56.2193 55.8043 55.8965 56.0894 56.1059 56.1024 55.7220 55.7419 55.5900 55.6766 55.6823 55.6689
53.9594 53.9454 53.9021 53.9416 53.9015 53.9543 54.0796 54.1291 54.2872 54.2444 54.1858 54.1594 54.1860 54.1495 54.1126 54.1686 54.2110 54.2165 54.2427 54.2328 54.1764 54.2157 54.1823 54.1924 54.2843 54.3376 54.4601 54.4962 54.6743 55.1621 54.9574 54.9705 55.2468 54.8470 54.9655 54.9556 54.6716 54.6453 54.6550 54.7013 54.7312 54.7971 54.8110 54.8373 54.9164 55.2252 55.2021 55.3191 55.3682 55.6235 55.7022 56.1471 56.1865 56.2623 56.3906 56.3812 55.9072 55.9467 56.1146 56.1512 56.2038 55.7921 55.7985 55.6204 55.7258 55.7022 55.6889
54.0419 53.9193 53.8760 53.9287 53.8852 53.9742 54.1158 54.1158 54.2871 54.2442 54.2119 54.1723 54.1890 54.1823 54.2083 54.1717 54.1847 54.2035 54.2033 54.2559 54.2390 54.2354 54.3240 54.3340 54.3936 54.4337 54.9479 55.0005 54.8788 54.9050 54.8156 54.8947 54.9566 55.1637 55.1240 54.5830 54.5331 54.5990 54.6779 54.7242 54.7613 54.8272 55.0846 55.1110 55.1670 55.4044 55.4933 56.0406 56.0500 55.9004 55.9098 56.4041 56.4435 56.5094 56.6640 56.5656 57.4114 57.5168 55.9546 55.9947 56.0606 55.6604 55.6669 55.5566 55.6093 55.6460 55.6326
54.0352 53.9754 53.9257 53.9652 53.9914 54.0772 54.2220 54.2252 54.3435 54.3301 54.2940 54.2939 54.2806 54.2080 54.2077 54.1253 54.2438 54.1776 54.2134 54.2660 54.2229 54.3382 54.3248 54.3278 54.4766 54.5255 54.7925 54.8848 54.7332 54.7332 54.7991 54.8781 54.9278 55.3096 55.2235 54.6561 54.5735 54.6526 54.7974 54.8666 54.8040 54.8831 55.1236 55.1237 55.1798 55.3513 55.4831 56.0867 56.1789 55.9996 56.0390 56.4839 56.5100 56.5891 56.6681 56.6682 57.3845 57.4970 55.9215 56.1285 56.0890 55.5692 55.5131 55.4280 55.4642 55.5126 55.5257
54.0489 53.9656 53.9549 54.0567 54.0830 54.0963 54.3466 54.3699 54.4019 54.4414 54.3397 54.3301 54.2638 54.2041 54.1775 54.1694 54.2250 54.2992 54.3049 54.3444 54.3145 54.3574 54.6078 54.5914 54.5424 54.6019 55.6381 55.6777 55.5325 55.1232 55.2023 55.1362 55.2080 55.2861 55.1831 54.9059 54.8399 54.8961 54.7772 54.8563 54.8438 54.8970 55.0452 55.0584 55.0814 55.5035 55.6087 55.7274 55.8388 55.9330 56.0515 55.9326 55.9324 56.0149 56.3710 56.3974 55.9468 56.0591 55.5577 55.6859 55.6464 55.4381 55.3691 55.5341 55.5762 55.5682 55.5681
54.1140 53.9912 53.9781 54.1168 54.1529 54.2753 54.4596 54.4459 54.4950 54.5742 54.4652 54.4717 54.4280 54.4475 54.4244 54.3898 54.3563 54.4770 54.4478 54.4741 54.3914 54.4442 54.7175 54.7307 54.6092 54.6224 55.3671 55.4066 55.4854 55.1421 55.2113 55.1716 55.1484 55.3650 55.1939 54.8904 54.9299 54.9660 54.8505 54.7978 54.8342 54.9129 54.9951 55.0215 55.1138 55.6052 55.6145 55.7035 55.8023 55.9567 55.9564 55.8375 55.9297 55.9525 56.3252 56.4078 56.0195 56.0392 55.5999 55.5996 55.5767 55.5731 55.5467 55.5562 55.5488 55.5714 55.5714
54.1245 54.0413 54.0942 54.1598 54.2023 54.2909 54.5149 54.6038 54.6167 54.6828 54.5968 54.5543 54.4785 54.4716 54.5077 54.4466 54.4986 54.5269 54.5035 54.5166 54.4599 54.4730 54.7233 54.7003 54.5857 54.6517 55.4169 55.4338 55.4961 55.1001 55.1098 55.0701 55.0630 55.1836 55.1572 54.9422 54.9322 54.9454 54.7509 54.7674 54.8373 54.8471 54.9625 55.0321 55.1771 55.7180 55.6712 55.7601 55.7366 55.8937 55.9458 55.8005 55.8794 55.9850 56.3877 56.4042 56.0126 55.9929 55.5478 55.7947 55.8079 55.5502 55.4975 55.5862 55.5896 55.5322 55.5322
54.3553 54.3910 54.3250 54.4005 54.3841 54.4036 54.5257 54.6706 54.5653 54.5453 54.6110 54.6406 54.5780 54.6075 54.6695 54.5901 54.5772 54.6490 54.6356 55.0708 55.0505 55.0472 55.1166 55.0866 54.7547 54.7548 55.2628 55.2828 55.3880 55.7853 55.7024 55.1899 55.1998 54.9894 55.0157 54.9426 55.0084 55.0051 54.7086 54.7051 54.9463 54.9492 55.0973 55.1538 55.1534 55.4567 55.4730 55.5355 55.5881 55.5674 55.5339 55.3755 55.5734 55.6559 55.9293 55.9425 55.7487 55.7419 55.8378 55.8377 55.8805 55.5783 55.5783 55.7847 55.7149 55.5983 55.5983
54.3516 54.3874 54.3213 54.3969 54.3804 54.3772 54.5427 54.6612 54.5426 54.5227 54.5883 54.6311 54.5912 54.6169 54.6790 54.5996 54.5866 54.6584 54.6451 55.0803 55.0769 55.0641 55.1335 55.1035 54.7584 54.7716 55.2797 55.3092 55.4144 55.7948 55.6986 55.1598 55.1829 54.9725 55.0252 54.9558 55.0121 54.9956 54.6991 54.7088 54.9632 54.9661 55.1142 55.1539 55.1365 55.4266 55.4693 55.5318 55.5975 55.5900 55.5508 55.3792 55.5771 55.6464 55.9594 55.9594 55.7656 55.7588 55.8341 55.8472 55.8900 55.6141 55.6141 55.8074 55.7375 55.6115 55.6115
54.3655 54.3979 54.3680 54.5128 54.5031 54.4399 54.5182 54.5082 54.4724 54.5123 54.5249 54.6040 54.6235 54.7063 54.6765 54.5279 54.5540 54.5762 54.5892 54.7473 54.7408 54.7502 54.9541 54.9540 55.0637 55.0637 54.9976 54.9681 55.0435 55.3506 55.2516 55.1062 55.0764 54.9960 55.0881 55.0911 55.0777 55.0810 54.7807 54.8334 54.9449 54.9284 55.3703 55.3671 55.4990 55.4373 55.4370 55.4828 55.5618 55.6762 55.6695 55.7878 55.8931 56.0581 56.2557 56.2592 55.9731 55.9300 55.9398 55.9496 55.9232 55.9528 55.9076 55.6887 55.7200 55.7870 55.8134
54.3614 54.3806 54.4234 54.5550 54.5453 54.4893 54.5417 54.5323 54.4965 54.4435 54.5089 54.5748 54.5741 54.6268 54.6002 54.5139 54.5036 54.5528 54.5261 54.7238 54.7506 54.7902 54.9683 54.9681 55.1238 55.1106 55.0870 55.0769 55.1654 55.6402 55.7385 55.5404 55.3492 55.0285 55.1043 55.1173 55.1045 55.0818 54.7948 54.9134 55.0050 55.0309 55.4595 55.5287 55.5910 55.7002 55.5978 55.5976 55.6371 55.7252 55.7123 55.9069 55.8934 55.9928 56.2299 56.2530 55.8974 55.9238 55.9566 55.9327 55.9722 56.0116 55.8980 55.7101 55.7100 55.7759 55.7859
54.4017 54.4506 54.4805 54.5954 54.5821 54.5455 54.5054 54.5315 54.4955 54.4325 54.4553 54.4817 54.4652 54.4354 54.4352 54.4125 54.3990 54.5006 54.5401 54.5796 54.6190 54.6351 54.8324 54.8191 54.9416 54.9844 54.9677 54.9807 55.0929 55.3169 55.2414 55.1886 55.1620 55.0454 55.0125 54.8014 54.7812 54.7907 54.8697 55.0015 55.1236 55.1138 55.3708 55.4204 55.4862 55.5951 55.6741 55.6435 55.6304 55.5742 55.5508 55.9531 56.0318 56.0544 56.1203 56.0940 55.5505 55.6360 55.8571 55.7481 55.8176 55.8438 55.7565 55.4377 55.4266 55.7126 55.6627
54.3816 54.4239 54.4406 54.5822 54.5687 54.5688 54.4859 54.5119 54.4759 54.3998 54.4553 54.4949 54.4420 54.4122 54.4150 54.3659 54.3920 54.4873 54.5269 54.5664 54.6189 54.6155 54.8129 54.7995 54.8822 54.9118 54.9676 54.9146 55.0330 55.2703 55.2211 55.1815 55.1417 55.0251 55.0124 54.7749 54.7749 54.7844 54.8633 54.9424 55.0776 55.1470 55.3443 55.4234 55.4662 55.6148 55.6938 55.7291 55.6896 55.6861 55.6331 56.2003 56.0385 56.0874 56.1137 56.0874 55.5572 55.8139 55.9752 55.6887 55.7450 55.7447 55.7233 55.3750 55.3760 55.7003 55.6838
54.2829 54.3575 54.3868 54.5089 54.4688 54.4722 54.4158 54.4422 54.4461 54.4064 54.3867 54.4525 54.4359 54.4060 54.4353 54.3825 54.3953 54.4573 54.5064 54.5458 54.5357 54.4798 54.6378 54.6246 54.6546 54.7601 54.7930 54.7997 54.8817 55.1453 55.1321 55.1415 55.1317 54.9494 54.9293 54.6917 54.7150 54.7809 54.8464 54.9028 55.0447 55.1468 55.2720 55.3379 55.3411 55.4860 55.5649 55.6002 55.5867 55.6363 55.6230 56.1402 55.8993 55.9124 55.9389 55.9489 55.4251 55.6327 55.7213 55.4315 55.4579 55.4936 55.4456 55.2923 55.3495 55.5284 55.5314
54.2959 54.4041 54.4304 54.4403 54.4100 54.4924 54.4951 54.4952 54.4915 54.4915 54.4882 54.5045 54.4815 54.3725 54.4250 54.4878 54.5211 54.5040 54.4409 54.6089 54.5428 54.4901 54.5061 54.5062 54.5814 54.6210 54.6043 54.5914 54.6473 54.7657 54.7493 55.0167 55.0201 54.8708 54.8869 54.5800 54.6195 54.6490 54.8332 54.8559 54.9714 54.9846 55.3046 55.3179 55.3541 55.4198 55.4797 55.5809 55.6992 55.6762 55.6429 56.0940 55.8996 55.6095 55.6022 55.5990 55.3390 55.4445 55.8170 55.5103 55.4971 55.5342 55.5065 55.2982 55.3852 55.2771 55.2802
54.2330 54.2817 54.3438 54.3438 54.3171 54.3369 54.3726 54.3563 54.3073 54.3599 54.4325 54.4290 54.4422 54.3563 54.4256 54.4681 54.4547 54.4370 54.4075 54.5788 54.4468 54.4401 54.4067 54.4067 54.4498 54.5457 54.5554 54.5716 54.6341 54.7361 54.7164 54.9801 54.9531 54.8565 54.9357 54.6686 54.5960 54.6224 54.7605 54.7868 54.8436 54.8831 55.1895 55.2818 55.2818 55.2815 55.2945 55.3826 55.5369 55.6062 55.5401 55.5534 56.0241 55.4309 55.3779 55.3916 55.4612 55.5136 55.7774 55.3551 55.4047 55.3982 55.3885 55.0968 55.1891 55.0874 55.0874
54.2668 54.3022 54.3584 54.3516 54.3644 54.3774 54.4130 54.3898 54.3665 54.3664 54.3491 54.3955 54.4086 54.4352 54.5309 54.4841 54.4839 54.4870 54.4407 54.4934 54.3613 54.3610 54.3339 54.3338 54.4298 54.5749 54.6204 54.6172 54.6602 54.8546 54.7788 54.9826 54.9595 54.7613 54.8309 54.7679 54.7280 54.7280 54.8327 54.8328 54.8295 54.8163 54.9347 55.0139 55.0803 55.1329 55.1426 55.1253 55.2077 55.3428 55.2899 55.3524 55.3948 55.3585 55.5955 55.6150 55.3816 55.3549 55.5925 55.5629 55.6026 55.6157 55.5848 55.5334 55.6332 54.9470 54.9470
54.1969 54.2587 54.2886 54.2887 54.3376 54.2813 54.3570 54.3142 54.2777 54.3173 54.3527 54.3658 54.3692 54.3462 54.4284 54.4243 54.3877 54.4039 54.4074 54.4601 54.3345 54.2387 54.3540 54.3904 54.4467 54.5786 54.5317 54.5612 54.6208 54.8087 54.7821 54.9789 55.0086 54.7841 54.7612 54.6788 54.7377 54.8003 54.8760 54.8890 54.8199 54.7935 54.9383 54.9911 55.0536 55.0700 55.1389 55.0029 55.1778 55.3393 55.2829 55.2529 55.3025 55.3125 55.5592 55.5655 55.2661 55.1737 55.5430 55.3883 55.4870 55.6255 55.6119 55.4691 55.6119 55.0867 55.0867
54.2387 54.2287 54.2549 54.3070 54.3297 54.2900 54.3689 54.3592 54.3636 54.3999 54.3071 54.4132 54.4298 54.4429 54.4261 54.3826 54.4088 54.3722 54.3684 54.3551 54.2621 54.2225 54.5028 54.4862 54.5156 54.5947 54.7300 54.7564 54.7830 54.7564 54.7759 54.8673 54.9234 54.7780 54.7477 54.6845 54.6808 54.7238 54.8129 54.8260 54.8165 54.7673 54.8199 54.8595 54.9256 55.1067 55.1460 55.0528 55.1976 55.3258 55.2693 55.4275 55.4436 55.4702 55.6510 55.6543 55.4510 55.3453 55.5167 55.3355 55.4214 55.4808 55.4540 54.7206 54.8993 55.0730 55.0730
54.2152 54.2184 54.2411 54.2445 54.2677 54.3072 54.3862 54.3694 54.3736 54.3308 54.2549 54.2808 54.2939 54.3729 54.3595 54.3423 54.3557 54.4014 54.3713 54.3712 54.3055 54.4902 54.5394 54.5159 54.5817 54.5917 54.6478 54.6573 54.7261 54.6994 54.8047 54.8670 54.9131 54.7677 54.7242 54.6882 54.6718 54.6947 54.7441 54.7340 54.8134 54.7870 54.7772 54.8395 54.8524 55.0269 55.1092 55.0916 55.0516 55.1440 55.1342 55.4375 55.4343 55.4706 55.7077 55.7341 55.4147 55.3126 55.4840 55.3784 55.4340 55.4008 55.4238 54.6756 54.8296 54.9642 54.9906
54.2781 54.2349 54.2443 54.2837 54.2805 54.3164 54.3427 54.2998 54.3200 54.3006 54.2773 54.2673 54.2972 54.3498 54.3496 54.3489 54.4012 54.4041 54.3739 54.4133 54.3404 54.5120 54.5877 54.5482 54.4998 54.4835 54.5394 54.5563 54.6382 54.7173 54.8258 54.7655 54.7983 54.7585 54.7283 54.7640 54.7707 54.7311 54.8233 54.8103 54.8495 54.8494 54.8924 54.9488 54.9122 54.9945 55.0303 55.2139 55.1344 55.2663 55.2887 55.4832 55.4668 55.5065 55.6775 55.7171 55.4279 55.3390 55.2634 55.2007 55.2299 55.1734 55.2159 54.8201 54.8990 54.9439 54.9703
54.3172 54.2414 54.2517 54.3043 54.2939 54.2903 54.2637 54.2471 54.2940 54.2906 54.2568 54.2833 54.3232 54.3363 54.3757 54.3882 54.4107 54.3581 54.3151 54.3414 54.3011 54.4462 54.6274 54.5876 54.5262 54.5689 54.5848 54.6017 54.7304 54.7699 54.7862 54.7293 54.7389 54.7223 54.7354 54.7580 54.7180 54.7575 54.8232 54.7998 54.7899 54.8459 54.9248 54.9681 54.9844 55.0208 54.9943 55.2274 55.2236 55.2731 55.2824 55.4770 55.4635 55.4667 55.5623 55.5721 55.3850 55.3454 55.2169 55.1277 55.1641 55.1375 55.1771 54.7917 54.8673 54.8983 54.9114
54.3139 54.2480 54.2412 54.3365 54.3463 54.2838 54.2705 54.2540 54.2744 54.2973 54.2674 54.3038 54.3164 54.3197 54.3590 54.3682 54.4171 54.4104 54.3969 54.4231 54.3506 54.4530 54.6079 54.5417 54.5066 54.5462 54.6053 54.5919 54.6874 54.7396 54.7527 54.7222 54.7217 54.7248 54.6983 54.6982 54.7118 54.7382 54.7907 54.8170 54.8071 54.7642 54.8825 54.9221 54.9052 54.9874 55.0399 55.1181 55.2891 55.2891 55.3449 55.5036 55.4770 55.4475 55.5167 55.5530 55.3428 55.3460 55.2403 55.1540 55.1406 55.1272 55.1565 54.7960 54.8901 54.8408 54.8407
54.3738 54.3474 54.3468 54.3599 54.3333 54.2541 54.2405 54.2505 54.1750 54.1915 54.2145 54.2276 54.2376 54.2476 54.2832 54.3584 54.3846 54.4502 54.4630 54.4761 54.4465 54.4854 54.5515 54.4720 54.4261 54.4921 54.5546 54.5280 54.5740 54.6140 54.6236 54.6065 54.6555 54.6981 54.6947 54.6815 54.7270 54.7534 54.8257 54.8389 54.9260 54.8832 54.9521 54.9917 54.9854 55.0349 55.0970 55.1949 55.4090 55.2640 55.2769 55.5336 55.5601 55.5631 55.5665 55.5797 55.2761 55.2793 55.2264 55.1540 55.2200 55.2559 55.2790 54.8362 54.9435 54.8608 54.8606
