regresion/MAYO_2003/SeaWiFS/Composicion (Lt_555).txt
ncols         167
nrows         127
xllcorner     -112.016
yllcorner     26.725
cellsize      0.00898
[rows 87 to 115 of 127, columns 0 to 66 of 167]
110.4560 109.1450 107.1737 98.6339 96.3355 85.3884 81.6770 74.1925 63.9879 40.9663 34.7869 34.7668 35.3893 35.1102 33.6870 33.3914 33.4030 33.2110 33.1427 32.9737 32.8468 32.8148 32.7254 32.7562 32.7778 32.7343 32.6346 32.6806 32.6669 32.6293 32.5523 32.5128 32.4842 32.5794 32.5304 32.5207 32.5768 32.4925 32.4641 32.3441 32.3246 32.3137 32.3529 32.3064 32.3157 32.2876 32.2499 32.2602 32.2393 32.1766 32.1368 32.0975 32.0691 32.0596 32.0688 32.0678 32.1243 32.2272 32.2350 32.2576 32.2950 32.3887 32.3414 32.3227 32.4095 32.4000 32.3679
108.8140 106.8293 99.9429 81.8470 63.9191 52.5236 50.3186 53.4498 48.8131 47.4574 41.3938 42.4788 39.4972 36.4128 34.3168 32.6974 33.1368 33.1176 33.0078 32.9625 32.8537 32.7490 32.6851 32.6193 32.5825 32.5198 32.4967 32.5642 32.5661 32.5691 32.5646 32.5013 32.4168 32.4449 32.5541 32.5275 32.5009 32.4166 32.4090 32.3415 32.3068 32.2974 32.2237 32.2429 32.2504 32.1941 32.2203 32.2117 32.2381 32.1632 32.1608 32.1345 32.0874 32.0686 32.1827 32.1460 32.2021 32.2691 32.2395 32.2865 32.3707 32.3519 32.3143 32.3035 32.4627 32.4612 32.4233
108.1472 103.2267 94.3762 70.2290 55.4212 47.5120 43.7650 48.9625 49.4950 49.6201 47.6571 47.4986 42.2749 38.1892 33.9238 32.3119 33.1214 33.0955 32.9542 32.9854 32.8295 32.7430 32.7100 32.6710 32.6452 32.5561 32.5487 32.5304 32.5258 32.5568 32.5617 32.5078 32.4453 32.4374 32.4450 32.4464 32.4667 32.4479 32.4497 32.3728 32.3162 32.2583 32.2020 32.2307 32.2382 32.2101 32.2269 32.2288 32.3035 32.2956 32.1821 32.2121 32.1931 32.1180 32.2509 32.1834 32.1634 32.1821 32.2837 32.3307 32.3868 32.3586 32.3507 32.3425 32.4439 32.4533 32.4169
103.5710 88.9619 74.3789 55.3981 44.5508 41.1711 39.7301 42.5141 45.1055 49.9226 50.9782 52.9841 49.0919 40.2495 31.4838 32.5677 33.1395 33.0169 32.9542 32.9426 32.8945 32.7708 32.7489 32.7298 32.6721 32.5529 32.5626 32.5460 32.5416 32.4598 32.4878 32.4528 32.4714 32.4523 32.4752 32.4283 32.4383 32.4258 32.4256 32.3507 32.3698 32.2197 32.1821 32.2497 32.2384 32.2791 32.3257 32.3445 32.2673 32.2781 32.2759 32.3415 32.3135 32.2836 32.3302 32.2819 32.2836 32.2928 32.2646 32.2947 32.2679 32.3052 32.3160 32.3130 32.3410 32.3143 32.2840
94.3887 75.7715 63.8108 45.4603 38.6869 36.8031 35.8225 38.3164 40.5706 41.9979 46.7561 46.8661 43.3842 35.6430 32.3800 32.8296 33.0957 33.0003 32.9626 33.0062 32.8572 32.7669 32.6985 32.6961 32.6520 32.5684 32.5504 32.5525 32.5905 32.5449 32.5347 32.4879 32.5264 32.5298 32.5013 32.5304 32.4853 32.4763 32.4762 32.3809 32.3809 32.2778 32.2289 32.2871 32.3133 32.3691 32.4534 32.4172 32.3801 32.4176 32.4261 32.4074 32.3982 32.3704 32.4263 32.3794 32.3808 32.3397 32.2927 32.3228 32.2924 32.3298 32.3312 32.2861 32.3248 32.3422 32.2744
85.1162 67.7200 49.7633 42.0585 36.0860 36.0635 34.7816 35.1239 35.6174 35.7762 37.7571 39.6183 37.1574 34.0241 33.3331 33.1875 33.1715 33.0553 32.9963 33.0272 32.9718 32.8652 32.7393 32.6893 32.6492 32.5440 32.5401 32.5188 32.5590 32.5237 32.5433 32.5077 32.5311 32.5420 32.5415 32.5696 32.5414 32.5133 32.4678 32.3802 32.3519 32.2740 32.2458 32.3040 32.2944 32.3319 32.3510 32.3149 32.3429 32.3986 32.4184 32.3903 32.4464 32.4838 32.5004 32.4536 32.4238 32.3302 32.3002 32.3209 32.2927 32.3585 32.3786 32.3505 32.3612 32.3233 32.3493
66.1295 52.0088 36.7380 34.6487 34.1202 33.9554 34.3034 34.3304 34.2574 34.0120 33.9139 34.1473 33.8551 33.5635 33.3067 33.2046 33.1039 33.0429 33.0304 33.0268 32.9817 32.9067 32.8051 32.7348 32.6780 32.6668 32.6105 32.5433 32.5940 32.6627 32.6047 32.5871 32.5397 32.5960 32.6163 32.6336 32.5679 32.5211 32.5396 32.4447 32.4353 32.3805 32.3708 32.4459 32.4176 32.4004 32.4280 32.4467 32.4841 32.5106 32.4995 32.4531 32.4997 32.5185 32.5749 32.5187 32.5183 32.4821 32.3487 32.3130 32.2770 32.3313 32.3515 32.3234 32.3028 32.3496 32.3386
64.7370 50.9758 36.8282 34.6964 34.2146 34.3994 34.1916 34.0798 33.9962 33.8752 33.7344 34.0081 33.8568 33.6069 33.3047 33.2075 33.0905 32.9993 32.9499 32.9914 32.9681 32.8837 32.7749 32.7029 32.6776 32.6409 32.5828 32.5457 32.5983 32.6733 32.6381 32.6112 32.5682 32.6245 32.6445 32.6273 32.5709 32.5146 32.5237 32.4288 32.4551 32.4349 32.3582 32.4239 32.3862 32.3690 32.4060 32.4435 32.5015 32.5309 32.5118 32.4653 32.4743 32.4837 32.5588 32.5026 32.5287 32.4911 32.3083 32.2821 32.2741 32.3003 32.3674 32.3299 32.2847 32.3410 32.3248
62.4034 48.5282 33.5685 34.0951 33.7700 34.0888 33.9183 33.7651 33.6421 33.5445 33.4262 33.5808 33.5212 33.3792 33.1158 33.0912 33.0372 32.9264 32.8887 32.8906 32.9152 32.8777 32.7341 32.6430 32.6276 32.6373 32.6074 32.5356 32.5373 32.5560 32.5770 32.5115 32.5360 32.6283 32.5806 32.5680 32.5117 32.5569 32.5285 32.4737 32.5264 32.5269 32.4891 32.4283 32.4187 32.4749 32.4749 32.4485 32.5239 32.5534 32.6168 32.5464 32.5648 32.5273 32.5270 32.4878 32.5153 32.5079 32.4366 32.4270 32.3894 32.3613 32.3613 32.3349 32.3163 32.3632 32.3390
57.7691 42.9343 33.4163 34.2459 33.3396 33.9781 33.8332 33.6408 33.4649 33.3258 33.2211 33.3316 33.3071 33.1846 33.0634 33.0557 33.0572 33.0169 32.9481 32.9012 32.8409 32.8633 32.7924 32.6819 32.6646 32.6376 32.5611 32.5068 32.5321 32.4911 32.5236 32.5424 32.5685 32.6060 32.5287 32.5100 32.4174 32.4084 32.4720 32.4439 32.4643 32.4756 32.4567 32.4098 32.4171 32.4452 32.4563 32.4264 32.5106 32.5481 32.5551 32.5269 32.5850 32.5474 32.5735 32.5190 32.4814 32.4632 32.4178 32.4177 32.4721 32.4533 32.4457 32.3988 32.3687 32.3795 32.4324
63.7234 49.1979 33.2205 35.6974 32.8668 33.2198 33.7189 33.6343 33.5478 33.3649 33.2123 33.1616 33.1436 33.0941 32.9926 33.0225 33.0514 32.9649 33.0672 32.9739 32.8162 32.8162 32.8152 32.7870 32.7608 32.5915 32.5819 32.5271 32.5645 32.4938 32.4674 32.4768 32.4766 32.4297 32.4214 32.4091 32.3445 32.3614 32.4249 32.3969 32.4156 32.4531 32.4248 32.4248 32.4079 32.4172 32.4283 32.4658 32.5125 32.5221 32.5385 32.5306 32.5754 32.5097 32.5547 32.4983 32.4777 32.4890 32.4624 32.4516 32.4610 32.4252 32.4176 32.3708 32.3427 32.3708 32.3891
69.9285 57.3656 37.9235 35.5553 32.8186 33.1116 33.6076 33.4781 33.4145 33.2747 33.1704 33.1144 33.0567 33.0804 33.1030 33.1068 33.0305 32.9280 33.0148 32.8824 32.7759 32.7459 32.7355 32.6904 32.6639 32.6002 32.5361 32.4907 32.4717 32.3953 32.4326 32.4420 32.4043 32.3387 32.2508 32.2648 32.2334 32.2146 32.3381 32.3100 32.2723 32.3022 32.2975 32.3094 32.3111 32.3392 32.3841 32.3935 32.4120 32.4480 32.4786 32.4865 32.4940 32.4489 32.4863 32.4488 32.4675 32.4694 32.4929 32.5036 32.4786 32.4204 32.3922 32.3641 32.3438 32.3419 32.4026
69.1256 58.7515 45.8026 40.0182 33.2959 33.3688 33.4882 33.4695 33.4370 33.3577 33.2916 33.2637 33.1199 33.0616 33.1480 33.1416 33.0962 33.0320 32.9966 32.9034 32.8628 32.7815 32.7517 32.7628 32.7522 32.6885 32.5936 32.5841 32.5370 32.4375 32.5217 32.4281 32.3904 32.3420 32.3117 32.2284 32.2659 32.2472 32.3893 32.3705 32.3141 32.3269 32.3272 32.3725 32.3742 32.3634 32.4176 32.4161 32.4814 32.4908 32.4788 32.4601 32.4514 32.4813 32.5093 32.4734 32.4827 32.4940 32.4958 32.4849 32.4649 32.4162 32.4067 32.3879 32.3675 32.3751 32.4198
76.6995 72.7638 61.6974 46.7705 35.7562 32.5903 33.2548 33.5713 33.5333 33.3410 33.3565 33.3665 33.1998 33.1898 33.2059 33.1601 33.1621 33.1352 32.9844 32.9193 32.9130 32.8474 32.7076 32.6777 32.6523 32.5793 32.4606 32.4587 32.4416 32.4202 32.3841 32.3280 32.3764 32.3187 32.3147 32.2493 32.2774 32.2367 32.2721 32.2440 32.2533 32.1817 32.2471 32.2578 32.2859 32.2984 32.3169 32.3828 32.4013 32.4013 32.4742 32.4461 32.4258 32.4040 32.4508 32.4130 32.4129 32.4336 32.4617 32.4348 32.4348 32.3998 32.4297 32.3829 32.3249 32.3735 32.3621
80.2953 77.9933 72.8212 62.7160 50.1101 44.6663 33.9258 34.0375 32.9861 33.0294 33.4971 33.5331 33.4671 33.4706 33.3911 33.2788 33.2784 33.2653 33.1137 33.1142 33.0936 32.9231 32.8431 32.7603 32.6288 32.6120 32.5104 32.4354 32.4183 32.4160 32.3676 32.3474 32.3454 32.3251 32.2836 32.1977 32.2146 32.1866 32.1597 32.1926 32.1925 32.1849 32.1771 32.2159 32.2364 32.2817 32.2878 32.3235 32.3607 32.3701 32.4130 32.4112 32.4096 32.3753 32.4048 32.3972 32.3971 32.4271 32.4477 32.4226 32.4225 32.3929 32.3974 32.3974 32.3128 32.3503 32.3652
81.9320 81.2699 79.6245 72.4520 67.1203 61.6440 39.3626 33.0011 32.3742 33.1899 33.6160 33.6301 33.6251 33.4827 33.4049 33.2921 33.2880 33.2707 33.1850 33.1482 33.1474 32.9244 32.8066 32.6956 32.5947 32.6604 32.5162 32.4599 32.4786 32.4767 32.4376 32.4173 32.4171 32.3424 32.3104 32.2743 32.2572 32.2385 32.2396 32.2332 32.2501 32.2427 32.2725 32.2427 32.2596 32.2955 32.2828 32.2922 32.3201 32.3294 32.3365 32.3477 32.3771 32.3616 32.3816 32.3628 32.4002 32.3928 32.3834 32.3532 32.3987 32.3597 32.3660 32.3679 32.3003 32.3378 32.4311
83.2514 83.9037 83.5659 82.0744 77.8150 70.4323 44.1413 37.1953 32.5581 33.4861 33.6362 33.6741 33.6625 33.5532 33.5091 33.4521 33.4408 33.3688 33.3278 33.2558 33.2573 33.1092 32.9590 32.7773 32.6946 32.6701 32.5569 32.5288 32.5328 32.4748 32.4372 32.3812 32.4091 32.3374 32.2866 32.2584 32.2681 32.2414 32.2491 32.2195 32.2269 32.2477 32.2493 32.2506 32.2487 32.2845 32.2859 32.2952 32.3340 32.3339 32.3597 32.3725 32.3804 32.3131 32.3410 32.3410 32.4612 32.4069 32.3882 32.3580 32.3579 32.3408 32.3032 32.2863 32.3045 32.3045 32.4542
86.1887 87.8288 87.8201 87.4877 86.5055 83.8844 58.9679 44.6544 36.9294 32.8093 33.3279 33.9654 33.9811 33.8607 33.8240 33.7233 33.6607 33.6290 33.7070 33.6408 34.8150 34.7664 35.2695 35.1293 33.0394 32.6554 32.5224 32.4848 32.4854 32.4947 32.3766 32.3174 32.3624 32.3966 32.3194 32.2912 32.3301 32.3204 32.3032 32.3313 32.2877 32.2912 32.2816 32.2722 32.2518 32.2801 32.3518 32.3892 32.3873 32.3576 32.3554 32.3663 32.3206 32.3376 32.3955 32.3408 32.3143 32.3176 32.3552 32.3456 32.3632 32.3162 32.3689 32.3127 32.2542 32.2884 32.3819
86.1829 87.8214 89.4614 91.4298 90.1199 89.1354 71.2661 53.4262 41.4140 35.2132 33.4453 33.9566 34.3332 34.1655 34.1070 34.0145 34.0694 34.0494 34.2868 34.0530 36.7733 36.9316 36.8446 36.7811 33.4600 33.0197 32.6331 32.6049 32.5661 32.5848 32.4748 32.2980 32.3227 32.3040 32.2768 32.2487 32.3315 32.3348 32.3346 32.3252 32.3066 32.3179 32.3051 32.3223 32.3047 32.3216 32.3854 32.4245 32.4431 32.4917 32.4253 32.3707 32.3798 32.4177 32.4569 32.4180 32.3523 32.3149 32.3588 32.3305 32.3019 32.2830 32.3294 32.3294 32.3272 32.3289 32.3975
87.5030 86.8413 85.5243 87.1667 85.8559 84.8775 77.0125 70.4643 57.3139 43.4820 38.9470 36.6329 34.4164 34.1057 34.3817 34.4534 35.1482 35.0818 40.6376 40.3299 45.8736 47.8015 50.9137 48.9104 45.6916 36.2544 32.9517 32.6601 32.6632 32.6009 32.6387 32.4625 32.3855 32.3481 32.3430 32.3097 32.2951 32.3153 32.3722 32.3704 32.3432 32.3078 32.3267 32.3532 32.3405 32.3498 32.3608 32.3780 32.4341 32.4528 32.3865 32.3956 32.3971 32.4080 32.4153 32.3984 32.3889 32.4097 32.3896 32.3614 32.3408 32.3223 32.3784 32.4144 32.3934 32.4402 32.4320
87.5026 86.1816 83.8825 82.9095 83.2319 82.2536 78.6465 76.8360 63.6606 49.0853 44.2883 41.5930 34.9328 34.5398 34.6641 34.6733 35.4841 35.6708 44.3351 50.9031 56.7150 58.0027 59.8959 54.0108 51.2416 39.9812 34.4942 34.3944 32.7311 32.6179 32.6251 32.5237 32.4461 32.4203 32.3673 32.3644 32.3405 32.3045 32.3988 32.3988 32.4015 32.3567 32.4034 32.4296 32.4356 32.4168 32.4354 32.4228 32.4601 32.4694 32.4204 32.4425 32.4238 32.3878 32.3595 32.3724 32.3630 32.4400 32.3896 32.3707 32.3702 32.4062 32.4248 32.4123 32.3913 32.4193 32.4400
87.8253 86.5147 83.5573 81.2703 79.6362 79.9644 80.9510 80.9468 77.1679 67.0974 56.4916 54.1969 38.0321 34.9088 34.9533 34.9624 35.7512 35.9881 49.2360 59.7085 70.6261 72.9186 71.2834 67.2855 66.3023 48.8110 37.9406 38.2482 32.5600 32.5829 32.6678 32.5357 32.4985 32.4924 32.3661 32.3064 32.3007 32.2730 32.3074 32.3261 32.3424 32.3320 32.3760 32.4492 32.4357 32.4437 32.4436 32.4324 32.5178 32.4725 32.4251 32.4457 32.3892 32.3424 32.3047 32.3158 32.3612 32.4194 32.4235 32.4046 32.4420 32.4231 32.4136 32.3948 32.3754 32.3940 32.4052
87.1756 88.4840 86.5158 81.9290 79.3130 79.6403 81.9325 84.2226 84.5504 82.5798 78.3227 69.4389 46.7365 37.4179 34.6025 35.3147 36.4936 39.6444 50.0922 63.6934 78.3247 77.9935 75.3638 74.0540 71.0814 66.5011 50.5176 43.6156 38.0748 32.6439 32.6895 32.5281 32.6867 32.6699 32.5053 32.4765 32.4135 32.3315 32.2481 32.2650 32.2409 32.2828 32.3831 32.4299 32.4545 32.5107 32.4731 32.4750 32.5088 32.4447 32.4182 32.4369 32.3880 32.3411 32.3409 32.3297 32.3214 32.3421 32.3481 32.3667 32.3871 32.4231 32.3963 32.3512 32.3585 32.4053 32.4053
87.1746 87.1734 86.1775 82.9105 80.6222 81.2741 82.2611 84.2239 84.8791 84.2235 84.8786 75.0118 56.4890 42.5196 34.0622 35.0000 36.0752 37.6600 43.2138 52.1679 75.7019 78.6534 76.0215 75.0391 75.0390 73.4086 64.9201 59.4618 52.6344 35.9232 33.3654 32.3547 32.4103 32.6120 32.5157 32.5018 32.5122 32.4354 32.3075 32.2778 32.2730 32.3380 32.4315 32.4864 32.4698 32.5052 32.5289 32.5198 32.5269 32.5081 32.4736 32.4736 32.3815 32.3440 32.3410 32.3394 32.3411 32.3510 32.4147 32.3772 32.3863 32.4124 32.4072 32.3323 32.3390 32.3765 32.3858
82.9033 82.9080 81.2720 81.5949 81.9273 82.9144 82.5824 83.5671 84.5496 86.1913 85.2089 79.9677 71.2879 60.2008 48.3749 40.8568 36.7270 37.3938 42.1313 51.3335 62.9417 74.3815 76.0205 76.3520 77.3359 77.0120 74.3832 71.7639 68.2668 63.5117 45.3504 38.3031 32.0057 32.2513 32.7780 32.7109 32.6170 32.6161 32.5627 32.5144 32.4423 32.3779 32.4125 32.3961 32.4484 32.4908 32.5022 32.5418 32.5477 32.4839 32.4148 32.3867 32.3771 32.2927 32.2939 32.2641 32.2713 32.2465 32.3402 32.3027 32.3213 32.3792 32.3778 32.3403 32.2559 32.2933 32.3776
77.3321 78.6505 78.3280 79.6343 81.6042 82.2567 83.5663 84.2281 84.5559 85.2110 86.1842 83.2406 81.2719 74.7120 67.5956 57.7495 41.4527 38.6696 40.7228 45.6276 66.3834 72.2209 76.6780 77.0098 76.6766 76.3487 77.6612 76.6745 76.3452 73.7230 61.5698 50.4412 34.0391 31.3125 32.6659 32.7576 32.7107 32.6820 32.6196 32.6074 32.6079 32.4851 32.4511 32.4534 32.4818 32.4981 32.5525 32.4908 32.4586 32.4505 32.3551 32.3645 32.3455 32.3490 32.3200 32.2656 32.3109 32.2926 32.3676 32.3300 32.3206 32.3111 32.3403 32.3216 32.3115 32.3208 32.2940
75.0447 76.0310 77.0113 78.9746 81.9271 82.5797 83.2343 83.5637 83.8915 84.2234 86.1883 84.2283 82.9164 79.9618 76.6268 67.2396 49.0058 43.0067 39.8957 42.9081 60.4964 68.2903 76.3426 76.0194 75.3578 75.0341 77.3375 77.3337 77.6610 76.0213 68.2080 55.1187 37.2248 32.5190 32.7496 32.8871 32.8348 32.7649 32.6915 32.6726 32.6732 32.6023 32.4860 32.5113 32.5317 32.5706 32.5411 32.4794 32.3914 32.3725 32.2785 32.2879 32.2971 32.3288 32.3261 32.2717 32.3015 32.3207 32.3409 32.3314 32.3032 32.2750 32.3435 32.3248 32.3395 32.3474 32.2925
73.0831 74.0671 75.3730 77.6680 80.9435 82.5874 83.2426 82.9062 82.5746 82.9083 84.5503 84.8776 85.5276 85.2052 84.5408 83.2302 64.5091 50.3768 40.1461 40.3549 46.7988 59.1355 72.0889 74.3814 73.3904 73.7214 76.6778 77.6602 77.9874 77.0025 72.7414 59.3465 46.6208 38.3043 32.6649 32.5384 32.9054 32.8815 32.7713 32.7447 32.7256 32.6682 32.5924 32.5859 32.6334 32.6037 32.5426 32.4748 32.3876 32.3583 32.3238 32.3459 32.3046 32.3234 32.3208 32.2901 32.3087 32.3013 32.2651 32.2838 32.2572 32.2665 32.2967 32.2686 32.3039 32.2948 32.2730
73.0781 74.0591 75.0410 76.3601 79.6314 81.2707 82.2512 81.9244 81.5926 82.5840 82.9117 83.8912 85.8629 87.8261 88.1556 85.5364 69.1885 62.4659 43.1518 37.3764 42.1423 51.4150 72.1603 76.0206 75.0405 76.0227 77.0060 77.3279 77.3278 77.3288 76.0227 69.4329 57.2867 48.4106 34.3276 34.5769 32.9170 33.1412 33.0592 33.0986 32.9963 32.8296 32.8119 32.8455 32.8210 32.7642 32.6825 32.6288 32.5852 32.5632 32.4608 32.4465 32.4143 32.4612 32.4251 32.4420 32.4134 32.4153 32.4153 32.3981 32.3235 32.3141 32.3234 32.2654 32.2926 32.3488 32.3187
