regresion/MAYO_2003/SeaWiFS/Composicion (Lt_490).txt
ncols         167
nrows         127
xllcorner     -112.016
yllcorner     26.725
cellsize      0.00898
[rows 0 to 28 of 127, columns 67 to 133 of 167]
55.7136 55.5684 55.3673 55.2220 55.2549 54.5652 54.7400 55.0168 55.0129 55.0360 55.1047 55.7009 56.6216 55.8699 55.9060 56.0213 55.9420 56.8885 56.2620 56.3244 55.5349 55.1601 54.7379 54.7247 54.4929 54.4733 54.3357 53.9382 53.8819 53.7389 53.9113 53.9018 53.9443 53.9309 53.9507 53.9037 53.9171 54.0489 53.9396 53.9528 53.8566 53.7775 53.7476 53.8797 53.9720 54.0937 54.0541 54.1153 54.1152 54.0018 53.8595 53.9249 54.0852 54.4087 54.5457 54.6908 55.1889 56.3046 61.3743 65.8200 61.9003 56.6668 56.1642 55.4115 55.5261 55.6616 55.6923
55.4029 55.0997 55.1920 55.2313 55.2176 55.0371 54.8491 54.8227 54.9013 54.9245 54.8978 54.8351 55.9910 55.3978 55.4274 55.3520 55.4536 55.8785 55.8355 55.9903 55.5594 55.2161 55.0973 55.0841 54.8163 54.8427 54.7534 54.3795 54.2637 54.1515 54.1439 54.1362 54.1491 53.9640 53.9870 53.9606 53.9474 54.0626 53.8640 53.9827 53.8896 53.8501 54.0806 54.0901 54.0408 54.1196 54.2219 54.2156 54.3046 54.1431 53.9589 54.1964 54.2850 54.5354 54.5354 54.5750 54.6237 55.4880 56.8202 59.8572 57.4824 55.9792 55.5972 55.2384 55.3154 55.6114 55.6275
54.6883 54.8629 54.9816 54.9550 54.9583 55.0109 55.0101 54.7465 54.6801 54.6637 54.6502 54.7657 54.7787 55.0824 55.0062 54.7987 54.6368 55.1774 55.3486 55.4839 55.4209 55.2845 55.1132 55.1131 54.9907 54.9249 54.7532 54.7400 54.6670 54.4231 54.3963 54.3341 54.2911 54.0399 54.0661 53.9867 54.0158 54.0720 53.9729 54.0125 53.8798 53.9721 54.1137 54.3907 54.0873 54.0740 54.3273 54.2781 54.4066 54.3406 54.1724 54.1459 54.1625 54.2383 54.2222 54.3937 54.4160 54.6834 54.8680 55.8438 55.2507 55.1808 55.0732 55.2303 55.3164 55.3661 55.3584
54.6653 54.9586 55.0904 55.0112 54.9979 54.9281 54.9572 54.7464 54.7426 54.7130 54.6731 54.7126 54.7125 55.0659 55.0591 54.7723 54.6400 54.9696 55.2332 55.3518 55.3253 55.1957 55.0868 55.0736 55.0534 54.9612 54.8686 54.8686 54.8190 54.6282 54.5020 54.5982 54.5320 54.3865 54.3468 54.0561 54.1677 54.1415 54.0783 54.1045 53.9950 54.1003 54.1264 54.4033 54.1231 54.0967 54.3670 54.5290 54.6476 54.4629 54.4102 54.0206 53.9548 53.9910 54.0858 54.2177 54.1911 54.3229 54.4678 54.6502 54.7460 54.8082 54.7685 55.1621 55.2820 55.2978 55.2719
54.3875 54.6248 54.8225 54.7830 54.7430 54.7663 54.9614 54.7604 54.6906 54.7039 54.5849 54.6508 54.7693 54.8484 54.8675 54.8341 54.5832 54.7282 54.9916 55.0970 54.7674 54.4774 54.9033 54.8636 55.1498 55.1893 55.0176 54.8462 54.8888 54.7398 54.5905 54.6604 54.5415 54.4091 54.3826 54.1709 54.2240 54.3031 54.3621 54.6752 54.5394 54.5524 54.7366 54.8684 54.4496 54.3111 54.3867 54.3539 54.5910 54.5646 54.6304 54.1826 54.1692 54.1196 54.2083 54.3666 54.3400 54.3135 54.4321 54.4213 54.5761 54.6046 54.6524 54.8386 54.9190 54.9659 54.9659
54.2432 54.5731 54.5995 54.5465 54.5630 54.6554 54.5690 54.6673 54.7690 54.7822 54.5446 54.5182 54.5277 54.5541 54.5407 54.6768 54.6897 54.5710 54.8345 54.9399 54.7322 54.5475 54.6784 54.6518 54.8326 55.1357 55.2146 55.0433 54.9766 54.7261 54.6837 54.7799 54.6342 54.5813 54.4886 54.2641 54.2506 54.3621 54.3950 54.8067 54.6445 54.7234 54.6309 54.6177 54.7625 54.6309 55.0521 54.6048 54.3147 54.4069 54.5650 54.4561 54.5120 54.2778 54.2179 54.3630 54.2340 54.1545 54.1940 54.3314 54.3219 54.5279 54.5866 54.7335 54.8258 54.8826 54.8826
54.2598 54.2459 54.2986 54.2326 54.2886 54.3382 54.2486 54.2914 54.5025 54.5421 54.5023 54.4890 54.4854 54.5017 54.4916 54.4659 54.4815 54.4551 54.6261 54.6920 54.7842 54.6525 54.6522 54.5826 54.7376 54.7508 54.8297 54.8429 54.8025 54.8024 54.6837 54.6213 54.5712 54.4918 54.3695 54.2506 54.2667 54.3425 54.2430 54.2234 54.2458 54.2061 54.1958 54.2486 54.1395 53.8492 54.5808 54.5155 54.0010 53.9977 54.1425 54.1557 54.2116 54.2780 54.0202 54.0959 54.0988 54.0885 54.2070 54.3413 54.3375 54.4825 54.5974 54.7727 54.7859 54.8754 54.8754
54.1137 54.0715 54.0880 54.0352 54.1540 54.2431 54.1735 54.2262 54.4990 54.5583 54.5018 54.5281 54.5016 54.4783 54.4385 54.4189 54.4027 54.4522 54.6136 54.7058 54.7552 54.8343 54.8475 54.7981 54.7508 54.6485 54.6973 54.6839 54.6606 54.6206 54.7161 54.7335 54.6605 54.5679 54.4224 54.2508 54.2637 54.3560 54.1841 54.1312 54.1437 54.0906 54.0771 54.1036 54.0901 53.8526 53.9416 54.3304 54.0501 53.8492 54.1030 54.0240 54.1161 54.1821 53.9569 54.0492 54.0364 54.0790 54.1185 54.1810 54.3548 54.5396 54.6021 54.6796 54.6216 54.5940 54.5940
53.9754 54.0418 54.0385 53.9824 54.1542 54.1674 54.1665 54.2325 54.4229 54.4921 54.5643 54.5410 54.5277 54.5012 54.4217 54.4751 54.4755 54.5712 54.7886 54.8940 54.8510 54.9697 54.8998 54.8931 54.6611 54.6348 54.7366 54.6968 54.5516 54.6170 54.6037 54.6377 54.5156 54.3966 54.3600 54.0827 54.0956 54.2010 54.1576 54.1042 53.9881 53.9449 53.9282 53.9546 53.9414 53.8885 53.9808 54.2713 54.0998 53.9186 54.0275 53.9483 54.0536 54.1328 53.9837 54.0496 53.9602 53.9567 53.9039 53.9532 54.1309 54.2631 54.3256 54.5706 54.5566 54.5726 54.5726
54.1047 54.0155 53.9718 53.9157 54.0875 54.1140 54.2156 54.2652 54.4331 54.4723 54.5386 54.5418 54.5416 54.5546 54.5017 54.5745 54.5778 54.5476 54.6035 54.7352 54.7845 54.8636 54.9255 55.0015 54.7768 54.6717 54.7375 54.7109 54.5921 54.6706 54.6706 54.7668 54.5843 54.4653 54.4386 54.2009 54.1611 54.2665 54.1436 54.1666 53.9721 53.9951 53.9420 54.0080 53.9285 53.8624 54.0601 53.9947 54.4983 54.0796 54.2247 53.9214 54.0664 54.1059 54.0855 54.1322 54.1617 54.0724 53.9802 53.9539 54.1459 54.3273 54.3703 54.5810 54.5409 54.5664 54.5509
54.1273 54.0082 53.9427 53.9926 54.0586 54.1246 54.2527 54.3082 54.4365 54.4661 54.5672 54.4782 54.4516 54.5043 54.5174 54.5869 54.5343 54.7556 54.8251 54.9173 54.7821 54.6766 54.7647 54.8338 54.8067 54.7537 54.7896 54.7366 54.5682 54.7260 54.7391 54.6241 54.4495 54.3472 54.3437 54.2115 54.2905 54.3168 54.1707 54.2270 53.9980 54.0474 53.9447 53.9843 53.8653 53.8389 54.1157 54.4985 54.4853 54.5018 54.6173 53.9713 54.0240 54.1592 54.1423 54.2044 54.1124 53.9931 54.0590 54.0098 54.1002 54.3272 54.3272 54.6736 54.7866 54.7661 54.7506
54.1673 54.0879 54.2098 54.1404 54.1535 54.2361 54.2552 54.2781 54.3835 54.4000 54.4849 54.4228 54.4491 54.4986 54.5151 54.4791 54.5613 54.6008 54.9298 55.0220 55.0483 54.7615 54.7145 54.7672 54.8595 54.9088 55.0540 54.9614 54.8558 54.9709 54.8023 54.6742 54.6048 54.4296 54.3730 54.2937 54.4154 54.4549 54.2660 54.2791 54.2095 54.1406 54.0080 54.0344 53.9783 53.8596 53.8362 53.9420 54.2780 54.0929 54.0929 54.0664 53.9379 54.0995 54.1453 54.1849 54.2348 54.1655 54.2447 54.2580 54.3058 54.4799 54.5051 54.6931 54.8086 54.8245 54.7925
54.0415 54.0382 54.1007 54.0351 54.0746 54.1671 54.1963 54.1928 54.2981 54.3674 54.4923 54.4490 54.4620 54.4883 54.5476 54.4820 54.4852 54.6433 54.6927 54.7191 54.8640 54.8904 54.7642 54.8301 54.8135 54.8399 55.1197 55.1458 54.9875 55.0563 54.9241 54.8091 54.7298 54.4090 54.3730 54.3202 54.3728 54.4619 54.2729 54.3125 54.2297 54.2688 54.0210 54.0210 53.8727 53.7835 53.7733 53.8298 53.9608 53.8986 53.8689 53.8426 54.0009 54.0140 54.0070 54.0994 54.2309 54.2145 54.2310 54.2674 54.3054 54.5277 54.5660 54.9102 54.9080 54.7786 54.7467
54.0745 54.0712 54.1470 54.0715 54.0978 54.1771 54.2097 54.2787 54.3312 54.3873 54.5088 54.4655 54.4521 54.4783 54.5868 54.5212 54.4916 54.6233 54.7292 54.7458 54.8607 54.8739 54.7514 54.8041 54.8202 54.8465 55.1358 55.2115 54.9640 55.0727 54.9898 54.8880 54.8087 54.5776 54.5283 54.4263 54.4622 54.5645 54.4317 54.4713 54.4180 54.4206 54.2453 54.2454 54.0342 53.9188 53.9978 54.0014 54.1294 54.0672 53.9748 53.9617 54.0374 54.0110 53.9808 54.0863 54.2046 54.2473 54.2309 54.3139 54.3403 54.5658 54.5512 54.8920 54.9039 54.8969 54.8651
54.1413 54.0093 54.1279 53.9695 53.9956 54.0808 54.1562 54.2418 54.3207 54.3440 54.4228 54.3668 54.4264 54.5056 54.5318 54.4429 54.4690 54.6403 54.7885 54.8280 54.7678 54.7513 54.7374 54.8957 54.8165 54.8561 55.1820 55.1858 55.0572 55.1889 55.0169 54.9416 54.7667 54.5749 54.5088 54.5050 54.5144 54.4881 54.4345 54.5136 54.3812 54.3613 54.2391 54.2956 54.1438 54.0909 54.0875 54.0647 54.0645 54.1601 54.0668 53.9877 53.9974 54.1029 54.0597 54.1027 54.1949 54.2937 54.3471 54.4092 54.3828 54.5936 54.5768 54.7015 54.8158 54.8814 54.8700
54.2827 54.1804 54.1374 54.1106 54.1602 54.3677 54.1435 54.1994 54.2124 54.2785 54.5061 54.4666 54.5054 54.5319 54.4918 54.4691 54.4951 54.6402 54.7813 54.7679 54.8210 54.6462 54.7510 55.0674 55.2386 55.2750 55.3210 55.1795 55.0474 55.0039 54.8979 54.8356 54.7463 54.6901 54.5941 54.4586 54.4752 54.4225 54.4582 54.4844 54.4280 54.4573 54.3947 54.3683 54.3414 54.3676 54.2884 54.1864 54.1630 54.2124 54.1963 54.0774 54.1695 54.2091 54.1262 54.1923 54.2151 54.3076 54.3465 54.4705 54.4441 54.4479 54.4676 54.6054 54.7225 54.8180 54.8371
54.2071 54.2202 54.1871 54.2000 54.2395 54.4341 54.1890 54.1893 54.1627 54.2782 54.6014 54.4957 54.5056 54.5554 54.5154 54.4531 54.4922 54.5876 54.5936 54.5934 54.7319 55.1534 55.0969 55.2289 55.4265 55.5747 55.8913 55.0967 55.1029 55.1593 55.0270 54.8988 54.7268 54.7234 54.5809 54.4785 54.5045 54.4517 54.4611 54.4345 54.3913 54.4604 54.3286 54.3252 54.3288 54.3516 54.2988 54.2628 54.1174 54.2263 54.1730 54.2387 54.2912 54.3308 54.2347 54.1820 54.1951 54.2972 54.3336 54.4098 54.3934 54.4521 54.4542 54.5081 54.6233 54.8389 54.8085
54.3254 54.1767 54.1471 54.1339 54.1336 54.2521 54.6609 54.4335 54.3844 54.3976 54.5753 54.5356 54.5652 54.6014 54.6572 54.5913 54.5740 54.6896 54.6729 54.6068 54.6724 54.8077 54.9586 55.0247 55.0677 55.1896 55.4164 55.7064 55.1396 55.1261 54.9976 54.7995 54.6635 54.6073 54.4884 54.5015 54.5414 54.5643 54.4812 54.4941 54.3490 54.3916 54.3682 54.3190 54.3450 54.4143 54.3351 54.3086 54.1335 54.1466 54.1068 54.1664 54.2189 54.2457 54.2814 54.2551 54.2682 54.3242 54.3966 54.4585 54.3849 54.4699 54.4567 54.5294 54.6446 55.0429 55.0754
54.2397 54.1174 54.0778 54.1105 54.1234 54.2783 54.7003 54.4796 54.4305 54.3777 54.4468 54.4403 54.4832 54.4962 54.7034 54.6506 54.6201 54.6994 54.6858 54.6329 54.6589 54.8338 54.9257 55.0049 55.0479 55.2062 55.4562 55.7462 54.9948 54.9681 54.9944 54.7665 54.6965 54.6039 54.5279 54.5410 54.5281 54.6106 54.4747 54.4877 54.3557 54.4874 54.4476 54.3983 54.3453 54.4375 54.3944 54.3316 54.1698 54.1961 54.1465 54.1137 54.1266 54.2392 54.2749 54.2585 54.2980 54.3373 54.3965 54.4852 54.4610 54.4669 54.4537 54.5444 54.5576 54.8376 54.8701
54.2701 54.3654 54.4048 54.3551 54.3548 54.4077 54.7106 55.1811 55.0196 54.9537 54.5025 54.5389 54.5783 54.5550 54.7587 54.6608 54.5977 54.7328 54.6431 54.6694 54.7088 54.7221 54.7970 54.8859 54.9780 55.0835 55.2219 55.4328 55.3796 55.1720 54.8426 54.7800 54.7929 54.7794 54.7194 54.6930 54.6534 54.6628 54.4248 54.4344 54.4704 54.4836 54.4274 54.3845 54.3087 54.3028 54.2894 54.2267 54.2134 54.2793 54.2131 54.2461 54.2688 54.3048 54.3537 54.4163 54.4424 54.4820 54.4875 54.5908 54.5699 54.6614 54.6483 54.5431 54.4772 54.9474 54.9484
54.1540 54.3618 54.6384 54.5886 54.6148 54.7962 54.6869 55.1261 55.6764 55.6205 55.1095 54.9250 54.7271 54.5850 54.7426 54.7194 54.6828 54.7089 54.7188 54.7451 54.7052 54.6592 54.7811 54.8171 54.8797 55.0379 55.2882 55.2518 55.3639 55.1562 54.9903 54.8223 54.9043 54.8249 54.7454 54.6895 54.6694 54.6468 54.4056 54.4944 54.5204 54.4677 54.4310 54.4705 54.3454 54.3187 54.2658 54.2163 54.2162 54.2030 54.1895 54.2392 54.2850 54.3212 54.3607 54.4662 54.4790 54.4923 54.4907 54.6266 54.6220 54.6829 54.6697 54.5695 54.5036 54.9485 54.9520
54.0224 54.0918 54.1444 54.1638 54.2199 54.3122 54.2883 54.3543 55.1544 55.0359 55.1118 54.8749 54.7524 54.8051 54.9172 54.7524 54.7034 54.7259 54.7816 54.7947 54.7981 54.7518 54.8268 54.8268 54.8627 55.0077 55.0733 55.1888 55.1984 55.0139 55.0499 54.9746 54.9345 54.8947 54.8285 54.7918 54.7160 54.7095 54.5174 54.5400 54.5035 54.5167 54.4241 54.4374 54.3615 54.4671 54.3785 54.3783 54.3782 54.3913 54.2063 54.3117 54.3216 54.3480 54.4857 54.5682 54.5415 54.5679 54.5673 54.5862 54.6097 54.6974 54.6843 54.6077 54.5391 54.9244 54.9415
54.2730 54.1443 54.0648 54.0349 54.1176 54.1966 54.1795 54.1829 54.3938 54.3773 54.7239 54.8327 54.8684 54.8852 54.9806 54.8417 54.8416 54.8275 54.8406 54.8668 54.8408 54.8408 54.8005 54.7345 54.8099 54.8267 54.9186 55.1461 55.2215 55.2382 55.1292 54.9048 54.9439 54.8908 54.8643 54.7290 54.6499 54.7125 54.5995 54.5996 54.3622 54.4281 54.4541 54.5069 54.3682 54.3982 54.2920 54.3086 54.3611 54.3743 54.1763 54.2124 54.2356 54.2488 54.3637 54.4663 54.5584 54.6112 54.7459 54.7357 54.7493 54.7737 54.7631 54.7429 54.6976 54.8126 54.8494
54.2965 54.2174 54.0060 54.0449 54.0317 54.0843 54.1464 54.2519 54.4363 54.4264 54.8389 54.9148 54.9146 54.8523 54.9577 54.8386 54.8386 54.8443 54.8048 54.8179 54.8339 54.8207 54.7868 54.7770 54.8458 54.8627 55.0338 55.1789 55.2415 55.2716 55.2483 55.0600 54.9211 54.9042 54.8813 54.7358 54.7354 54.7222 54.6424 54.6028 54.3457 54.4809 54.4770 54.4902 54.5168 54.4017 54.3681 54.2757 54.2984 54.2951 54.1401 54.2554 54.2584 54.2750 54.3768 54.3839 54.5058 54.6244 54.7562 54.7366 54.7335 54.8436 54.8298 54.8590 54.7670 54.9307 54.9473
54.2761 54.3156 54.1116 54.1311 54.1574 54.1309 54.1799 54.1800 54.3117 54.2754 54.5944 54.6966 54.6964 54.7922 54.8976 54.9104 54.8972 54.7787 54.7031 54.7724 54.8411 54.8543 54.7411 54.7445 54.8134 54.9019 55.0266 55.2112 55.2870 55.3566 55.2937 55.0660 54.8820 54.8025 54.7927 54.7694 54.8085 54.7162 54.5968 54.5836 54.4771 54.5660 54.4962 54.5226 54.5361 54.4208 54.3910 54.3252 54.3516 54.4966 54.3186 54.3680 54.3710 54.4272 54.3178 54.3307 54.3669 54.4856 54.6174 54.6109 54.6078 54.8497 54.8358 54.8988 54.8497 55.0559 55.0726
54.2241 54.1976 54.2797 54.1869 54.1835 54.1306 54.2454 54.2158 54.3045 54.1825 54.4529 54.5522 54.6311 54.6643 54.7696 54.8353 54.8948 54.8416 54.7618 54.8311 54.7879 54.8406 54.7672 54.7373 54.8392 54.9150 55.0867 55.3241 55.3568 55.3077 55.4393 55.1656 55.1030 54.9345 54.9570 54.8809 54.8481 54.7163 54.6690 54.7086 54.6123 54.5962 54.5069 54.5465 54.7177 54.5660 54.4244 54.3980 54.3913 54.5459 54.4304 54.4535 54.5162 54.4996 54.4429 54.3902 54.4399 54.4792 54.6242 54.6740 54.6871 54.7845 54.7838 55.0245 55.0173 55.1351 55.1295
54.1710 54.1150 54.2466 54.3524 54.2860 54.2331 54.2820 54.1996 54.2619 54.1862 54.3576 54.5122 54.4758 54.6014 54.6804 54.6933 54.7459 54.7722 54.7062 54.6631 54.6923 54.7054 54.6849 54.6882 54.9086 54.9877 55.0927 55.1620 55.2280 55.3108 55.3503 55.2545 55.1128 54.9937 55.2316 54.8453 54.6999 54.7526 54.7483 54.7252 54.6423 54.6383 54.4898 54.4899 54.4766 54.5034 54.5561 54.4472 54.4108 54.5069 54.4473 54.5098 54.5228 54.4996 54.5123 54.5651 54.5481 54.5907 54.5545 54.6407 54.6804 54.7876 54.7710 54.9061 54.9427 54.9230 54.9230
54.1778 54.2865 54.3123 54.3026 54.2992 54.2101 54.1765 54.1368 54.2290 54.2654 54.2651 54.3011 54.2778 54.4232 54.5450 54.6242 54.6930 54.7194 54.5380 54.5115 54.6431 54.6695 54.7939 54.8465 54.8991 54.8826 54.9051 55.0501 55.2179 55.3039 55.3072 55.2676 55.0337 54.9543 55.1786 54.8752 54.7199 54.8253 54.7651 54.7483 54.7117 54.6155 54.4832 54.4437 54.4239 54.4436 54.4999 54.4637 54.5427 54.5827 54.5858 54.5760 54.5756 54.6650 54.6146 54.6839 54.6932 54.6930 54.8775 54.7257 54.8258 54.9876 54.9315 55.0265 55.0302 55.1054 55.1054
54.1983 54.3002 54.2732 54.2337 54.2101 54.1765 54.1560 54.1033 54.1692 54.1822 54.2645 54.2512 54.2519 54.4040 54.4996 54.6051 54.6443 54.6279 54.5087 54.5350 54.6629 54.7282 54.8921 54.9183 54.8786 54.8687 54.9211 54.9381 55.1261 55.1796 55.1566 55.1300 55.0210 54.9681 55.0173 54.9041 54.7848 54.9694 54.9291 54.8925 54.8692 54.7241 54.5918 54.5956 54.5562 54.5302 54.6128 54.5301 54.5696 54.5927 54.4866 54.5324 54.5057 54.6275 54.7028 54.8512 54.8678 55.1709 55.2140 54.9502 55.0265 54.9774 55.0113 55.0266 54.9739 55.1192 55.1192
