regresion/MAYO_2003/SeaWiFS/Composicion (Lt_490).txt
ncols         167
nrows         127
xllcorner     -112.016
yllcorner     26.725
cellsize      0.00898
[rows 0 to 28 of 127, columns 0 to 66 of 167]
53.9715 53.9713 54.1333 54.1330 54.0604 54.0704 54.0041 53.9481 53.9347 53.9573 54.0628 54.0450 54.1042 54.0806 54.0541 54.1495 54.0471 53.9943 54.0473 54.0174 53.9385 53.9648 54.0142 53.9715 54.0110 54.0602 54.2972 54.2831 53.9956 53.9031 53.8930 53.9752 53.9652 53.9884 53.7315 53.7942 53.8960 53.9883 53.9287 53.8760 53.8725 53.9641 54.0200 53.8046 53.7551 53.7683 53.7577 53.6651 53.6285 53.5663 53.4608 53.4476 53.4836 53.5230 53.5560 53.5857 53.6840 53.7662 53.7791 53.7093 53.7783 54.0023 54.3614 54.8394 55.2257 55.7004 55.6874
53.9554 53.9783 54.1139 54.1626 54.1591 54.1359 54.0726 54.0430 54.0032 53.9633 54.0687 54.0419 54.0582 54.0943 54.0647 54.1338 54.1632 54.0313 53.9980 53.9584 53.8952 53.9215 54.2017 54.1589 54.1323 54.2212 54.3765 54.2899 54.2503 54.1050 54.0620 54.1047 54.0020 54.0251 53.9027 53.9191 54.2489 54.3544 54.3408 54.2881 54.2977 54.2252 54.2120 54.3659 54.3262 53.9303 53.9329 53.8740 53.7053 53.6884 53.8072 53.8104 53.8366 53.8365 53.8196 53.7994 53.8788 53.8653 53.9313 53.7559 53.8085 53.6763 53.9003 54.1805 54.8588 55.2148 55.3537
54.0341 54.0933 54.1592 54.1326 54.0834 54.0535 54.0501 54.0104 54.0103 53.9638 54.0628 54.0059 53.9493 53.8863 53.9552 53.9552 53.9911 53.9615 53.9845 53.9185 53.8527 53.8526 54.2089 54.1792 54.1692 54.3076 54.3506 54.2139 54.1742 54.1080 54.0712 54.0314 53.9517 53.9551 53.8628 53.8797 54.1930 54.2194 54.2688 54.2488 54.2522 54.1990 54.2249 54.3689 54.3292 53.9596 53.8933 53.8667 53.7409 53.7673 53.8635 53.8604 53.8866 53.9426 53.8629 53.8199 53.9054 53.9052 54.0795 53.8777 53.8116 53.7322 53.7682 53.9396 54.2557 54.5729 54.9420
53.9317 53.9811 53.9876 53.9646 54.0076 53.9910 53.9939 53.9574 53.9706 53.9440 53.9177 53.8178 53.7348 53.6850 53.7872 53.8135 53.8857 53.8989 53.9582 53.9220 54.3579 54.3315 54.1992 54.1890 54.1824 54.2878 54.3076 54.2104 54.3822 54.2895 54.1171 54.1008 54.0441 54.0408 54.0113 54.1074 54.0511 53.9851 53.9716 53.8561 53.8362 53.8196 53.8386 54.0751 54.0486 54.0354 53.9822 53.9759 53.8005 53.8466 54.1574 54.1411 53.7975 53.8931 53.8533 53.7767 53.8460 53.7997 53.9178 54.0064 54.0327 53.9532 53.9761 54.1212 54.3383 54.6256 54.9024
53.9682 53.9781 53.9023 53.9088 53.9312 53.9474 54.0234 54.0000 53.9901 53.9765 53.9105 53.8735 53.8373 53.7549 53.6128 53.6259 53.7508 53.7904 53.8993 53.9322 54.3935 54.2879 54.1193 54.1161 54.1326 54.2380 54.2414 54.1780 54.3234 54.2539 54.0815 54.0419 53.9455 53.9587 54.0744 54.1233 54.1131 54.1163 54.0368 53.8786 53.8522 53.7467 53.7960 54.1055 54.0790 54.1021 54.1018 54.1018 53.9558 53.8635 54.2166 54.2164 53.9388 53.9683 53.8757 53.9416 53.9416 53.9941 53.9747 54.0897 53.9809 53.9410 54.0066 54.0857 54.4013 54.3312 54.5291
53.9480 53.9976 53.9614 53.8922 53.9447 53.8853 53.9648 53.9543 53.9707 53.9703 53.8516 53.9034 53.8999 53.8828 53.7371 53.6843 53.7701 53.8360 53.8788 53.9019 54.3936 54.2755 54.1103 54.1366 54.1528 54.2318 54.2580 54.1909 54.2139 54.1075 54.2490 54.1502 54.0045 54.0441 54.1764 54.1797 54.1008 54.0908 54.0147 53.8565 53.8462 53.7274 53.7829 54.0922 54.0352 54.1275 54.1239 54.0842 54.0147 53.9223 54.2528 54.2205 53.9792 54.0088 53.8800 53.9328 54.0148 54.0936 54.0405 54.2044 54.0856 53.9137 53.9761 54.1871 54.3708 54.3808 54.2334
54.0477 54.0873 54.0644 54.1037 53.9748 53.9286 53.9575 53.9074 53.9206 53.8805 53.7618 53.7842 53.7938 53.8339 53.7972 53.7576 53.8468 53.8600 54.1139 54.0743 54.2095 54.1560 54.0336 54.0598 54.0365 53.9043 53.9437 53.8705 53.8903 53.8278 53.9133 53.9365 53.7248 53.7511 53.8733 53.9061 53.9549 54.0140 54.0437 53.9646 53.9543 53.7958 53.8088 53.8479 53.7852 53.8609 53.8309 53.8176 53.6954 53.5899 53.5273 53.5076 53.6851 53.6946 53.7769 53.7769 53.8061 53.8587 53.8256 53.9405 53.8718 53.7792 53.8944 54.1052 54.1308 54.1935 54.2170
54.1231 54.1494 54.1133 54.1429 54.0635 54.0332 53.9144 53.8091 53.8587 53.7921 53.7789 53.7749 53.7879 53.7877 53.7609 53.6812 53.7501 53.7367 53.9912 54.0042 54.1097 54.0833 54.0044 54.0174 53.9878 53.8688 53.8819 53.8381 53.8445 53.7554 53.9559 53.9823 54.0513 54.1172 53.8957 53.8824 53.9383 53.9883 53.9880 53.9221 53.9746 53.8922 53.8260 53.8584 53.8317 53.8210 53.8735 53.8207 53.6651 53.6122 53.6288 53.6453 53.6815 53.7085 53.8005 53.8137 53.7576 53.8101 53.8200 53.8952 53.9439 53.7522 53.8181 53.9236 54.0154 54.0315 54.2227
54.0604 54.0866 53.9846 54.0142 54.0274 54.0139 53.9412 53.8452 53.9079 53.7358 53.7622 53.7450 53.7415 53.7018 53.6286 53.6514 53.8856 53.8589 54.0080 54.0078 54.0935 54.0837 53.9651 53.9681 53.9842 53.8877 53.8976 53.6994 53.7485 53.7450 53.9261 53.8998 54.1473 54.1472 53.8334 53.8629 53.8925 53.8699 53.8463 53.8200 53.8594 53.9151 53.9281 53.9341 53.8609 53.8207 53.8041 53.7514 53.7247 53.7114 53.6886 53.6754 53.6752 53.7219 53.7643 53.8007 53.7081 53.6683 53.7505 53.7729 53.8412 53.8280 53.7751 53.9070 53.9625 53.9724 54.1074
54.0938 54.1332 54.0180 53.9815 54.0342 53.9813 53.9016 53.7858 53.8481 53.7948 53.8080 53.7777 53.7574 53.7309 53.6117 53.6258 53.8499 53.8264 53.9393 53.9523 54.0873 54.0740 53.9412 53.9144 53.9276 53.8542 53.8871 53.7020 53.7152 53.7414 53.8476 53.8211 53.9165 53.9165 53.8306 53.8205 53.8599 53.8234 53.8623 53.8059 53.8718 53.9081 53.9176 53.8841 53.8574 53.8177 53.8314 53.8182 53.7783 53.7450 53.6991 53.6991 53.7251 53.8304 53.8426 53.7999 53.7204 53.6541 53.7135 53.7624 53.9074 53.9870 53.9078 54.1055 54.2272 54.2271 54.1938
54.0407 54.0501 54.0405 53.9512 53.8751 53.8485 53.7955 53.7064 53.7363 53.7688 53.7424 53.7422 53.6691 53.6559 53.6422 53.5760 53.6249 53.6377 53.7272 53.7666 53.6212 53.6475 53.6309 53.6613 53.6480 53.9507 53.9967 53.9569 53.9833 53.8905 53.9133 53.9553 54.0476 53.9981 53.7902 53.7771 53.7900 53.7636 53.6940 53.8168 53.8564 53.8260 53.8882 53.8748 53.8745 53.8876 53.8439 53.8604 53.7708 53.7938 53.7874 53.7743 53.8136 53.8631 53.7081 53.7084 53.6785 53.6351 53.8060 53.8191 54.0036 54.3159 54.3453 54.2925 54.2690 54.1768 54.2561
54.0667 54.0535 53.9917 53.9780 53.8754 53.8226 53.7828 53.6674 53.6736 53.6297 53.6328 53.6456 53.6554 53.6947 53.6549 53.6645 53.6945 53.6713 53.7940 53.7937 53.6219 53.6350 53.6217 53.6515 53.6775 53.9863 54.0094 53.9169 53.9431 53.8371 53.9260 53.8830 54.1941 54.2075 54.5315 54.4788 53.9095 53.8568 53.7770 53.8464 53.9214 53.9435 53.9799 54.0850 54.0190 53.9795 53.9758 53.9533 53.7451 53.7552 53.7879 53.7748 53.7877 53.8139 53.7346 53.7870 53.6911 53.7561 53.7955 53.7790 54.1614 54.6356 55.0008 54.7413 54.5863 54.3589 54.2998
53.9092 53.9583 53.8924 53.7631 53.7101 53.6968 53.7229 53.6963 53.6667 53.6260 53.5869 53.5968 53.5966 53.5830 53.5565 53.5696 53.5562 53.5821 53.5988 53.5092 53.4958 53.4825 53.5483 53.5614 53.5644 53.6370 53.6339 53.7393 53.7524 53.6993 53.8706 53.8868 54.1312 54.0652 54.6037 54.6037 53.8627 53.8231 53.7170 53.7763 53.7865 53.8879 53.9871 54.0659 54.0526 54.0129 53.9600 53.9398 53.7185 53.7054 53.8071 53.8730 53.8068 53.7638 53.7240 53.8134 53.7570 53.7663 53.9476 53.8652 54.3825 54.8439 54.9296 54.8991 54.6123 54.4176 54.1477
53.9093 53.9650 53.8990 53.7697 53.7168 53.7298 53.7427 53.6995 53.6598 53.6326 53.5935 53.6166 53.5900 53.5763 53.5664 53.5795 53.5857 53.6053 53.5789 53.5291 53.5289 53.5420 53.5944 53.5812 53.5779 53.6568 53.6404 53.7457 53.7193 53.6662 53.8277 53.8572 53.8302 53.7740 54.0019 54.0150 54.1736 54.1341 53.7467 53.8094 53.7867 53.8881 53.8614 53.9402 53.9798 53.9401 53.9302 53.9198 53.7049 53.7049 53.8401 53.9061 53.8399 53.7970 53.7404 53.8068 53.7969 53.8062 53.9876 53.9114 54.4156 54.8770 54.9495 54.9155 54.6251 54.3908 54.1176
53.8162 53.8588 53.8959 53.9087 53.7866 53.8129 53.7071 53.6508 53.6474 53.6301 53.6758 53.5832 53.5566 53.4932 53.5228 53.5228 53.5520 53.5356 53.5757 53.5726 53.5725 53.5725 53.5952 53.5819 53.5917 53.6404 53.6994 53.7550 53.7549 53.6622 53.7447 53.8797 53.8631 53.8533 54.0453 53.9135 54.0721 54.0821 53.8002 53.8266 53.7735 53.7656 53.7620 53.8969 54.0155 53.8208 53.8240 53.7681 53.8106 53.8012 53.8077 53.8704 53.9329 53.8537 53.8104 53.8795 53.8889 53.8157 53.7790 53.6440 54.0689 54.7806 54.7574 54.5202 54.6293 54.3917 54.1913
53.7902 53.7669 53.7209 53.7567 53.7698 53.8057 53.7558 53.7557 53.6997 53.6195 53.6524 53.6161 53.5896 53.4807 53.5102 53.5234 53.5129 53.5424 53.5690 53.5689 53.6216 53.5982 53.6837 53.6835 53.7099 53.7256 53.7192 53.8246 53.8279 53.6530 53.6264 53.7218 53.6852 53.7545 53.7807 53.7907 53.9190 53.8002 53.9718 54.0510 53.7398 53.7528 53.7524 53.8344 53.9698 53.9830 53.9169 53.9169 53.8703 53.9061 53.8040 53.8535 53.8730 53.8497 53.7967 53.8493 53.7932 53.7991 53.8949 53.7925 53.9703 54.1780 54.2174 54.5407 54.3296 54.3651 54.2731
53.7304 53.6643 53.5916 53.6771 53.6807 53.6770 53.6868 53.6702 53.6703 53.5840 53.6170 53.5506 53.5336 53.5068 53.4869 53.5031 53.4499 53.4994 53.5720 53.5817 53.6084 53.5820 53.6149 53.6148 53.6411 53.7161 53.7724 53.8214 53.8410 53.6164 53.7379 53.7511 53.6980 53.7112 53.8004 53.8072 53.9225 53.9719 54.0085 54.0481 53.7172 53.8484 53.8346 53.7949 53.9171 54.0620 53.9990 53.9858 53.7710 53.8567 53.7847 53.7452 53.7710 53.6917 53.7543 53.8334 53.8596 53.8229 53.8616 53.8880 54.1386 54.2337 54.1809 54.8006 54.1478 54.1743 54.2570
53.5853 53.5984 53.6251 53.6645 53.6638 53.6767 53.6470 53.6040 53.6304 53.5337 53.5469 53.5564 53.4972 53.4575 53.4210 53.4371 53.4765 53.4632 53.5064 53.5493 53.6312 53.5916 53.6148 53.6542 53.6805 53.6633 53.6728 53.7159 53.7224 53.6958 53.8173 53.8305 53.6850 53.7114 53.7576 53.7902 54.0146 54.0509 54.0610 54.0610 53.8226 53.9375 53.8845 53.8345 53.7982 53.8904 53.8935 53.8803 53.8933 54.0121 53.8570 53.8270 53.7707 53.7179 53.7935 53.8595 53.9118 53.9707 54.0829 54.0695 54.2308 54.4446 54.3522 54.2073 54.2205 54.2694 54.3554
53.5197 53.5329 53.5596 53.5559 53.5948 53.6175 53.6273 53.5873 53.6006 53.5202 53.5069 53.5463 53.4936 53.4671 53.3879 53.3483 53.4272 53.4900 53.4936 53.5858 53.6774 53.6378 53.5849 53.6802 53.7065 53.6892 53.7318 53.7881 53.8212 53.6891 53.7416 53.8440 53.7117 53.7381 53.7809 53.7541 53.9785 53.9652 54.0576 54.0211 53.7827 53.8876 53.8214 53.7619 53.7387 53.8575 53.9893 53.9629 53.9068 53.9563 53.8671 53.8600 53.7642 53.7642 53.7799 53.8228 53.9411 53.9999 54.1158 54.1023 54.2241 54.5403 54.3394 54.2077 54.2472 54.2961 54.3093
53.6180 53.6145 53.6242 53.6373 53.6472 53.6107 53.5583 53.5843 53.6239 53.5540 53.5407 53.5538 53.5137 53.5758 53.5361 53.4965 53.4699 53.4861 53.5124 53.5783 53.6576 53.6612 53.7137 53.7268 53.7399 53.8118 53.8051 53.8610 53.9368 53.8241 53.7445 53.7182 53.6517 53.6416 53.6680 53.6879 53.8396 53.8298 53.8429 53.8429 53.9387 53.9348 53.8581 53.8681 53.8738 53.9397 53.8735 53.8866 53.9559 53.8206 53.8303 53.8077 53.8929 53.8797 53.8133 53.8693 53.9353 53.9216 54.0139 54.0098 54.3988 54.5570 54.6360 54.3591 54.2595 54.2595 54.2799
53.5953 53.6050 53.5983 53.5687 53.6212 53.6112 53.5019 53.5676 53.5808 53.5240 53.5404 53.5402 53.4704 53.5661 53.5660 53.5264 53.4734 53.5689 53.5921 53.6416 53.6878 53.6840 53.7234 53.7364 53.7627 53.8347 53.8412 53.9170 53.9200 53.8109 53.7218 53.7087 53.6158 53.6420 53.6553 53.6583 53.7738 53.7998 53.8261 53.8425 53.9515 53.8785 53.8217 53.8348 53.8474 53.9037 53.8639 53.8474 53.9430 53.8374 53.8404 53.8104 53.8924 53.9189 53.8392 53.8261 53.8790 53.8884 53.9377 53.9543 54.1913 54.4022 54.2539 54.2803 54.2797 54.2665 54.1771
53.6606 53.6737 53.6509 53.5451 53.5418 53.5648 53.5216 53.5152 53.5021 53.4846 53.5832 53.5830 53.5400 53.5562 53.5726 53.5821 53.5124 53.4597 53.5492 53.5361 53.6546 53.6116 53.6808 53.7071 53.7103 53.7723 53.8309 53.8999 53.8571 53.7681 53.7510 53.7247 53.6152 53.6515 53.6387 53.6355 53.7308 53.7573 53.7834 53.7999 53.8956 53.8917 53.9341 53.9900 53.8975 53.9992 53.9690 53.9788 53.9032 53.8371 53.8338 53.7779 53.8664 53.8765 53.9058 53.8267 53.8658 53.7464 53.9870 54.0132 54.3031 54.4450 54.2666 54.2930 54.3191 54.2896 54.0787
53.6482 53.6186 53.6447 53.5884 53.4727 53.5152 53.5282 53.4785 53.4785 53.5271 53.5830 53.5828 53.5196 53.5792 53.5791 53.5755 53.4931 53.4799 53.4835 53.5789 53.6019 53.5786 53.6443 53.6441 53.6503 53.6991 53.7516 53.7748 53.7747 53.7083 53.6915 53.6917 53.7050 53.6391 53.6519 53.6550 53.6977 53.7568 53.7863 53.7896 53.8589 53.8682 53.9604 53.9670 53.8509 53.9040 53.9496 53.9627 53.9888 53.9096 53.8502 53.7613 53.8135 53.8002 53.8033 53.7506 53.8689 53.8782 53.9246 53.9508 54.1980 54.3462 54.2239 54.1975 54.1878 54.2801 54.2831
53.6020 53.5590 53.5852 53.5716 53.4660 53.4988 53.5319 53.5378 53.5509 53.5074 53.5896 53.6026 53.5332 53.5493 53.6149 53.5920 53.5790 53.5788 53.5163 53.5162 53.5324 53.5525 53.6744 53.6805 53.6965 53.7848 53.7978 53.7449 53.7580 53.7080 53.7177 53.7575 53.7777 53.7250 53.6849 53.6190 53.6815 53.7572 53.7568 53.7996 53.8523 53.7823 54.1256 54.0922 53.8407 53.9202 53.9660 54.0222 53.9953 53.9030 53.8536 53.7746 53.7979 53.7543 53.7572 53.6648 53.8624 53.9903 54.0034 54.0297 54.2665 54.3460 54.2702 54.2966 54.2870 54.3793 54.2868
53.6117 53.6046 53.6440 53.5909 53.4984 53.5180 53.4852 53.4323 53.4491 53.4749 53.5704 53.6097 53.5799 53.6224 53.6616 53.5825 53.5624 53.5491 53.5487 53.5487 53.5913 53.6114 53.6805 53.6709 53.7168 53.8051 53.8576 53.7652 53.7651 53.6755 53.6983 53.7309 53.7310 53.6783 53.7042 53.6779 53.6876 53.7274 53.7832 53.8330 53.8725 53.8025 54.1459 54.0992 53.8478 53.9105 54.0053 54.0415 53.9919 53.8732 53.8201 53.7542 53.7776 53.7016 53.7345 53.6587 53.8695 53.9975 54.0106 54.0368 54.2868 54.3325 54.2367 54.2762 54.2402 54.2929 54.2664
53.5490 53.4865 53.4995 53.4499 53.3969 53.4068 53.3996 53.3863 53.4552 53.4941 53.5167 53.5560 53.5790 53.5819 53.6151 53.5755 53.5591 53.6287 53.6021 53.5623 53.6153 53.5921 53.6243 53.6111 53.6803 53.7518 53.7781 53.7779 53.7612 53.6948 53.6916 53.6523 53.6656 53.6656 53.7179 53.6652 53.6684 53.7245 53.8194 53.8228 53.9116 53.8813 54.0528 53.9305 53.8211 53.8675 53.9494 54.0024 53.9661 53.8475 53.7054 53.6955 53.7646 53.6224 53.6850 53.7374 53.8954 54.0103 53.9539 53.9669 54.2899 54.2472 54.3391 54.3692 54.2936 54.3068 54.2572
53.4800 53.3875 53.3705 53.3340 53.2943 53.2709 53.3731 53.4886 53.5708 53.5762 53.6194 53.6322 53.6552 53.5859 53.5890 53.6183 53.6749 53.6712 53.6972 53.6839 53.6608 53.6344 53.5975 53.6208 53.6567 53.6961 53.7091 53.8012 53.7977 53.7710 53.7314 53.7179 53.6914 53.6948 53.7208 53.6945 53.6843 53.7272 53.7398 53.7632 53.8294 53.8386 53.9705 53.9275 53.8181 53.8080 53.8705 53.8934 53.8769 53.7845 53.7875 53.7381 53.7874 53.7082 53.7739 53.8698 53.9716 53.8755 54.0168 54.0431 54.2376 54.2276 54.2802 54.3195 54.3362 54.3890 54.2206
53.3874 53.3645 53.3938 53.3539 53.2614 53.2713 53.3534 53.4059 53.4749 53.5759 53.6226 53.6223 53.6223 53.5327 53.5426 53.5789 53.6616 53.6945 53.6544 53.6939 53.7101 53.6837 53.6439 53.6569 53.6701 53.6895 53.6859 53.7648 53.7748 53.7480 53.8270 53.7212 53.7210 53.7409 53.7439 53.7340 53.7469 53.7733 53.7334 53.7730 53.7800 53.7659 53.8019 53.7853 53.7852 53.7455 53.8211 53.8207 53.8869 53.7979 53.7578 53.7051 53.8236 53.7872 53.7970 53.8666 54.0312 54.0142 54.0732 54.0994 54.3368 54.2542 54.2968 54.3424 54.3760 54.3364 54.2043
53.3671 53.3310 53.3311 53.3346 53.2950 53.3079 53.3667 53.4192 53.4952 53.5697 53.6357 53.6150 53.6017 53.5751 53.5820 53.5687 53.6413 53.6778 53.6978 53.7276 53.7568 53.7040 53.6806 53.6804 53.6772 53.7289 53.6918 53.7445 53.7541 53.7934 53.8163 53.7537 53.7572 53.7673 53.7379 53.7411 53.6881 53.7145 53.7139 53.7666 53.7797 53.8149 53.7288 53.6725 53.6988 53.7383 53.7808 53.7778 53.7682 53.7126 53.6728 53.6860 53.8308 53.7879 53.8405 53.8699 54.0538 53.9937 54.0924 54.1186 54.2636 54.1876 54.2138 54.2797 54.3535 54.3569 54.2117
