regresion/Composicion_(Band 12).txt
ncols         167
nrows         127
xllcorner     -112.017
yllcorner     26.724
cellsize      0.00900
[rows 0 to 28 of 127, columns 67 to 133 of 167]
24.7505 24.7623 24.7406 24.7603 24.7747 24.8093 24.8173 24.8062 24.8223 24.8065 24.8275 24.8359 24.8075 24.7832 24.7786 24.7915 24.7580 24.7456 24.7205 24.6994 24.6903 24.6775 24.6601 24.6763 24.6832 24.6931 24.6952 24.7182 24.7306 24.7316 24.7217 24.7233 24.7390 24.7329 24.7232 24.7121 24.6776 24.6910 24.7038 24.7238 24.7621 24.7567 24.7964 24.8426 24.9026 24.9397 24.9692 24.9604 24.9527 25.0103 25.1205 25.1720 25.5012 25.8259 26.8597 26.3983 27.5925 28.6916 31.5757 33.2523 33.1197 30.3567 27.3592 26.1459 25.6920 25.8105 25.9535
24.7470 24.7622 24.7418 24.7614 24.7730 24.8018 24.8118 24.8057 24.8218 24.8046 24.8258 24.8319 24.8039 24.7780 24.7735 24.7873 24.7559 24.7459 24.7213 24.6975 24.6885 24.6758 24.6576 24.6695 24.6739 24.6836 24.6857 24.7175 24.7288 24.7281 24.7217 24.7232 24.7313 24.7267 24.7171 24.7038 24.6733 24.6868 24.7001 24.7229 24.7652 24.7638 24.8034 24.8497 24.9085 24.9464 24.9739 24.9658 24.9559 25.0135 25.1178 25.1624 25.4759 25.7812 26.8151 26.4215 27.5142 29.5284 32.2158 34.0848 33.9522 30.4469 27.3423 26.1556 25.6837 25.7708 25.9137
24.7662 24.7885 24.7889 24.7920 24.7911 24.7922 24.7956 24.7845 24.8070 24.7915 24.8046 24.8268 24.8173 24.8258 24.8198 24.8172 24.7941 24.7718 24.7416 24.7483 24.7363 24.7154 24.6682 24.6554 24.6643 24.6666 24.6775 24.6984 24.7107 24.7203 24.7319 24.7359 24.7382 24.7411 24.7393 24.7428 24.7158 24.7115 24.7149 24.7444 24.7626 24.7371 24.7491 24.7954 24.8639 24.9099 24.9276 24.9130 24.8756 24.8718 24.9193 24.9416 25.0546 25.1822 25.3809 25.7462 26.0133 26.4779 27.8312 29.4413 30.2225 27.4327 26.0489 25.3839 25.2433 25.3432 25.4951
24.7731 24.7710 24.7704 24.7829 24.7970 24.7891 24.7858 24.7914 24.8024 24.8159 24.8410 24.8461 24.8455 24.8657 24.8533 24.8551 24.8095 24.7666 24.7515 24.7534 24.7422 24.7216 24.6965 24.6923 24.6896 24.6656 24.6543 24.6664 24.6823 24.6923 24.6965 24.7067 24.7215 24.7399 24.7311 24.7372 24.7244 24.7136 24.7178 24.7542 24.7680 24.7380 24.7430 24.7613 24.7852 24.8163 24.8510 24.8362 24.8274 24.8252 24.8455 24.8413 24.8288 24.8722 24.9422 25.0195 25.3028 25.4851 25.7681 26.2589 27.0937 26.0919 25.4547 25.3022 25.2324 25.3085 25.2259
24.8041 24.7813 24.7736 24.7551 24.7619 24.7701 24.7657 24.7704 24.7960 24.8122 24.8133 24.8340 24.8534 24.8708 24.8806 24.8640 24.7846 24.7484 24.7404 24.7503 24.7319 24.7155 24.7240 24.7184 24.7004 24.6920 24.6878 24.6873 24.6975 24.7000 24.7007 24.7064 24.7104 24.7273 24.7206 24.7210 24.7123 24.7062 24.6943 24.7238 24.7528 24.7424 24.7548 24.7748 24.7784 24.7763 24.7675 24.7536 24.7440 24.7206 24.7270 24.7164 24.7094 24.7262 24.7649 24.9808 25.1414 25.2485 25.2809 25.2184 25.0630 25.0316 25.0069 24.9905 24.9676 25.0408 25.0837
24.7827 24.7814 24.7802 24.7804 24.7711 24.7500 24.7474 24.7573 24.7801 24.7996 24.7979 24.8201 24.8525 24.8814 24.8975 24.8627 24.7959 24.7868 24.7970 24.8222 24.8252 24.8008 24.7688 24.7414 24.6869 24.6614 24.6749 24.6822 24.6900 24.7014 24.7051 24.7128 24.7025 24.7140 24.7172 24.7125 24.7101 24.6926 24.6983 24.7163 24.7505 24.7506 24.7725 24.8017 24.8114 24.8040 24.7878 24.7761 24.7413 24.6988 24.6725 24.6557 24.6437 24.6563 24.7084 24.7227 24.7745 24.8367 24.8841 24.9639 24.9661 24.9428 24.8816 24.8491 24.8571 24.8955 24.9285
24.8097 24.7989 24.7942 24.7861 24.7672 24.7479 24.7699 24.7943 24.8143 24.8135 24.8105 24.8468 24.8641 24.8603 24.8755 24.8524 24.8180 24.8011 24.8315 24.8389 24.8497 24.8217 24.7920 24.7633 24.7015 24.6779 24.6741 24.6831 24.6778 24.7159 24.7283 24.7413 24.7268 24.7306 24.7291 24.7188 24.7261 24.7316 24.7247 24.7393 24.7694 24.7683 24.7738 24.8125 24.8218 24.8221 24.7991 24.7574 24.7342 24.7117 24.7006 24.6914 24.6584 24.6305 24.6403 24.6512 24.6550 24.7014 24.7197 24.7502 24.7803 24.7840 24.8037 24.8299 24.8380 24.8793 24.9287
24.8413 24.8394 24.8341 24.8193 24.7973 24.7961 24.8076 24.8285 24.8535 24.8358 24.8094 24.8353 24.8425 24.8401 24.8426 24.8240 24.8078 24.8234 24.8219 24.8200 24.8280 24.8122 24.7837 24.7906 24.7608 24.7339 24.7286 24.7293 24.7317 24.7608 24.7784 24.7706 24.7378 24.7406 24.7431 24.7339 24.7626 24.7695 24.7671 24.7670 24.7840 24.7749 24.7743 24.7967 24.8050 24.8142 24.8198 24.7889 24.7516 24.7126 24.6860 24.6667 24.6376 24.6600 24.6725 24.6914 24.6872 24.7043 24.7227 24.7614 24.7900 24.8006 24.8180 24.8210 24.8304 24.8306 24.8698
24.8775 24.8561 24.8407 24.8366 24.8167 24.8146 24.8295 24.8298 24.8381 24.8334 24.8026 24.8052 24.8007 24.7932 24.7974 24.8202 24.8396 24.8481 24.8388 24.8214 24.8204 24.8263 24.8324 24.8180 24.8055 24.7938 24.7864 24.7773 24.7871 24.8254 24.8205 24.7943 24.7777 24.7440 24.7046 24.7280 24.7759 24.7910 24.7881 24.7883 24.8223 24.8186 24.8395 24.8516 24.8498 24.8529 24.8520 24.8173 24.7590 24.6879 24.6761 24.6717 24.6587 24.6450 24.6389 24.6388 24.6463 24.6968 24.7108 24.7446 24.7528 24.7849 24.8028 24.8086 24.8165 24.8291 24.8526
24.8665 24.8402 24.8477 24.8496 24.8473 24.8358 24.8271 24.8347 24.8398 24.8444 24.8298 24.8188 24.8010 24.7928 24.7989 24.8437 24.8763 24.8564 24.8559 24.8329 24.8307 24.8126 24.8422 24.8388 24.8465 24.8356 24.8482 24.8494 24.8528 24.8303 24.8030 24.7783 24.7656 24.7673 24.7596 24.7745 24.8000 24.8246 24.8134 24.8320 24.8543 24.8466 24.8244 24.8189 24.8309 24.8417 24.8364 24.7871 24.7342 24.6807 24.6828 24.6836 24.6780 24.6586 24.6566 24.6536 24.6494 24.6648 24.6611 24.6854 24.6952 24.7166 24.7422 24.7552 24.7811 24.8048 24.8375
24.8554 24.8309 24.8487 24.8539 24.8666 24.8455 24.8221 24.8143 24.8082 24.8208 24.7770 24.7911 24.7764 24.8017 24.8421 24.8688 24.9274 24.8857 24.9193 24.8623 24.8354 24.8077 24.7702 24.8482 24.8468 24.8856 24.9080 24.9193 24.9202 24.9126 24.8727 24.8237 24.7996 24.7718 24.7598 24.7624 24.7971 24.8110 24.7948 24.8165 24.8486 24.8549 24.8751 24.8559 24.8168 24.8425 24.7945 24.7817 24.7493 24.6918 24.6939 24.6826 24.6599 24.6480 24.6186 24.6354 24.6496 24.6759 24.6841 24.6847 24.6808 24.6886 24.7092 24.7257 24.7676 24.7994 24.8479
24.8348 24.8243 24.8541 24.8729 24.8759 24.8569 24.8344 24.8374 24.8275 24.8328 24.8122 24.8004 24.7634 24.8075 24.8756 24.8999 24.9535 24.8704 24.9069 24.9165 24.8927 24.8612 24.8318 24.8346 24.8633 24.9125 24.9465 24.9898 24.9985 24.9904 24.9577 24.8743 24.8330 24.7912 24.7636 24.7546 24.7662 24.7743 24.7848 24.8269 24.8318 24.8467 24.8643 24.8470 24.8267 24.8283 24.8012 24.7752 24.7446 24.6975 24.6800 24.6772 24.6548 24.6412 24.6224 24.6275 24.6476 24.6681 24.6886 24.6980 24.7038 24.7112 24.7239 24.7422 24.7880 24.8093 24.8599
24.8503 24.8654 24.8839 24.8925 24.8705 24.8340 24.8251 24.8168 24.7945 24.8219 24.7894 24.7980 24.7451 24.8127 24.8772 24.9665 24.9972 24.9773 24.9642 24.9428 24.9186 24.8833 24.8371 24.8074 24.8111 24.8577 24.8867 24.9483 24.9925 24.9935 24.9714 24.9290 24.9066 24.8805 24.8548 24.8252 24.8348 24.8293 24.8286 24.8193 24.8318 24.8373 24.8580 24.8417 24.8319 24.8306 24.8189 24.7921 24.7579 24.7328 24.7050 24.6966 24.6804 24.6652 24.6488 24.6540 24.6665 24.6835 24.6948 24.6955 24.7032 24.7042 24.7245 24.7507 24.7913 24.8195 24.8464
24.8272 24.8579 24.8746 24.8804 24.8865 24.8306 24.8288 24.8161 24.7975 24.8045 24.8353 24.8181 24.8445 24.8681 24.9059 24.9198 24.9219 24.9201 24.9246 24.9018 24.8607 24.8344 24.8168 24.7885 24.7992 24.8170 24.8462 24.8777 24.9272 24.9552 24.9594 24.9395 24.9359 24.9089 24.8947 24.8677 24.8519 24.8484 24.8563 24.8655 24.8654 24.8609 24.8599 24.8527 24.8374 24.8241 24.8326 24.8241 24.8257 24.8053 24.7684 24.7354 24.7092 24.6810 24.6631 24.6591 24.6748 24.7004 24.7129 24.7147 24.7141 24.7060 24.7141 24.7433 24.7743 24.8069 24.8479
24.7960 24.8263 24.8462 24.8609 24.8428 24.8468 24.8282 24.8337 24.8236 24.8252 24.8017 24.7603 24.7777 24.7867 24.8505 24.8870 24.9139 24.8970 24.9032 24.8769 24.8739 24.8467 24.7879 24.7499 24.7520 24.7813 24.7934 24.8299 24.8800 24.9207 24.9555 24.9612 24.9724 24.9531 24.9417 24.9034 24.8626 24.8616 24.8548 24.8656 24.8593 24.8559 24.8379 24.8076 24.7725 24.7540 24.7383 24.7428 24.7561 24.7427 24.7683 24.7698 24.7731 24.7375 24.7010 24.6885 24.7043 24.7239 24.7230 24.7303 24.7382 24.7351 24.7285 24.7497 24.7742 24.8163 24.8644
24.8415 24.8463 24.8442 24.8201 24.7936 24.7805 24.7714 24.7570 24.7498 24.7499 24.7451 24.7289 24.7270 24.7409 24.7810 24.8177 24.8420 24.8551 24.9123 24.9016 24.8945 24.8782 24.8415 24.8527 24.7992 24.7640 24.7559 24.7723 24.7891 24.8479 24.8859 24.9220 24.9330 24.9252 24.9077 24.8758 24.8551 24.8609 24.8680 24.8870 24.8799 24.8648 24.8374 24.8146 24.7842 24.7621 24.7289 24.7181 24.7307 24.7527 24.7688 24.7813 24.7575 24.7310 24.7096 24.6914 24.7049 24.7187 24.7281 24.7332 24.7306 24.7402 24.7381 24.7439 24.7781 24.8235 24.8958
24.8061 24.7918 24.7760 24.7448 24.7357 24.7333 24.7353 24.7525 24.7713 24.7606 24.7457 24.7448 24.7484 24.7620 24.8110 24.8209 24.8217 24.8399 24.8568 24.8805 24.8668 24.8588 24.8428 24.8200 24.7959 24.7795 24.7967 24.8028 24.7763 24.7840 24.8068 24.8427 24.8859 24.8912 24.8670 24.8309 24.8315 24.8517 24.8586 24.8817 24.8785 24.8609 24.8407 24.8223 24.8062 24.7850 24.7471 24.7143 24.7099 24.7144 24.7180 24.7313 24.7207 24.7058 24.6806 24.6923 24.7067 24.7193 24.7137 24.7334 24.7359 24.7157 24.7306 24.7233 24.7620 24.8104 24.9108
24.8027 24.7897 24.7832 24.7644 24.7556 24.7610 24.7710 24.7818 24.7792 24.7617 24.7672 24.7655 24.7705 24.7887 24.8354 24.8327 24.8442 24.8664 24.8711 24.8838 24.8846 24.8687 24.8587 24.8239 24.8114 24.7913 24.7874 24.7799 24.7759 24.7842 24.7890 24.8669 24.8280 24.8575 24.8561 24.8467 24.8159 24.8268 24.8199 24.8367 24.8333 24.8243 24.8244 24.8212 24.8152 24.7866 24.7438 24.7280 24.7240 24.7364 24.7354 24.7307 24.7395 24.7070 24.6899 24.7007 24.7208 24.7591 24.7557 24.7649 24.7614 24.7327 24.7257 24.7336 24.7845 24.8346 24.9128
24.8487 24.8103 24.7921 24.7678 24.7691 24.7855 24.7948 24.8018 24.8009 24.7947 24.8019 24.8034 24.7929 24.8082 24.8483 24.8761 24.8964 24.9132 24.9150 24.9284 24.9262 24.9147 24.8996 24.8793 24.8573 24.8375 24.8354 24.8217 24.7968 24.7619 24.7461 24.7612 24.7747 24.7964 24.8116 24.8293 24.8338 24.8052 24.7979 24.8163 24.8119 24.8287 24.8461 24.8522 24.8491 24.8470 24.8027 24.7618 24.7555 24.7586 24.7624 24.7611 24.7492 24.7097 24.6942 24.7018 24.7230 24.7665 24.7797 24.7700 24.7467 24.7197 24.7125 24.7432 24.8038 24.8544 24.9195
24.8753 24.8473 24.8399 24.8239 24.8172 24.8184 24.8392 24.8493 24.8448 24.8481 24.8565 24.8640 24.8563 24.8740 24.9104 24.9465 24.9649 24.9755 24.9620 24.9618 24.9594 24.9335 24.9293 24.9329 24.9259 24.9357 24.9299 24.9221 24.8712 24.8426 24.7824 24.7748 24.7712 24.7782 24.8074 24.8391 24.8189 24.8045 24.8009 24.8097 24.8111 24.8074 24.8261 24.8295 24.8401 24.8355 24.8249 24.7929 24.7728 24.7792 24.7784 24.7862 24.7691 24.7295 24.6990 24.6897 24.7152 24.7400 24.7753 24.7747 24.7586 24.7413 24.7215 24.7491 24.8120 24.8631 24.9161
24.8998 24.8719 24.8741 24.8573 24.8527 24.8493 24.8635 24.8731 24.8650 24.8861 24.8967 24.9123 24.9397 24.9535 24.9861 25.0208 25.0557 25.0728 25.0501 25.0459 25.0546 25.0333 25.0322 25.0282 25.0295 25.0024 25.0057 24.9723 24.9440 24.8899 24.8717 24.8490 24.8143 24.7615 24.7739 24.8179 24.8389 24.8382 24.8164 24.8308 24.8331 24.8343 24.8299 24.8236 24.8219 24.8186 24.8112 24.7824 24.7720 24.7800 24.7749 24.7795 24.7531 24.7084 24.6820 24.6760 24.6933 24.7106 24.7557 24.7708 24.7666 24.7729 24.7782 24.8022 24.8215 24.8466 24.8882
24.8655 24.9048 24.8925 24.9147 24.9327 24.9421 24.9630 24.9568 24.9741 24.9892 24.9943 24.9974 25.0233 25.0468 25.0951 25.1183 25.1138 25.1306 25.1013 25.0815 25.0741 25.0464 25.0317 25.0438 25.0573 25.0564 25.0798 25.0599 25.0132 24.9443 24.9103 24.8881 24.8506 24.7720 24.7553 24.7858 24.8362 24.8780 24.8790 24.8696 24.8528 24.8383 24.8222 24.8264 24.8251 24.8317 24.8118 24.7960 24.7928 24.7768 24.7657 24.7698 24.7353 24.7027 24.6934 24.6957 24.6971 24.7220 24.7662 24.8063 24.8335 24.8350 24.8400 24.8625 24.8601 24.8713 24.8961
24.9598 24.9427 24.9567 24.9564 24.9726 24.9841 25.0439 25.0525 25.0774 25.0909 25.0930 25.1321 25.1606 25.1772 25.2181 25.1746 25.1126 25.0907 25.0743 25.0757 25.0783 25.0875 25.0977 25.0942 25.0807 25.0783 25.0905 25.0702 25.0035 24.9372 24.9085 24.8829 24.8532 24.8237 24.8045 24.8375 24.8726 24.9162 24.9496 24.9400 24.9235 24.8841 24.8519 24.8411 24.8283 24.8263 24.8244 24.8188 24.8199 24.7904 24.7604 24.7592 24.7316 24.7012 24.7112 24.7148 24.6963 24.7118 24.7404 24.7784 24.8205 24.8413 24.8776 24.8856 24.8836 24.8994 24.9043
25.0303 25.0272 25.0623 25.0821 25.1032 25.1270 25.1593 25.1654 25.1537 25.1685 25.1495 25.1605 25.2059 25.2234 25.2337 25.2263 25.1773 25.1533 25.1293 25.1062 25.1044 25.1043 25.0921 25.0810 25.0690 25.0694 25.0634 25.0383 24.9829 24.9169 24.8844 24.8476 24.8254 24.8096 24.8044 24.8317 24.8526 24.9092 24.9622 24.9694 24.9660 24.9323 24.9169 24.8803 24.8799 24.8838 24.8844 24.8518 24.8388 24.7986 24.7595 24.7374 24.6951 24.6727 24.6756 24.6787 24.6744 24.6842 24.7084 24.7616 24.7994 24.8178 24.8785 24.9106 24.9297 24.9243 24.9233
25.1268 25.1449 25.1643 25.1550 25.1717 25.1744 25.1526 25.1679 25.1504 25.1679 25.1993 25.2418 25.2252 25.2422 25.2645 25.2175 25.2161 25.1603 25.1575 25.1412 25.1329 25.1248 25.0991 25.0745 25.0563 25.0525 25.0323 25.0142 24.9888 24.9452 24.9196 24.8681 24.8442 24.8062 24.7934 24.7922 24.7904 24.8188 24.8604 24.8698 24.8751 24.8565 24.8606 24.8488 24.8368 24.8222 24.8437 24.8395 24.8346 24.7988 24.7691 24.7449 24.7319 24.7200 24.7289 24.7150 24.6832 24.6947 24.6945 24.7462 24.7803 24.8355 24.9137 24.9649 24.9784 24.9682 24.9484
25.1806 25.1646 25.1727 25.1824 25.2098 25.2069 25.1773 25.1577 25.1498 25.1853 25.2228 25.2486 25.2522 25.2608 25.2634 25.2522 25.2521 25.2303 25.2065 25.1949 25.1865 25.1551 25.1147 25.0757 25.0385 25.0162 24.9939 24.9814 24.9749 24.9572 24.9336 24.8947 24.8659 24.8348 24.8137 24.7946 24.7785 24.7894 24.7858 24.7885 24.7808 24.7808 24.7693 24.7678 24.7626 24.7619 24.7947 24.8180 24.8181 24.7893 24.7667 24.7441 24.7345 24.7197 24.6891 24.6913 24.6671 24.6794 24.7004 24.7512 24.8075 24.8558 24.9312 24.9973 25.0234 25.0048 24.9772
25.2020 25.1804 25.1869 25.1936 25.2228 25.2147 25.2318 25.2250 25.2228 25.2374 25.2557 25.2738 25.2835 25.2948 25.3037 25.3158 25.3193 25.2914 25.2549 25.2175 25.2081 25.1697 25.1158 25.0823 25.0336 25.0099 24.9907 24.9591 24.9478 24.9316 24.9123 24.9129 24.8941 24.8587 24.8317 24.8002 24.7716 24.7587 24.7383 24.7420 24.7346 24.7299 24.7199 24.7173 24.7010 24.7031 24.7279 24.7612 24.7859 24.7952 24.7785 24.7646 24.7388 24.7216 24.6923 24.6905 24.6640 24.6938 24.7220 24.7655 24.8095 24.8495 24.9421 25.0323 25.0504 25.0366 25.0035
25.2764 25.2477 25.2505 25.2474 25.2538 25.2544 25.2833 25.2834 25.2845 25.2849 25.3031 25.3417 25.3371 25.3363 25.3465 25.3393 25.3340 25.3118 25.2869 25.2366 25.2337 25.1834 25.1319 25.1106 25.0582 25.0188 25.0027 24.9722 24.9578 24.9405 24.9229 24.9041 24.8864 24.8821 24.8461 24.8197 24.8105 24.7783 24.7458 24.7399 24.7227 24.6875 24.6598 24.6645 24.6672 24.6703 24.6833 24.7202 24.7654 24.7964 24.8171 24.7903 24.7606 24.7602 24.7331 24.7241 24.7068 24.7345 24.7506 24.7914 24.8318 24.8799 24.9436 24.9943 25.0297 25.0221 24.9990
25.3523 25.3081 25.3108 25.2860 25.2761 25.3054 25.3436 25.3236 25.3425 25.3388 25.3516 25.3827 25.3842 25.3904 25.4020 25.4058 25.3622 25.3376 25.3241 25.3125 25.3078 25.2573 25.1892 25.1683 25.1125 25.0881 25.0679 25.0319 24.9894 24.9878 24.9555 24.9060 24.8794 24.8628 24.8337 24.7942 24.7879 24.7703 24.7570 24.7551 24.7468 24.7112 24.6920 24.6813 24.6565 24.6603 24.6731 24.7047 24.7367 24.7660 24.7781 24.7648 24.7412 24.7444 24.7428 24.7510 24.7302 24.7604 24.7799 24.8285 24.8507 24.8791 24.9238 24.9613 24.9884 24.9965 24.9799
