regresion/Composicion_(Lt_555).txt
ncols         167
nrows         127
xllcorner     -112.014
yllcorner     26.717
cellsize      0.00899
[rows 58 to 86 of 127, columns 0 to 66 of 167]
24.4470 24.4969 24.4844 24.5235 24.4751 24.5018 24.5018 24.4300 24.4065 24.4190 24.4423 24.4423 24.5028 24.5262 24.5118 24.4725 24.4976 24.5208 24.5333 24.4580 24.4383 24.4654 24.4654 24.4295 24.4060 24.4185 24.3916 24.3916 24.4774 24.4382 24.4364 24.4455 24.4455 24.5580 24.5580 24.5454 24.4875 24.4999 24.4999 24.5283 24.5174 24.4924 24.4547 24.4406 24.4513 24.4513 24.5105 24.5213 24.5212 24.6071 24.5945 24.6319 24.5868 24.5491 24.5492 24.4896 24.5038 24.5038 24.5021 24.5255 24.5990 24.5990 24.6081 24.5814 24.5687 24.6079 24.5953
24.3987 24.4361 24.4487 24.4843 24.4359 24.4376 24.4251 24.4536 24.4677 24.4802 24.4551 24.4551 24.4926 24.4425 24.4529 24.4228 24.4854 24.4727 24.4852 24.4601 24.4850 24.4617 24.4617 24.4274 24.4164 24.4288 24.3913 24.3913 24.3660 24.3911 24.3893 24.4715 24.4715 24.4839 24.4839 24.6089 24.6464 24.5984 24.5984 24.5895 24.5536 24.5412 24.5552 24.5411 24.5034 24.5034 24.4731 24.4839 24.4964 24.6074 24.5948 24.6197 24.5463 24.5837 24.5601 24.5134 24.4900 24.4899 24.4915 24.5149 24.5273 24.5273 24.6096 24.5829 24.5829 24.6079 24.5953
24.3769 24.4002 24.4128 24.4484 24.4843 24.4860 24.4734 24.4628 24.4770 24.5036 24.4693 24.4693 24.4942 24.4191 24.4295 24.4136 24.4762 24.4601 24.4727 24.4476 24.4459 24.4225 24.4225 24.4241 24.4131 24.4272 24.3804 24.3804 24.3551 24.3801 24.3658 24.4623 24.4623 24.4839 24.4839 24.6089 24.6073 24.5592 24.5592 24.5862 24.5503 24.5379 24.5536 24.5677 24.5050 24.5050 24.4622 24.4622 24.4746 24.5715 24.5698 24.5947 24.5321 24.5696 24.5459 24.5367 24.5134 24.5133 24.5290 24.5416 24.5414 24.5414 24.6237 24.5987 24.5986 24.6204 24.6062
24.3641 24.4249 24.4374 24.4857 24.5215 24.4985 24.4985 24.4879 24.5019 24.5286 24.4693 24.4693 24.4691 24.3941 24.3797 24.3763 24.4389 24.4730 24.4856 24.4604 24.4587 24.4353 24.4353 24.4369 24.4385 24.4526 24.3808 24.3808 24.3680 24.3931 24.3158 24.4372 24.4372 24.5340 24.5340 24.5839 24.5823 24.5839 24.5839 24.6109 24.5875 24.5750 24.5532 24.5674 24.5171 24.5171 24.4619 24.4619 24.4493 24.5461 24.5444 24.5567 24.4942 24.5088 24.4852 24.4741 24.5258 24.5258 24.5415 24.5540 24.5288 24.5288 24.5862 24.5611 24.5736 24.5954 24.5936
24.3410 24.4018 24.4249 24.4732 24.5090 24.4985 24.4985 24.4860 24.5000 24.5267 24.4815 24.4815 24.4688 24.3938 24.3793 24.3901 24.4527 24.4868 24.4853 24.4601 24.4459 24.4225 24.4225 24.4350 24.4365 24.4507 24.3808 24.3808 24.3931 24.4181 24.3408 24.4267 24.4267 24.5469 24.5469 24.5968 24.5826 24.5843 24.5843 24.6342 24.6108 24.5750 24.5533 24.5674 24.5171 24.5171 24.4636 24.4635 24.4510 24.5458 24.5441 24.5564 24.4939 24.5085 24.4855 24.4745 24.5261 24.5261 24.5419 24.5544 24.5041 24.5041 24.5740 24.5489 24.5614 24.6208 24.6190
24.4377 24.4393 24.4624 24.4890 24.4873 24.4765 24.4764 24.4748 24.4388 24.4387 24.4261 24.4261 24.4508 24.4758 24.4758 24.4741 24.4383 24.4272 24.4256 24.4129 24.4363 24.4258 24.4258 24.4492 24.4383 24.4132 24.3632 24.3632 24.4273 24.3898 24.3629 24.3987 24.3987 24.4754 24.4754 24.5128 24.5487 24.6254 24.6254 24.6112 24.5753 24.5395 24.5251 24.5251 24.4892 24.4892 24.5229 24.4853 24.4601 24.4865 24.4864 24.4863 24.4471 24.4612 24.4382 24.4975 24.5242 24.5492 24.5616 24.5617 24.5506 24.5506 24.6722 24.6721 24.6595 24.6862 24.6736
24.4628 24.4643 24.4518 24.4784 24.4767 24.4893 24.4893 24.4751 24.4391 24.4390 24.4498 24.4498 24.4636 24.4887 24.4886 24.4869 24.4511 24.4400 24.4276 24.4149 24.4363 24.4258 24.4258 24.4367 24.4258 24.4007 24.3613 24.3613 24.4145 24.3770 24.3500 24.3859 24.3859 24.4392 24.4392 24.4766 24.5484 24.6251 24.6251 24.5983 24.5624 24.5520 24.5377 24.5377 24.4892 24.4892 24.5229 24.4853 24.4601 24.4743 24.4743 24.4741 24.4349 24.4490 24.4366 24.4958 24.5225 24.5242 24.5366 24.5366 24.5506 24.5506 24.5613 24.5612 24.5486 24.5983 24.5857
24.4752 24.4643 24.4518 24.4534 24.4517 24.4643 24.4659 24.4518 24.4266 24.4390 24.4248 24.4248 24.4494 24.4745 24.4744 24.4869 24.4511 24.4525 24.4400 24.3898 24.4129 24.4040 24.4040 24.4133 24.4257 24.4131 24.3863 24.3863 24.3894 24.3519 24.3250 24.3859 24.3859 24.4016 24.4016 24.4391 24.5125 24.5767 24.5767 24.5733 24.5624 24.5520 24.5126 24.5126 24.4749 24.4749 24.4962 24.4978 24.4726 24.4993 24.4867 24.4616 24.4115 24.4023 24.3898 24.4349 24.4849 24.4866 24.4991 24.4991 24.5239 24.5239 24.5346 24.5487 24.5361 24.5983 24.5481
24.4718 24.4740 24.4615 24.4744 24.4915 24.4956 24.4972 24.4283 24.4157 24.4281 24.4406 24.4406 24.4277 24.4011 24.4261 24.4385 24.4619 24.4992 24.4867 24.4491 24.4471 24.4379 24.4379 24.4646 24.4519 24.4393 24.4142 24.4142 24.4407 24.4032 24.3764 24.4373 24.4373 24.3605 24.3605 24.3603 24.4712 24.5483 24.5483 24.5623 24.5515 24.5410 24.5283 24.5158 24.5140 24.5140 24.4589 24.4605 24.4605 24.4588 24.4463 24.4211 24.4728 24.4510 24.4386 24.4385 24.4885 24.4650 24.4525 24.4525 24.5025 24.5025 24.5329 24.5470 24.5470 24.5951 24.5199
24.4843 24.4865 24.4741 24.4869 24.5040 24.4848 24.4864 24.4408 24.4282 24.4406 24.4281 24.4281 24.4386 24.4120 24.4370 24.4385 24.4619 24.4992 24.4867 24.4491 24.4491 24.4399 24.4399 24.4649 24.4522 24.4397 24.4146 24.4146 24.4285 24.3910 24.3642 24.4626 24.4626 24.3608 24.3608 24.3606 24.4087 24.4858 24.4858 24.5624 24.5515 24.5640 24.5513 24.5388 24.5261 24.5261 24.4711 24.4727 24.4727 24.4727 24.4601 24.4350 24.4600 24.4382 24.4507 24.4507 24.5007 24.5006 24.4880 24.4880 24.4899 24.4899 24.5204 24.5346 24.5345 24.5095 24.4343
24.3484 24.4238 24.4113 24.4592 24.4810 24.4611 24.4582 24.4151 24.4248 24.4392 24.4437 24.4437 24.4440 24.4174 24.4369 24.4134 24.4368 24.4741 24.4617 24.4115 24.4115 24.4147 24.4147 24.4414 24.4163 24.4271 24.4145 24.4145 24.3766 24.3391 24.3249 24.3983 24.3983 24.3231 24.3231 24.3731 24.4086 24.4119 24.4119 24.5152 24.5026 24.5151 24.5134 24.5009 24.5257 24.5257 24.4832 24.4723 24.4723 24.4598 24.4473 24.4471 24.4596 24.4382 24.4507 24.4631 24.4631 24.4630 24.4880 24.4880 24.4506 24.4506 24.4456 24.4331 24.4455 24.4331 24.3720
24.4353 24.5107 24.4655 24.4635 24.4854 24.4397 24.4368 24.3896 24.3993 24.4137 24.4200 24.4200 24.4084 24.4797 24.4992 24.4885 24.4761 24.5134 24.4884 24.4382 24.4632 24.4665 24.4665 24.4148 24.3896 24.4004 24.3878 24.3878 24.4108 24.4376 24.4234 24.4484 24.4484 24.3623 24.3623 24.4123 24.4624 24.4657 24.4657 24.5389 24.5263 24.5389 24.4996 24.4871 24.5102 24.5102 24.5228 24.5119 24.5118 24.5244 24.5118 24.5117 24.4741 24.4528 24.4383 24.4740 24.4740 24.4739 24.5114 24.5114 24.4845 24.4845 24.4970 24.4845 24.4969 24.4720 24.4109
23.7399 24.4365 24.3913 24.4031 24.4460 24.3876 24.3659 24.3178 24.3247 24.3391 24.3178 24.3178 24.3857 24.4507 24.4381 24.4400 24.4275 24.4649 24.4399 24.4397 24.4381 24.4292 24.4292 24.4009 24.3883 24.3991 24.3614 24.3614 24.4593 24.4860 24.4876 24.5000 24.5000 24.4891 24.4891 24.4389 24.5124 24.4530 24.4530 24.5122 24.4997 24.5122 24.4980 24.5105 24.5336 24.5336 24.5369 24.5260 24.5384 24.5635 24.5509 24.5508 24.4600 24.4257 24.4112 24.4721 24.4720 24.4594 24.4719 24.4735 24.4341 24.4341 24.4983 24.4857 24.4981 24.4982 24.4497
23.1651 24.4350 24.3897 24.4015 24.4418 24.3834 24.3617 24.3006 24.3075 24.3201 24.2988 24.2988 24.3856 24.4506 24.4381 24.4258 24.4133 24.4632 24.4382 24.4380 24.4381 24.4292 24.4292 24.3884 24.3757 24.3865 24.3489 24.3489 24.4593 24.4860 24.4876 24.5000 24.5000 24.5016 24.5016 24.4514 24.5249 24.4655 24.4655 24.4872 24.4746 24.4872 24.4980 24.5105 24.5461 24.5461 24.5494 24.5368 24.5492 24.5743 24.5867 24.5867 24.4850 24.4507 24.4362 24.4737 24.4737 24.4611 24.4611 24.4627 24.4341 24.4341 24.4983 24.4732 24.4856 24.4857 24.4622
23.0720 24.4707 24.3580 24.3798 24.4201 24.3678 24.3408 24.2791 24.3145 24.3272 24.3073 24.3073 24.3699 24.3930 24.4072 24.3783 24.3840 24.4452 24.4368 24.4381 24.5024 24.5164 24.5164 24.4539 24.4912 24.5021 24.4751 24.4751 24.4606 24.4715 24.5106 24.5839 24.5839 24.5625 24.5625 24.5269 24.5019 24.4785 24.4785 24.4784 24.4784 24.5017 24.5751 24.5876 24.6104 24.6104 24.5961 24.5835 24.5835 24.6227 24.6352 24.6243 24.5760 24.5525 24.5525 24.5400 24.5399 24.5131 24.5239 24.5255 24.4970 24.4970 24.5453 24.5203 24.5327 24.4969 24.4609
24.8178 24.4915 24.3788 24.4005 24.3723 24.3201 24.2931 24.3435 24.3789 24.3753 24.3234 24.3234 24.3654 24.4239 24.4381 24.4267 24.4324 24.4560 24.4477 24.4490 24.4415 24.4555 24.4555 24.4305 24.4678 24.4928 24.4642 24.4642 24.4481 24.4590 24.4965 24.5698 24.5698 24.5592 24.5592 24.5236 24.5394 24.5159 24.5159 24.5051 24.5050 24.5284 24.5909 24.5893 24.6104 24.6104 24.5820 24.5944 24.5944 24.6102 24.5851 24.5743 24.5651 24.5416 24.5417 24.5416 24.5415 24.5147 24.5130 24.5239 24.4954 24.4954 24.5437 24.5311 24.5436 24.4969 24.4592
24.9116 24.5416 24.4288 24.3882 24.3600 24.3078 24.2718 24.3222 24.3772 24.3736 24.3250 24.3250 24.3634 24.4218 24.4360 24.4392 24.4449 24.4560 24.4477 24.4490 24.4415 24.5055 24.5055 24.4805 24.4803 24.5053 24.4767 24.4767 24.4606 24.4715 24.5090 24.5698 24.5698 24.5843 24.5843 24.5111 24.5269 24.5159 24.5159 24.5051 24.5175 24.5409 24.6034 24.6018 24.5962 24.5962 24.5694 24.5819 24.5818 24.5977 24.5726 24.5743 24.5651 24.5541 24.5541 24.5541 24.5415 24.5147 24.4880 24.4989 24.4578 24.4578 24.4812 24.4686 24.4811 24.4594 24.4217
24.9315 24.5615 24.5412 24.4912 24.4629 24.4285 24.3926 24.4474 24.4801 24.4765 24.4342 24.4342 24.3977 24.4562 24.5096 24.5141 24.5198 24.4453 24.4453 24.4470 24.4164 24.5055 24.5055 24.4805 24.4553 24.4803 24.4160 24.4160 24.5364 24.5472 24.5347 24.5579 24.5579 24.5202 24.5202 24.5091 24.5516 24.5281 24.5281 24.5297 24.5422 24.5422 24.5421 24.5405 24.5833 24.5833 24.5191 24.5315 24.5190 24.5476 24.5226 24.5245 24.5279 24.5169 24.5545 24.5669 24.5544 24.5151 24.4883 24.4992 24.4954 24.4954 24.5187 24.5062 24.4810 24.4719 24.4467
24.6159 24.5360 24.5157 24.4477 24.4602 24.4258 24.3898 24.4303 24.4630 24.4968 24.4428 24.4428 24.4057 24.4463 24.4998 24.5101 24.9109 24.8098 24.8098 24.8115 24.4614 24.5505 24.5505 24.4521 24.4270 24.4394 24.4427 24.4427 24.5897 24.6022 24.5772 24.5988 24.5988 24.5344 24.5344 24.5233 24.5358 24.5123 24.5123 24.5389 24.5514 24.5515 24.5405 24.5546 24.5866 24.5866 24.5365 24.5473 24.5347 24.5460 24.5334 24.5354 24.5479 24.5370 24.5746 24.5527 24.5402 24.5009 24.4900 24.4900 24.5253 24.5253 24.5487 24.5219 24.4968 24.4703 24.4576
24.6849 24.6038 24.6034 24.5985 24.6109 24.5484 24.4749 24.4964 24.4711 24.5050 24.4781 24.4781 24.4617 24.5023 24.4520 24.4737 24.8745 24.8227 24.7977 24.8368 24.4973 24.5739 24.5739 24.4894 24.4892 24.5017 24.5926 24.5926 24.6249 24.6374 24.5873 24.5981 24.5981 24.5338 24.5338 24.5229 24.5233 24.5248 24.5248 24.5389 24.5514 24.5514 24.5405 24.5546 24.5122 24.5122 24.4871 24.4979 24.4853 24.4821 24.4695 24.4833 24.4850 24.4740 24.5241 24.4773 24.4647 24.4772 24.4913 24.4913 24.4983 24.4983 24.5358 24.5090 24.4964 24.4932 24.4952
24.6849 24.6038 24.6034 24.5985 24.6109 24.5484 24.4749 24.4964 24.4711 24.5050 24.4781 24.4781 24.4617 24.5023 24.4520 24.4737 24.8745 24.8227 24.7977 24.8368 24.4973 24.5739 24.5739 24.4894 24.4892 24.5017 24.5926 24.5926 24.6249 24.6374 24.5873 24.5981 24.5981 24.5338 24.5338 24.5229 24.5233 24.5248 24.5248 24.5389 24.5514 24.5514 24.5405 24.5546 24.5122 24.5122 24.4871 24.4979 24.4853 24.4821 24.4695 24.4833 24.4850 24.4740 24.5241 24.4773 24.4647 24.4772 24.4913 24.4913 24.4983 24.4983 24.5358 24.5090 24.4964 24.4932 24.4952
30.6324 25.9135 25.9131 24.6762 24.6285 24.5735 24.5802 24.5914 24.5602 24.5743 24.5261 24.5261 24.4742 24.5742 24.5491 24.5599 24.4866 24.4489 24.4239 24.4255 24.4130 24.5397 24.5397 24.5019 24.5268 24.5660 24.6250 24.6250 24.6716 24.6342 24.6215 24.6589 24.6589 24.6105 24.6105 24.5871 24.6266 24.6282 24.6282 24.6015 24.6015 24.6015 24.5871 24.5746 24.5211 24.5211 24.5101 24.5476 24.5476 24.5743 24.5475 24.4866 24.4883 24.4647 24.5148 24.4881 24.5006 24.5256 24.4630 24.5005 24.4828 24.4828 24.5344 24.5469 24.5593 24.5985 24.5856
31.9354 27.2164 25.9294 24.6926 24.6448 24.6578 24.6646 24.6145 24.5833 24.5974 24.5261 24.5261 24.4742 24.5742 24.5491 24.5616 24.4883 24.4506 24.4615 24.4630 24.4255 24.5523 24.5523 24.4881 24.5130 24.5522 24.6254 24.6254 24.6236 24.5861 24.5734 24.6092 24.6092 24.5358 24.5358 24.5124 24.5625 24.5641 24.5641 24.5386 24.5386 24.5511 24.5367 24.5242 24.5099 24.5099 24.5223 24.5598 24.5598 24.5615 24.5347 24.4738 24.4863 24.4628 24.4773 24.4506 24.4631 24.5381 24.4755 24.5130 24.5474 24.5474 24.5723 24.5847 24.5972 24.5363 24.5234
52.8601 43.6947 42.4077 29.4558 24.2426 24.5829 24.9357 24.8289 24.8091 24.7754 24.5328 24.5328 24.4491 24.5492 24.5491 24.5616 24.4883 24.4271 24.4380 24.4663 24.4272 24.5147 24.5147 24.4380 24.4754 24.4879 24.5987 24.5987 24.6235 24.5860 24.5859 24.6217 24.6217 24.5750 24.5750 24.5891 24.6125 24.5890 24.5890 24.5260 24.5134 24.5260 24.5224 24.5099 24.4848 24.4848 24.4973 24.5348 24.5723 24.5614 24.5363 24.4896 24.4754 24.4502 24.4648 24.4756 24.4630 24.5363 24.5096 24.5472 24.6221 24.6221 24.6345 24.6344 24.6469 24.5860 24.6503
70.5116 63.6249 55.1652 37.9141 32.3149 32.6709 33.0238 25.1173 25.0975 25.0637 24.5421 24.5421 24.4711 24.4750 24.4750 24.4759 24.5455 24.4734 24.4593 24.4877 24.5236 24.6111 24.6111 24.4518 24.4892 24.5017 24.5019 24.5019 24.5267 24.5142 24.5376 24.5625 24.5625 24.5842 24.5842 24.5983 24.5732 24.5498 24.5498 24.5013 24.4887 24.5029 24.5135 24.5385 24.5259 24.5259 24.5226 24.5601 24.5976 24.6211 24.5960 24.5492 24.4866 24.4614 24.4615 24.5131 24.5005 24.5626 24.5626 24.6001 24.6751 24.6751 24.5967 24.5966 24.6091 24.5574 24.6217
70.5116 63.6249 55.1652 37.9141 32.3149 32.6709 33.0238 25.1173 25.0975 25.0637 24.5421 24.5421 24.4711 24.4750 24.4750 24.4759 24.5455 24.4734 24.4593 24.4877 24.5236 24.6111 24.6111 24.4518 24.4892 24.5017 24.5019 24.5019 24.5267 24.5142 24.5376 24.5625 24.5625 24.5842 24.5842 24.5983 24.5732 24.5498 24.5498 24.5013 24.4887 24.5029 24.5135 24.5385 24.5259 24.5259 24.5226 24.5601 24.5976 24.6211 24.5960 24.5492 24.4866 24.4614 24.4615 24.5131 24.5005 24.5626 24.5626 24.6001 24.6751 24.6751 24.5967 24.5966 24.6091 24.5574 24.6217
74.4541 72.7054 64.2457 54.0829 53.2083 53.2169 53.2042 42.1596 30.9098 26.2547 24.4619 24.4619 24.4083 24.4122 24.3874 24.3571 24.4266 24.4156 24.4015 24.4241 24.4718 24.4749 24.4749 24.3140 24.4391 24.4390 24.4768 24.4768 24.5000 24.4875 24.5358 24.5625 24.5625 24.5590 24.5590 24.5624 24.5640 24.5263 24.5263 24.4887 24.4637 24.4778 24.4635 24.4885 24.5242 24.5242 24.4959 24.4725 24.5350 24.5459 24.5709 24.5617 24.5258 24.5007 24.5007 24.4880 24.4880 24.5501 24.6001 24.6376 24.6734 24.6734 24.6200 24.6216 24.6967 24.6325 24.6592
77.5189 75.7702 75.3330 70.8332 69.9586 68.6419 68.6292 49.3366 38.0868 33.4317 24.1974 24.1974 24.5241 24.3902 24.3654 24.3360 24.4188 24.4078 24.4122 24.4348 24.5043 24.5075 24.5075 24.4466 24.5716 24.5715 24.5110 24.5110 24.5355 24.5247 24.5731 24.5747 24.5747 24.5370 24.5370 24.5404 24.5904 24.5527 24.5527 24.5368 24.5117 24.4993 24.4349 24.4599 24.4975 24.4975 24.5101 24.4867 24.5492 24.5493 24.5742 24.5650 24.5150 24.4898 24.5149 24.4989 24.4989 24.5221 24.5596 24.5971 24.6095 24.6095 24.5970 24.5986 24.6736 24.6720 24.6987
81.4593 80.5843 80.1472 81.0279 81.4585 77.5134 78.8254 59.3395 46.5457 41.8906 23.9771 23.9771 24.7528 24.4369 24.3784 24.3188 24.4016 24.4734 24.4778 24.4670 24.5026 24.5838 24.5838 24.5234 24.5812 24.5811 24.4811 24.4811 24.5088 24.4981 24.4870 24.4761 24.4761 24.5404 24.5404 24.5169 24.5262 24.5136 24.5136 24.5226 24.4850 24.4726 24.4332 24.4348 24.4600 24.4600 24.4741 24.4507 24.5151 24.5401 24.5651 24.5667 24.5634 24.5632 24.5882 24.5598 24.5848 24.6080 24.6080 24.6346 24.6220 24.6220 24.6612 24.6628 24.7128 24.7362 24.7129
