regresion/Composicion_(Band 12).txt
ncols         167
nrows         127
xllcorner     -112.017
yllcorner     26.724
cellsize      0.00900
[rows 0 to 28 of 127, columns 0 to 66 of 167]
24.7403 24.7403 24.7112 24.7023 24.7251 24.7484 24.7656 24.7734 24.8099 24.8066 24.7922 24.7656 24.7264 24.7120 24.6856 24.6876 24.7064 24.7302 24.7638 24.7534 24.7984 24.8126 24.8245 24.8075 24.8166 24.8267 24.8196 24.8135 24.7670 24.7319 24.7044 24.6902 24.6672 24.6323 24.6136 24.6206 24.6485 24.6668 24.6897 24.6996 24.7227 24.7199 24.7121 24.6974 24.6980 24.6818 24.6799 24.6744 24.7099 24.7264 24.7369 24.7273 24.6985 24.6804 24.6807 24.6860 24.7021 24.7075 24.6949 24.7102 24.7223 24.7216 24.7220 24.7049 24.6885 24.6899 24.7090
24.7388 24.7388 24.7113 24.7014 24.7233 24.7466 24.7637 24.7718 24.8083 24.8046 24.7901 24.7632 24.7240 24.7088 24.6830 24.6862 24.7037 24.7262 24.7598 24.7503 24.7967 24.8118 24.8244 24.8069 24.8160 24.8280 24.8265 24.8263 24.7836 24.7485 24.7266 24.7155 24.6890 24.6539 24.6272 24.6342 24.6593 24.6738 24.6898 24.6939 24.7173 24.7145 24.7105 24.6964 24.6962 24.6800 24.6782 24.6728 24.7098 24.7248 24.7370 24.7271 24.6983 24.6792 24.6818 24.6856 24.6989 24.7067 24.6941 24.7089 24.7190 24.7201 24.7203 24.6986 24.6822 24.6833 24.7006
24.7355 24.7355 24.6923 24.6734 24.6985 24.7439 24.7743 24.7908 24.8234 24.8203 24.8042 24.7635 24.7496 24.7378 24.7069 24.7043 24.7270 24.7593 24.7824 24.7710 24.8139 24.8321 24.8213 24.8185 24.8148 24.8275 24.8180 24.7932 24.7783 24.7633 24.7329 24.7141 24.6905 24.6603 24.6497 24.6563 24.6737 24.6718 24.6731 24.6535 24.6639 24.6731 24.6847 24.6747 24.6739 24.6633 24.6458 24.6557 24.6840 24.6912 24.7075 24.7338 24.7120 24.6890 24.7089 24.6955 24.7231 24.7275 24.7435 24.7706 24.7625 24.7613 24.7136 24.7169 24.7226 24.7412 24.7472
24.7391 24.7391 24.6639 24.6492 24.6793 24.7086 24.7687 24.7800 24.8334 24.8395 24.8309 24.8065 24.7902 24.7779 24.7510 24.7461 24.7627 24.7950 24.8056 24.8204 24.8451 24.8595 24.8567 24.8390 24.8385 24.8386 24.8047 24.7831 24.7532 24.7471 24.7388 24.7299 24.7085 24.6904 24.6698 24.6666 24.6642 24.6461 24.6564 24.6392 24.6174 24.6255 24.6557 24.6659 24.6353 24.6562 24.6548 24.6773 24.7124 24.7336 24.7541 24.7686 24.7714 24.7501 24.7602 24.7904 24.8005 24.8208 24.8152 24.7876 24.7662 24.7614 24.7301 24.7353 24.7558 24.7656 24.7737
24.7799 24.7799 24.7091 24.7076 24.7405 24.7715 24.8037 24.8075 24.8342 24.8503 24.8506 24.8348 24.8116 24.8009 24.7991 24.7862 24.8070 24.8225 24.8108 24.8039 24.8277 24.8617 24.8648 24.8353 24.8350 24.8355 24.8179 24.8043 24.7882 24.7730 24.7572 24.7438 24.7256 24.7115 24.7080 24.6792 24.6580 24.6422 24.6489 24.6517 24.6302 24.6348 24.6619 24.6693 24.6559 24.6480 24.6455 24.6521 24.6834 24.7291 24.7461 24.7712 24.7722 24.7714 24.7831 24.8192 24.8358 24.8418 24.7976 24.7393 24.7128 24.7192 24.7021 24.7346 24.7704 24.7925 24.8151
24.8460 24.8460 24.7856 24.7692 24.7680 24.8205 24.8587 24.8579 24.8585 24.8585 24.8656 24.8591 24.8479 24.8403 24.8227 24.8359 24.8401 24.8498 24.8546 24.8634 24.8588 24.8978 24.8901 24.8603 24.8567 24.8419 24.8114 24.8004 24.7738 24.7600 24.7515 24.7428 24.7227 24.7224 24.7367 24.6936 24.6862 24.6824 24.7071 24.6950 24.6876 24.6891 24.6845 24.6758 24.6578 24.6502 24.6418 24.6465 24.6610 24.7095 24.7283 24.7519 24.7621 24.7783 24.8111 24.8490 24.8465 24.8422 24.7898 24.7351 24.7072 24.7174 24.7212 24.7640 24.7687 24.7669 24.7892
24.8673 24.8673 24.8032 24.7529 24.7658 24.8314 24.8693 24.8861 24.8651 24.8639 24.8551 24.8593 24.8718 24.8620 24.8830 24.9039 24.9114 24.9231 24.9174 24.9185 24.9139 24.9084 24.9253 24.8795 24.8576 24.8621 24.8437 24.8106 24.7791 24.7590 24.7493 24.7351 24.7091 24.7123 24.7202 24.6972 24.6815 24.6867 24.7126 24.7048 24.7072 24.7128 24.6780 24.6652 24.6500 24.6607 24.6668 24.6820 24.6827 24.7217 24.7420 24.7730 24.7933 24.8208 24.8520 24.8827 24.8609 24.8421 24.7788 24.7083 24.6803 24.7108 24.7179 24.7375 24.7545 24.7807 24.8050
24.8616 24.8616 24.8269 24.7753 24.7916 24.8526 24.8921 24.9202 24.8967 24.8997 24.8866 24.8784 24.8608 24.8627 24.8820 24.9118 24.9325 24.9537 24.9400 24.9310 24.9173 24.8988 24.9349 24.9207 24.9098 24.9081 24.8874 24.8388 24.7921 24.7743 24.7588 24.7410 24.7054 24.6966 24.7044 24.6880 24.6893 24.6977 24.7299 24.7318 24.7243 24.7544 24.7307 24.7025 24.6840 24.7053 24.7069 24.6896 24.6843 24.6889 24.7073 24.7691 24.8445 24.8673 24.8736 24.8627 24.8357 24.7903 24.7597 24.7646 24.7450 24.7462 24.7539 24.7710 24.7954 24.8145 24.8368
24.8833 24.8833 24.8318 24.7969 24.8234 24.8721 24.9227 24.9575 24.9409 24.9135 24.9153 24.9057 24.8821 24.8951 24.9019 24.9266 24.9634 24.9855 24.9841 24.9607 24.9348 24.9097 24.9175 24.9224 24.9399 24.9379 24.9090 24.8661 24.8300 24.8063 24.7816 24.7717 24.7333 24.6976 24.7106 24.7236 24.7201 24.7341 24.7507 24.7487 24.7377 24.7555 24.7508 24.7284 24.7174 24.7307 24.7497 24.7374 24.7357 24.7219 24.7305 24.7570 24.7965 24.8487 24.8745 24.8686 24.8608 24.8499 24.8363 24.8493 24.8191 24.7961 24.8002 24.8239 24.8508 24.8818 24.8917
24.8892 24.8892 24.8585 24.8346 24.8436 24.9110 24.9586 24.9721 24.9769 24.9535 24.9421 24.9423 24.9204 24.9328 24.9334 24.9546 24.9815 24.9892 24.9952 24.9854 24.9559 24.9039 24.8803 24.8749 24.9080 24.9180 24.9169 24.8705 24.8515 24.8172 24.7890 24.7822 24.7178 24.6885 24.7007 24.7170 24.7187 24.7359 24.7547 24.7587 24.7673 24.8019 24.7732 24.7673 24.7605 24.7648 24.7997 24.8039 24.7923 24.8023 24.8157 24.8476 24.8829 24.9147 24.9190 24.9090 24.8955 24.8681 24.8544 24.8384 24.8425 24.8303 24.8318 24.8507 24.8700 24.8903 24.8913
24.8868 24.8868 24.8743 24.8469 24.8585 24.9295 24.9867 25.0025 25.0107 24.9960 24.9718 24.9711 24.9539 24.9658 24.9803 24.9874 25.0028 24.9891 24.9861 24.9752 24.9367 24.8776 24.8452 24.8131 24.8280 24.8373 24.8614 24.8362 24.8156 24.7863 24.7812 24.7680 24.7044 24.6825 24.6983 24.7361 24.7462 24.7637 24.7718 24.7734 24.7863 24.7981 24.8148 24.8284 24.8256 24.8295 24.8405 24.8556 24.8550 24.8804 24.8917 24.8987 24.8990 24.9120 24.9076 24.9174 24.9230 24.9380 24.9099 24.8823 24.8909 24.8858 24.8856 24.8647 24.8571 24.8772 24.8866
24.9011 24.9011 24.8881 24.8585 24.8666 24.9261 24.9731 24.9881 25.0132 24.9945 24.9871 24.9832 24.9777 24.9826 24.9885 25.0099 25.0201 25.0022 24.9897 24.9852 24.9316 24.8964 24.8601 24.8196 24.7944 24.8057 24.8176 24.8347 24.8071 24.7710 24.7621 24.7586 24.7384 24.7047 24.6942 24.7495 24.7651 24.7865 24.7986 24.7955 24.8328 24.8301 24.8374 24.8495 24.8436 24.8430 24.8506 24.8757 24.8807 24.9068 24.9209 24.9474 24.9641 24.9479 24.9397 24.9654 24.9827 25.0009 24.9826 24.9361 24.9497 24.9527 24.9455 24.9213 24.8871 24.8773 24.8521
24.8824 24.8824 24.8665 24.8553 24.8596 24.9109 24.9332 24.9429 24.9795 24.9985 24.9807 24.9821 24.9904 24.9977 25.0174 25.0391 25.0521 25.0516 25.0350 25.0167 24.9636 24.9396 24.9168 24.8843 24.8454 24.8451 24.8103 24.8148 24.8053 24.7642 24.7434 24.7301 24.7140 24.6984 24.7011 24.7558 24.7863 24.8096 24.8049 24.8235 24.8550 24.8491 24.8449 24.8527 24.8527 24.8494 24.8522 24.8689 24.8875 24.9317 24.9416 24.9707 24.9617 24.9330 24.9573 24.9998 25.0085 25.0489 25.0218 24.9801 25.0071 24.9906 24.9961 24.9750 24.9438 24.9053 24.8781
24.8644 24.8644 24.8261 24.8274 24.8501 24.8934 24.9110 24.9173 24.9347 24.9582 24.9672 24.9793 24.9931 24.9949 25.0368 25.0877 25.1094 25.1098 25.0756 25.0511 25.0227 24.9633 24.9337 24.9386 24.9080 24.9095 24.8413 24.8311 24.8227 24.7849 24.7351 24.7274 24.7234 24.7151 24.7296 24.7772 24.7982 24.8271 24.8222 24.8172 24.8464 24.8449 24.8379 24.8429 24.8485 24.8697 24.8735 24.8925 24.9287 24.9791 24.9818 24.9926 24.9826 24.9546 24.9822 25.0257 25.0364 25.0583 25.0315 25.0104 25.0080 24.9934 24.9941 24.9586 24.9292 24.8916 24.8398
24.9062 24.9062 24.8795 24.8783 24.9449 24.9519 24.9966 24.9908 24.9962 24.9841 24.9739 24.9406 24.9563 24.9664 25.0381 25.0897 25.1068 25.0944 25.0804 25.0584 25.0773 25.0064 24.9417 24.9722 24.9330 24.9449 24.9078 24.8813 24.8675 24.8581 24.8124 24.7938 24.7695 24.7502 24.7668 24.8317 24.8500 24.8715 24.8546 24.8557 24.8713 24.8682 24.8549 24.8531 24.8564 24.8732 24.8874 24.8912 24.9115 24.9806 24.9649 24.9743 24.9809 24.9733 25.0002 25.0072 25.0071 25.0185 25.0167 25.0135 24.9909 24.9342 24.9458 24.9168 24.8728 24.8353 24.8198
25.0389 25.0389 25.0285 25.0091 25.0143 25.0777 25.0915 25.1103 25.1069 25.0847 25.0652 25.0022 25.0242 25.0063 25.0442 25.0747 25.1160 25.1355 25.0857 25.0575 25.0549 25.0499 24.9889 24.9962 24.9518 24.9618 24.9436 24.9280 24.9009 24.8825 24.8769 24.8566 24.8400 24.8090 24.8331 24.8752 24.8903 24.8819 24.8728 24.8535 24.8907 24.9058 24.8694 24.8713 24.8679 24.8860 24.9115 24.9158 24.9114 24.9481 24.9324 24.9477 24.9628 24.9705 25.0175 25.0096 25.0049 25.0076 25.0281 25.0352 24.9807 24.9035 24.9085 24.8797 24.8478 24.8455 24.8262
25.1121 25.1121 25.1230 25.1950 25.1884 25.1527 25.1229 25.1299 25.0900 25.0701 25.0529 25.0107 25.0229 25.0262 25.0695 25.0997 25.1132 25.1096 25.1024 25.0852 25.0885 25.0860 25.0549 24.9767 24.9221 24.9224 24.9030 24.8973 24.8712 24.8838 24.8862 24.8694 24.8876 24.8673 24.8856 24.9238 24.9250 24.8995 24.8920 24.8626 24.8619 24.8918 24.8748 24.8922 24.8909 24.9063 24.9529 24.9779 24.9745 24.9767 24.9502 24.9718 24.9785 24.9792 25.0129 24.9922 24.9809 24.9786 25.0144 25.0562 24.9668 24.8997 24.9011 24.8662 24.8461 24.8366 24.8171
25.2022 25.2022 25.1838 25.1948 25.1672 25.1747 25.1537 25.1227 25.0720 25.0644 25.0656 25.0556 25.0408 25.0653 25.0512 25.0643 25.0687 25.0616 25.0705 25.0546 25.0626 25.0934 25.0529 24.9197 24.9097 24.9010 24.9103 24.9018 24.8863 24.8800 24.9071 24.8894 24.9298 24.9124 24.9363 24.9662 24.9678 24.9451 24.9304 24.9002 24.8837 24.8882 24.8682 24.8796 24.8604 24.9056 24.9369 24.9720 24.9773 24.9763 24.9508 24.9584 24.9690 24.9821 25.0253 25.0306 25.0277 25.0221 25.0414 25.0483 24.9962 24.9225 24.9130 24.8739 24.8525 24.8399 24.8296
25.2121 25.2121 25.1643 25.1210 25.0943 25.1101 25.1315 25.0927 25.0598 25.0194 25.0233 25.0077 24.9989 25.0120 25.0115 25.0426 25.0521 25.0409 25.0362 25.0374 25.0549 25.0576 25.0200 24.9136 24.9145 24.8893 24.8939 24.9020 24.9062 24.8729 24.8870 24.8835 24.9449 24.9590 24.9882 25.0135 25.0068 24.9808 24.9711 24.9298 24.9004 24.8857 24.8700 24.8441 24.8324 24.8828 24.9090 24.9671 24.9870 24.9824 24.9740 24.9700 24.9850 24.9963 25.0112 25.0369 25.0469 25.0760 25.0812 25.0781 25.0689 25.0167 25.0107 24.9798 24.9476 24.9168 24.8833
25.1417 25.1417 25.0589 25.0288 25.0154 25.0390 25.0895 25.0464 25.0117 24.9717 24.9550 24.9625 24.9589 24.9539 24.9598 24.9917 25.0233 25.0363 25.0335 25.0349 25.0517 25.0425 24.9820 24.9240 24.9150 24.8953 24.8886 24.9015 24.9240 24.9150 24.8877 24.8744 24.9229 24.9612 24.9741 24.9939 24.9917 24.9898 24.9792 24.9594 24.9292 24.9207 24.9043 24.8707 24.8577 24.8655 24.9018 24.9353 24.9748 24.9990 24.9951 25.0018 25.0184 25.0374 25.0564 25.0725 25.0756 25.0987 25.1022 25.0635 25.0883 25.0623 25.0563 25.0325 24.9837 24.9393 24.8989
25.0193 25.0193 24.9555 24.9526 24.9580 25.0019 25.0244 25.0089 24.9899 24.9400 24.9298 24.9201 24.9208 24.9141 24.9213 24.9451 24.9799 24.9979 24.9999 24.9899 24.9809 24.9678 24.9497 24.9122 24.8961 24.8855 24.8745 24.8866 24.9200 24.9456 24.9334 24.9125 24.9080 24.9287 24.9336 24.9496 24.9536 24.9578 24.9386 24.9265 24.9172 24.9286 24.9323 24.9085 24.9017 24.9071 24.9497 24.9672 24.9838 25.0057 25.0000 24.9976 25.0204 25.0451 25.0587 25.0640 25.0788 25.1073 25.0938 25.0720 25.0530 25.0644 25.0621 25.0168 24.9932 24.9638 24.9326
24.9602 24.9602 24.9218 24.9341 24.9601 25.0110 25.0108 24.9778 24.9597 24.9230 24.8896 24.8878 24.8909 24.9082 24.9220 24.9545 24.9671 24.9755 24.9649 24.9436 24.9403 24.9228 24.9176 24.9073 24.8847 24.8820 24.8552 24.8657 24.9071 24.9356 24.9544 24.9314 24.9110 24.9052 24.9251 24.9347 24.9077 24.9006 24.8943 24.8866 24.9088 24.9315 24.9368 24.9233 24.9211 24.9311 24.9664 24.9971 25.0112 25.0101 25.0140 25.0218 25.0236 25.0412 25.0530 25.0687 25.0837 25.0990 25.1024 25.0865 25.0638 25.0630 25.0610 25.0377 25.0199 24.9443 24.9270
24.9919 24.9919 24.9236 24.9020 24.9536 25.0078 25.0228 25.0301 24.9855 24.9412 24.8942 24.8904 24.8910 24.8979 24.9268 24.9552 24.9809 24.9805 24.9519 24.9503 24.9349 24.9355 24.9516 24.9526 24.9335 24.9125 24.8820 24.8593 24.8841 24.9101 24.9457 24.9383 24.9208 24.8837 24.9089 24.9210 24.9084 24.8970 24.8880 24.8877 24.9151 24.9293 24.9387 24.9354 24.9225 24.9476 24.9855 25.0118 25.0310 25.0359 25.0340 25.0344 25.0313 25.0347 25.0450 25.0783 25.0874 25.1139 25.1193 25.1108 25.0901 25.0792 25.0837 25.0770 25.0620 25.0248 24.9879
24.9876 24.9876 24.9495 24.9189 24.9822 25.0378 25.0589 25.0392 24.9865 24.9246 24.8856 24.8704 24.8745 24.8979 24.9304 24.9707 24.9887 24.9836 24.9518 24.9549 24.9904 24.9812 24.9630 24.9462 24.9075 24.8885 24.8771 24.8762 24.8813 24.9017 24.9333 24.9221 24.9159 24.9049 24.9061 24.9289 24.9270 24.8971 24.8850 24.8645 24.8857 24.9165 24.9370 24.9316 24.9294 24.9562 25.0048 25.0591 25.0800 25.0829 25.0644 25.0489 25.0478 25.0540 25.0652 25.1048 25.1257 25.1624 25.1535 25.1443 25.1287 25.1091 25.1056 25.1002 25.0963 25.0729 25.0561
25.0772 25.0772 25.0432 24.9947 25.0490 25.0837 25.0748 25.0429 25.0212 24.9793 24.9247 24.8717 24.8646 24.8694 24.8916 24.9094 24.9229 24.9163 24.9219 24.9403 24.9571 24.9682 24.9655 24.9532 24.9267 24.9005 24.9070 24.9229 24.9385 24.9337 24.9396 24.9131 24.9267 24.9199 24.9210 24.9635 24.9665 24.9493 24.9357 24.8951 24.8968 24.9221 24.9395 24.9505 24.9518 24.9697 25.0215 25.0743 25.0999 25.1065 25.0733 25.0514 25.0383 25.0600 25.0909 25.1239 25.1507 25.1792 25.1828 25.1826 25.1900 25.1632 25.1517 25.1339 25.1439 25.1565 25.1721
25.1438 25.1438 25.1074 25.0933 25.1032 25.1124 25.1182 25.0774 25.0417 25.0139 24.9564 24.9068 24.8785 24.8771 24.8996 24.9121 24.9332 24.9440 24.9236 24.9351 24.9665 24.9872 24.9828 24.9727 24.9402 24.9353 24.9253 24.9495 24.9772 24.9709 24.9707 24.9472 24.9553 24.9608 24.9656 24.9846 24.9796 24.9623 24.9659 24.9393 24.9306 24.9411 24.9603 24.9751 24.9725 24.9805 25.0190 25.0406 25.0582 25.0535 25.0327 25.0358 25.0359 25.0577 25.1098 25.1548 25.1784 25.2023 25.2190 25.2206 25.2192 25.2068 25.1850 25.1617 25.1868 25.2558 25.2545
25.1788 25.1788 25.1475 25.1243 25.1189 25.1042 25.0685 25.0488 25.0348 25.0015 24.9571 24.9233 24.8964 24.9121 24.9243 24.9582 24.9725 24.9789 24.9512 24.9679 25.0086 25.0402 25.0342 25.0211 24.9840 24.9747 24.9448 24.9492 24.9665 24.9605 24.9513 24.9478 24.9497 24.9752 25.0005 25.0252 25.0176 24.9936 24.9818 24.9582 24.9385 24.9475 24.9845 24.9935 24.9932 25.0142 25.0425 25.0521 25.0703 25.0645 25.0258 25.0288 25.0344 25.0514 25.0981 25.1295 25.1542 25.1890 25.1826 25.2182 25.2150 25.2156 25.2048 25.1843 25.2066 25.2549 25.2552
25.2307 25.2307 25.2118 25.1893 25.1520 25.1294 25.0684 25.0441 25.0385 25.0175 24.9824 24.9578 24.9313 24.9375 24.9503 24.9776 24.9994 25.0010 24.9762 24.9677 25.0024 25.0511 25.0906 25.0938 25.0510 25.0457 25.0100 24.9978 24.9834 24.9710 24.9739 24.9617 24.9646 24.9785 25.0031 25.0355 25.0166 25.0059 24.9984 24.9796 24.9726 24.9691 24.9959 25.0208 25.0168 25.0038 25.0179 25.0139 25.0206 24.9984 24.9801 24.9959 25.0253 25.0322 25.0828 25.1189 25.1366 25.1546 25.1743 25.1958 25.1946 25.1865 25.1867 25.2131 25.2395 25.2743 25.3044
25.2541 25.2541 25.2275 25.2164 25.1881 25.1309 25.0662 25.0432 25.0496 25.0171 25.0040 24.9890 24.9704 24.9638 24.9490 24.9718 24.9854 24.9827 24.9603 24.9502 24.9749 25.0423 25.1075 25.1032 25.0674 25.0578 25.0306 25.0247 25.0155 25.0031 24.9987 24.9939 25.0056 25.0162 25.0215 25.0436 25.0231 25.0076 25.0025 24.9882 24.9875 24.9825 24.9977 25.0329 25.0246 25.0144 25.0151 24.9965 24.9930 24.9529 24.9297 24.9581 24.9908 25.0120 25.0552 25.1040 25.1240 25.1435 25.1462 25.1573 25.2008 25.2206 25.2285 25.2836 25.3180 25.3317 25.3573
