regresion/Composicion_(Lt_490).txt
ncols         167
nrows         127
xllcorner     -112.014
yllcorner     26.717
cellsize      0.00899
[rows 29 to 57 of 127, columns 67 to 133 of 167]
42.7185 42.7009 42.6618 42.6443 42.6617 42.6440 42.7145 42.7001 42.7320 42.7180 42.7179 42.7707 42.7531 42.7176 42.6755 42.6367 42.6294 42.6433 42.6959 42.7312 42.7133 42.6642 42.6465 42.6322 42.6430 42.6113 42.6112 42.5585 42.5408 42.5407 42.5372 42.5125 42.5229 42.5014 42.4838 42.4662 42.4484 42.4698 42.4521 42.4377 42.4272 42.4131 42.3815 42.4520 42.4695 42.4833 42.4833 42.5784 42.6102 42.5887 42.5536 42.5359 42.5182 42.5819 42.5994 42.5534 42.6064 42.6063 42.6098 42.5746 42.5534 42.6905 42.6905 42.7540 42.7680 42.7643 42.8683
42.7255 42.7220 42.6865 42.6829 42.6970 42.6793 42.6968 42.6614 42.7215 42.7075 42.7108 42.7320 42.7143 42.7142 42.6966 42.6965 42.7457 42.7419 42.7735 42.7171 42.6816 42.6642 42.6464 42.6463 42.7029 42.6712 42.6568 42.5760 42.5583 42.5759 42.5407 42.5194 42.5121 42.5083 42.5226 42.5226 42.5576 42.5578 42.5400 42.4871 42.4945 42.4805 42.4837 42.5400 42.5576 42.5575 42.5575 42.5539 42.5642 42.5605 42.5395 42.5217 42.5041 42.5218 42.5393 42.5076 42.5466 42.5465 42.6416 42.6275 42.6062 42.7119 42.7119 42.8314 42.8454 42.8416 42.8891
42.7642 42.7431 42.6900 42.6864 42.7004 42.7497 42.7672 42.7178 42.7568 42.7391 42.7425 42.7461 42.7284 42.7282 42.7354 42.7352 42.7668 42.7630 42.7418 42.6854 42.6675 42.6959 42.6781 42.6815 42.7030 42.6853 42.6709 42.5760 42.5583 42.5759 42.5407 42.5406 42.4805 42.4766 42.5436 42.5437 42.5963 42.5719 42.5541 42.5047 42.5122 42.5297 42.5329 42.5576 42.5752 42.5575 42.5575 42.5398 42.5325 42.5287 42.5571 42.5393 42.5217 42.5535 42.5710 42.5392 42.5606 42.5606 42.6557 42.6416 42.6274 42.7330 42.7330 42.8877 42.8841 42.8803 42.9243
42.7817 42.7607 42.7076 42.7040 42.7004 42.7497 42.7848 42.7354 42.7744 42.7567 42.7601 42.7637 42.7460 42.7459 42.7530 42.7527 42.7843 42.7630 42.7418 42.6854 42.6851 42.7135 42.7133 42.7168 42.6854 42.6677 42.6532 42.5583 42.5406 42.5759 42.5407 42.5405 42.4804 42.4766 42.5436 42.5436 42.5963 42.5718 42.5717 42.5223 42.5297 42.5473 42.5506 42.5753 42.5928 42.5574 42.5574 42.5750 42.5677 42.5463 42.5746 42.5569 42.5393 42.5711 42.5710 42.5392 42.5466 42.5466 42.6733 42.6592 42.6274 42.7330 42.7330 42.8701 42.8665 42.8803 42.9243
42.8169 42.7817 42.7463 42.8520 42.8098 42.8414 42.8199 42.8058 43.0736 43.0735 43.0735 42.8835 42.8692 42.8691 42.7882 42.7527 42.7667 42.7454 42.7629 42.7592 42.7204 42.7135 42.7134 42.6992 42.6501 42.6500 42.6674 42.6430 42.6287 42.6287 42.5935 42.5933 42.4841 42.4804 42.5508 42.5646 42.5610 42.5894 42.5893 42.6104 42.5964 42.6140 42.5824 42.5542 42.5575 42.5398 42.5398 42.5750 42.5890 42.5676 42.6133 42.5956 42.5779 42.5711 42.5710 42.5744 42.6133 42.5781 42.6522 42.6558 42.6240 42.7859 42.7859 42.8564 42.8528 42.8666 43.0126
42.8452 42.8276 42.7570 42.8627 42.8273 42.8307 42.8270 42.8129 43.0278 43.0277 43.0276 42.8835 42.8693 42.8867 42.8340 42.7772 42.7912 42.7736 42.7770 42.7733 42.7168 42.7205 42.7204 42.7062 42.6747 42.6746 42.6744 42.6888 42.6746 42.6745 42.6393 42.6530 42.5439 42.5614 42.5507 42.5470 42.5434 42.5965 42.5964 42.6174 42.6211 42.6386 42.6071 42.5648 42.5682 42.5504 42.5504 42.5328 42.5468 42.5254 42.5816 42.5991 42.5815 42.5253 42.4899 42.4934 42.5817 42.5464 42.6205 42.6171 42.6170 42.7790 42.7790 42.8493 42.8457 42.8420 42.9986
42.9157 42.8981 42.8274 42.8451 42.8097 42.8131 43.1087 43.0945 43.4678 43.4678 43.4677 42.8622 42.8479 42.8654 42.8868 42.8301 42.7736 42.7560 42.7594 42.7594 42.7029 42.7381 42.7380 42.7238 42.6923 42.6922 42.6920 42.7028 42.6885 42.6745 42.6393 42.6530 42.5439 42.5614 42.5507 42.5507 42.5471 42.5788 42.5788 42.5998 42.6211 42.6386 42.6210 42.5788 42.5821 42.5504 42.5504 42.5328 42.5645 42.5430 42.6029 42.6205 42.6028 42.5782 42.5428 42.5462 42.6169 42.5816 42.6872 42.6837 42.6837 42.7790 42.7790 42.9199 42.9163 42.9126 43.0037
42.8628 42.8100 42.7921 42.8097 42.8307 42.8342 43.1296 43.1120 43.4854 43.4854 43.4853 42.8974 42.8973 42.8795 42.8832 42.8652 42.7912 42.7735 42.7416 42.7417 42.7238 42.7590 42.7589 42.7413 42.6922 42.6922 42.6919 42.7202 42.7554 42.7238 42.7062 42.7059 42.5967 42.5965 42.5331 42.5683 42.5682 42.5999 42.5997 42.5997 42.6035 42.6386 42.6385 42.5963 42.5962 42.5822 42.5822 42.5642 42.5784 42.5607 42.6381 42.6380 42.6203 42.6167 42.5990 42.5815 42.6520 42.6520 42.7400 42.7013 42.6659 42.7367 42.7367 42.9303 42.9302 42.9124 42.9859
42.8698 42.8100 42.7921 42.8097 42.8273 42.8272 43.1226 43.1050 43.4995 43.4995 43.4994 42.9220 42.9219 42.9041 42.8903 42.8723 42.7983 42.7947 42.7558 42.7558 42.7380 42.7521 42.7519 42.7344 42.7240 42.7239 42.7237 42.7273 42.7624 42.7309 42.7309 42.7305 42.6213 42.6212 42.5613 42.5965 42.5964 42.5929 42.5927 42.5927 42.5506 42.5858 42.5857 42.5681 42.5681 42.5541 42.5541 42.5502 42.5643 42.5466 42.5608 42.5606 42.5429 42.6274 42.6097 42.5921 42.6203 42.6203 42.7083 42.6731 42.6377 42.7085 42.7085 42.8810 42.8809 42.8631 42.9966
42.8311 42.7747 42.7744 42.8625 42.8800 42.8624 43.0383 43.0595 42.9221 42.9397 42.9361 42.8868 42.8691 42.8513 42.8514 42.8652 42.9180 42.9144 42.8438 42.8263 42.8085 42.7734 42.7732 42.7591 42.7802 42.7626 42.7413 42.7449 42.7800 42.7448 42.7624 42.7762 42.7411 42.7409 42.6141 42.6317 42.5963 42.5965 42.5964 42.6350 42.5893 42.5892 42.5856 42.6033 42.5680 42.5468 42.5468 42.5571 42.5960 42.5783 42.6136 42.6135 42.6134 42.6802 42.6625 42.6659 42.7118 42.6941 42.7082 42.6731 42.6377 42.7613 42.7613 42.8599 42.8599 42.8421 42.9654
42.8134 42.7570 42.7920 42.8802 42.8977 42.8800 43.0244 43.0456 42.9398 42.9573 42.9538 42.9044 42.8867 42.8689 42.8691 42.8475 42.9003 42.9144 42.8438 42.8263 42.7908 42.7558 42.7556 42.7414 42.7802 42.7626 42.7237 42.7273 42.7624 42.7448 42.7624 42.7761 42.7410 42.7409 42.6141 42.6316 42.5963 42.5965 42.5964 42.6350 42.5892 42.5891 42.6032 42.6209 42.5856 42.5467 42.5467 42.5571 42.5960 42.5959 42.6312 42.6135 42.6134 42.6802 42.6800 42.6834 42.7294 42.7117 42.7258 42.6906 42.6730 42.7966 42.7966 42.8599 42.8599 42.8597 42.9830
42.8416 42.7816 42.7814 42.8696 42.8695 42.8518 42.9963 43.0174 42.9363 42.9538 42.9503 42.9150 42.8973 42.8795 42.8444 42.8228 42.8793 42.9003 42.8684 42.8509 42.8154 42.8332 42.8330 42.7837 42.7943 42.7766 42.7377 42.7379 42.7730 42.7554 42.7377 42.7373 42.6882 42.6881 42.5507 42.5682 42.4977 42.5155 42.5154 42.5716 42.5646 42.5822 42.5963 42.6492 42.6139 42.5574 42.5574 42.5782 42.6348 42.6346 42.6557 42.6380 42.6380 42.6836 42.6835 42.7045 42.7401 42.7048 42.7189 42.7189 42.7012 42.8073 42.8073 42.9515 42.9339 42.9337 43.0076
42.9436 42.9329 42.8976 42.8485 42.8342 42.8165 42.9259 42.9293 42.8871 42.9046 42.8869 42.9008 42.8973 42.8619 42.8443 42.8403 42.8051 42.8086 42.7908 42.7946 42.7625 42.7803 42.8015 42.7345 42.7275 42.7098 42.6920 42.7589 42.7378 42.7201 42.7024 42.7021 42.6845 42.7196 42.5964 42.5824 42.5329 42.5332 42.5154 42.5892 42.6351 42.6527 42.6350 42.6878 42.6667 42.6102 42.6102 42.6310 42.7053 42.6699 42.6875 42.7051 42.7050 42.7755 42.7578 42.8140 42.7929 42.7576 42.7751 42.7752 42.7575 42.7857 42.7857 42.9514 42.9337 42.9513 43.0042
42.9436 42.9329 42.8976 42.8485 42.8342 42.8165 42.9259 42.9293 42.8871 42.9046 42.8869 42.9008 42.8973 42.8619 42.8443 42.8403 42.8051 42.8086 42.7908 42.7946 42.7625 42.7803 42.8015 42.7345 42.7275 42.7098 42.6920 42.7589 42.7378 42.7201 42.7024 42.7021 42.6845 42.7196 42.5964 42.5824 42.5329 42.5332 42.5154 42.5892 42.6351 42.6527 42.6350 42.6878 42.6667 42.6102 42.6102 42.6310 42.7053 42.6699 42.6875 42.7051 42.7050 42.7755 42.7578 42.8140 42.7929 42.7576 42.7751 42.7752 42.7575 42.7857 42.7857 42.9514 42.9337 42.9513 43.0042
42.9083 42.9295 42.9292 43.5278 43.5135 43.4959 43.2570 43.2429 43.9826 44.0177 44.0000 43.6829 43.6794 43.6440 42.8618 42.8403 42.7699 42.7698 42.7169 42.6994 42.7025 42.7239 42.7275 42.6782 42.6783 42.6606 42.6427 42.6743 42.6532 42.6885 42.6639 42.6635 42.6811 42.6633 42.5576 42.5790 42.5647 42.5684 42.5719 42.6105 42.6600 42.7127 42.6736 42.6736 42.6525 42.7370 42.7370 42.7508 42.7332 42.7331 42.7546 42.7368 42.7368 42.8459 42.8319 42.8706 42.8706 42.8706 42.8490 42.8491 42.8313 42.8419 42.8419 42.9616 42.9440 42.9438 42.9655
42.9083 42.9259 42.9256 43.5242 43.5241 43.5276 43.2888 43.2781 43.9861 44.0212 43.9859 43.6689 43.6864 43.6510 42.8970 42.8720 42.8015 42.8015 42.7486 42.7310 42.7308 42.7381 42.7416 42.6958 42.6818 42.6641 42.6462 42.6954 42.6954 42.7306 42.7060 42.6952 42.7127 42.6949 42.5541 42.5755 42.5578 42.5825 42.5860 42.6105 42.6810 42.7338 42.6947 42.6560 42.6559 42.7403 42.7403 42.7472 42.7296 42.7296 42.7687 42.7509 42.7509 42.8460 42.8320 42.8565 42.8741 42.8741 42.8878 42.8878 42.8665 42.8805 42.8805 42.9405 42.9229 42.9227 42.9795
42.9082 42.9258 42.9256 43.5242 43.5417 43.5276 43.3063 43.2956 43.9685 44.0212 43.9859 43.6159 43.6334 43.6120 42.8580 42.8719 42.8015 42.8015 42.7485 42.7310 42.7308 42.7381 42.7417 42.7310 42.7346 42.6993 42.6991 42.7307 42.7307 42.7093 42.7022 42.7127 42.7126 42.7302 42.6598 42.6458 42.5929 42.6176 42.6036 42.6105 42.6633 42.7161 42.6770 42.6383 42.6383 42.7403 42.7403 42.7472 42.7648 42.7647 42.7686 42.7509 42.7544 42.8496 42.8355 42.8740 42.8917 42.8917 42.9229 42.9054 42.8665 42.8805 42.8805 42.9580 42.9404 42.9227 42.9971
42.8554 42.8730 42.8728 42.9081 42.9256 42.9115 43.0912 43.0805 43.1231 43.1758 43.1405 42.8057 42.8233 42.8019 42.8052 42.8191 42.7663 42.7663 42.7134 42.7134 42.7132 42.7558 42.7593 42.7486 42.7170 42.6817 42.6815 42.7169 42.7168 42.6917 42.6846 42.6951 42.7127 42.7302 42.6598 42.6421 42.5891 42.6353 42.6213 42.6281 42.6986 42.7513 42.8041 42.7654 42.7654 42.7931 42.7931 42.8001 42.8177 42.8175 42.8352 42.8175 42.8210 42.8672 42.8531 42.8916 42.9270 42.9269 42.9796 42.9621 42.9232 42.8806 42.8806 42.8876 42.8700 42.8523 43.0285
42.9539 42.9152 42.8799 42.9151 42.9820 42.9820 43.1617 43.1439 43.2006 43.2006 43.2215 42.8551 42.8374 42.8160 42.8650 42.8824 42.7944 42.7768 42.7732 42.7732 42.7202 42.6994 42.7029 42.6712 42.6361 42.6008 42.6216 42.6992 42.6639 42.6388 42.6353 42.6351 42.7055 42.7230 42.6316 42.6139 42.5821 42.6143 42.6003 42.6177 42.6882 42.7233 42.8323 42.8394 42.8570 42.8671 42.8671 42.8281 42.8809 42.8807 42.8915 42.8738 42.8597 42.9306 42.9165 42.9516 42.9869 42.9517 42.9902 42.9409 42.9092 42.9370 42.9370 42.9333 42.9156 42.8979 43.0284
42.8835 42.8448 42.8095 42.8447 42.9115 42.9115 42.9681 42.9503 42.9011 42.9011 42.9221 42.8551 42.8374 42.8160 42.8512 42.8333 42.7944 42.7768 42.7732 42.7557 42.7025 42.6604 42.6993 42.6676 42.6537 42.6184 42.6393 42.6464 42.6111 42.7130 42.7094 42.6917 42.7407 42.7406 42.6491 42.6668 42.6350 42.6282 42.6317 42.6492 42.7763 42.8114 42.8676 42.8747 42.8922 42.8672 42.8672 42.8319 42.9161 42.9159 42.9267 42.9442 42.9301 43.0148 43.0007 43.0358 43.0398 43.0046 43.0079 42.9586 42.9621 42.9722 42.9722 42.9509 42.9333 42.9332 43.0284
42.8659 42.8659 42.8657 42.9009 42.9114 42.9115 42.9681 42.9503 42.9011 42.9011 42.9186 42.8516 42.8550 42.8336 42.8512 42.7805 42.7416 42.7239 42.7238 42.7063 42.7061 42.6640 42.7029 42.7028 42.6889 42.6536 42.6358 42.6429 42.6287 42.7305 42.7094 42.6916 42.7407 42.7405 42.6701 42.6877 42.6173 42.6105 42.6140 42.6315 42.7587 42.7938 42.8113 42.8360 42.8569 42.8320 42.8320 42.8495 42.8985 42.8983 42.9476 42.9652 42.9511 43.0500 43.0360 43.0358 43.0398 42.9869 43.0220 43.0080 43.0115 42.9546 42.9546 42.9509 42.9332 42.9332 43.0318
42.8764 42.8800 42.8973 42.9326 42.9539 42.9399 42.9927 42.9749 42.9082 42.9081 42.9256 42.8129 42.8163 42.7772 42.7032 42.6326 42.5937 42.6288 42.6850 42.6675 42.6675 42.6535 42.6746 42.6745 42.7135 42.6783 42.6428 42.6535 42.6392 42.7412 42.7024 42.7023 42.7514 42.7512 42.6877 42.7054 42.6349 42.6527 42.6210 42.6385 42.7446 42.7797 42.7971 42.8113 42.8322 42.8074 42.8074 42.8777 42.9267 42.9090 42.9864 42.9863 42.9722 43.0570 43.0606 43.0605 43.0257 42.9728 43.0080 43.0221 43.0183 42.9614 42.9614 42.9791 42.9614 42.9613 43.0565
42.8801 42.8836 42.9010 42.9678 42.9892 42.9751 42.9751 42.9573 42.9045 42.9044 42.9220 42.8129 42.8163 42.7772 42.7032 42.6326 42.5798 42.6149 42.6711 42.6851 42.6851 42.6535 42.6747 42.6745 42.7275 42.6922 42.6567 42.7064 42.6921 42.7236 42.6848 42.6847 42.7728 42.7726 42.7091 42.7230 42.6526 42.7056 42.6739 42.6914 42.7232 42.7583 42.7795 42.7937 42.8146 42.8074 42.8074 42.8777 42.9267 42.9090 42.9865 42.9863 42.9723 43.0570 43.0606 43.0605 43.0609 43.0081 43.0432 43.0573 43.0535 42.9830 42.9830 42.9615 42.9438 42.9437 43.0955
42.9152 42.9011 42.8834 42.9502 42.9750 42.9609 42.9784 42.9924 42.9573 42.9572 42.9043 42.7776 42.7775 42.7560 42.6645 42.6148 42.5797 42.6149 42.6711 42.6851 42.7098 42.6782 42.6957 42.6745 42.6922 42.6569 42.6743 42.7240 42.7063 42.7378 42.6990 42.6846 42.7550 42.7550 42.6915 42.6877 42.6559 42.7089 42.6949 42.6914 42.7231 42.7406 42.7443 42.7761 42.7760 42.7686 42.7686 42.8248 42.8738 42.8737 42.9864 42.9863 42.9195 43.0252 43.0111 43.0076 43.0081 43.0080 42.9903 42.9868 42.9831 42.9619 42.9619 42.9438 42.9085 42.9260 43.0778
42.9399 42.8624 42.8447 42.9115 42.8976 42.9187 42.9362 42.9502 42.8658 42.8658 42.8129 42.7670 42.7669 42.7455 42.6891 42.6395 42.6043 42.6360 42.6500 42.6640 42.6887 42.6712 42.6887 42.6675 42.7098 42.6745 42.6919 42.7134 42.6957 42.7272 42.7060 42.7092 42.7797 42.7796 42.6846 42.6807 42.6489 42.7548 42.7408 42.7372 42.8147 42.8323 42.8359 42.8712 42.8711 42.8637 42.8637 42.8284 42.8774 42.8772 42.9970 42.9969 42.9300 43.0006 42.9865 42.9830 43.0116 43.0116 42.9938 42.9762 42.9725 42.9514 42.9514 42.9649 42.9297 42.9472 43.0180
42.9400 42.8625 42.8447 42.8800 42.8659 42.8871 42.8658 42.8798 42.8129 42.8128 42.7599 42.7986 42.7986 42.7418 42.7068 42.6747 42.6395 42.6536 42.6676 42.7029 42.7275 42.7063 42.7062 42.6675 42.7097 42.6920 42.7095 42.6920 42.6743 42.7447 42.7763 42.7267 42.7620 42.7795 42.6492 42.6844 42.6702 42.8113 42.7935 42.7724 42.8499 42.9027 42.8711 42.8852 42.8852 42.8637 42.8637 42.8107 42.8989 42.8987 42.9266 42.9126 42.9161 42.9867 43.0042 42.9830 42.9901 42.9901 43.0820 43.0784 43.0395 43.0042 43.0042 43.0041 43.0041 42.9864 42.9368
42.9716 42.8977 42.8799 42.9152 42.8835 42.9047 42.8834 42.8480 42.7811 42.7810 42.7599 42.7986 42.8162 42.7594 42.7244 42.7065 42.6713 42.6854 42.6852 42.7205 42.7451 42.7239 42.7238 42.6885 42.7307 42.7130 42.7447 42.7272 42.7095 42.7799 42.8115 42.7937 42.8290 42.8464 42.6844 42.7196 42.6878 42.8289 42.8111 42.8109 42.8885 42.9412 42.8535 42.8676 42.8851 42.8637 42.8637 42.7721 42.8602 42.8601 42.9090 42.8950 42.8985 42.9339 42.9513 42.9654 42.9725 42.9725 43.0820 43.0784 43.0395 43.0042 43.0042 42.9865 42.9865 42.9688 42.9368
42.8625 42.8132 42.8130 42.7955 42.7638 42.7673 42.7673 42.7319 42.7636 42.7459 42.7247 42.7599 42.7774 42.7207 42.6997 42.6818 42.7030 42.6889 42.6886 42.7239 42.7134 42.7627 42.7626 42.7624 42.7449 42.6920 42.7236 42.7202 42.7025 42.7729 42.8257 42.8079 42.7727 42.7902 42.7232 42.7974 42.7656 42.7795 42.7617 42.7792 42.9202 42.9378 42.8637 42.8778 42.8953 42.8778 42.8778 42.8778 42.9659 42.9658 43.0397 43.0257 43.0116 42.9726 42.9901 43.0218 43.0571 43.0571 43.1097 43.1062 43.0672 43.0711 43.0711 43.0393 43.0217 43.0040 42.9864
42.8802 42.8484 42.8657 42.8482 42.7849 42.7532 42.7532 42.7530 42.7776 42.7599 42.7950 42.8265 42.8230 42.7523 42.7523 42.7170 42.7382 42.7592 42.7414 42.7768 42.7521 42.8190 42.8189 42.8363 42.7766 42.7237 42.7553 42.7694 42.7517 42.7693 42.8221 42.8255 42.7903 42.7902 42.7233 42.7975 42.7339 42.7795 42.7617 42.7792 42.8990 42.9166 42.8988 42.9305 42.9094 42.9447 42.9447 42.9164 43.0046 43.0045 43.0222 43.0081 42.9940 42.9549 42.9724 42.9547 43.0041 43.0040 43.0568 43.0532 43.0494 43.0851 43.0851 43.0218 43.0042 43.0216 42.9513
