regresion/Composicion_(Lt_490).txt
ncols         167
nrows         127
xllcorner     -112.014
yllcorner     26.717
cellsize      0.00899
[rows 0 to 28 of 127, columns 67 to 133 of 167]
42.4865 42.4655 42.4301 42.4514 42.4831 42.4935 42.4898 42.4720 42.3450 42.3449 42.3130 42.2813 42.2988 42.3200 42.3270 42.2916 42.3481 42.3833 42.3797 42.3798 42.3759 42.3515 42.3478 42.4356 42.4495 42.4494 42.4879 42.5268 42.4562 42.4209 42.5300 42.5371 42.5760 42.5406 42.4843 42.5019 42.5158 42.5970 42.6108 42.5931 42.5190 42.5365 42.5222 42.5857 42.6032 42.5854 42.5854 42.7475 42.7565 42.7387 42.8045 42.8044 42.9164 43.4865 43.5179 43.5076 45.4226 45.3522 49.7401 52.6704 53.0086 47.2991 47.2991 43.3481 43.3905 43.4244 43.5289
42.4655 42.4655 42.4301 42.4514 42.5394 42.5499 42.5637 42.5459 42.3873 42.3872 42.3695 42.3307 42.2988 42.3199 42.3060 42.3058 42.3410 42.3409 42.3408 42.3446 42.3197 42.3374 42.3337 42.4039 42.5095 42.5095 42.5445 42.5058 42.5091 42.4914 42.4914 42.4808 42.5160 42.4806 42.5016 42.5229 42.5334 42.5125 42.5263 42.5790 42.5791 42.5966 42.6104 42.7020 42.7054 42.7228 42.7228 42.8145 42.7654 42.7476 42.8392 42.8392 42.9512 43.0675 43.0989 43.1415 43.7186 43.6482 44.1234 46.6234 46.9617 44.0862 44.0862 43.1503 43.1926 43.2266 43.3732
42.3738 42.4090 42.4088 42.4301 42.4300 42.4123 42.4613 42.4612 42.4084 42.4084 42.3907 42.3659 42.3340 42.3199 42.3024 42.3022 42.3374 42.3549 42.3372 42.3409 42.3338 42.3937 42.3899 42.4601 42.5131 42.5130 42.5303 42.4528 42.4562 42.4422 42.4774 42.4597 42.4772 42.4594 42.4770 42.4983 42.4947 42.4984 42.4769 42.5472 42.5649 42.5825 42.5786 42.5928 42.5961 42.6489 42.6489 42.6700 42.6562 42.6384 42.7512 42.7510 42.7474 42.7617 42.7580 42.7579 42.8599 42.8246 43.1942 43.3350 43.3666 43.0004 43.0004 42.9628 42.9451 42.9450 43.2191
42.3738 42.4090 42.4088 42.4301 42.4300 42.4123 42.4613 42.4612 42.4084 42.4084 42.3907 42.3659 42.3340 42.3199 42.3024 42.3022 42.3374 42.3549 42.3372 42.3409 42.3338 42.3937 42.3899 42.4601 42.5131 42.5130 42.5303 42.4528 42.4562 42.4422 42.4774 42.4597 42.4772 42.4594 42.4770 42.4983 42.4947 42.4984 42.4769 42.5472 42.5649 42.5825 42.5786 42.5928 42.5961 42.6489 42.6489 42.6700 42.6562 42.6384 42.7512 42.7510 42.7474 42.7617 42.7580 42.7579 42.8599 42.8246 43.1942 43.3350 43.3666 43.0004 43.0004 42.9628 42.9451 42.9450 43.2191
42.4125 42.4267 42.4088 42.4441 42.4440 42.4263 42.4790 42.4754 42.4402 42.4401 42.4224 42.4083 42.3906 42.3765 42.3905 42.4113 42.4465 42.4254 42.4217 42.4218 42.3687 42.3937 42.3898 42.4038 42.4391 42.4566 42.4916 42.4952 42.5127 42.4598 42.4775 42.4455 42.4456 42.4278 42.5087 42.5299 42.4946 42.4983 42.4769 42.5437 42.5297 42.5296 42.5610 42.5788 42.5611 42.5962 42.5962 42.6207 42.6559 42.6382 42.7089 42.7088 42.7087 42.7441 42.7403 42.7368 42.8285 42.8284 42.8421 42.9338 42.9654 43.0005 43.0005 42.9724 42.9548 42.9547 43.0082
42.4159 42.4266 42.4088 42.4441 42.4615 42.4579 42.4931 42.4895 42.4367 42.4366 42.4189 42.4117 42.3940 42.3800 42.3588 42.3795 42.4147 42.3937 42.4217 42.4217 42.3685 42.4076 42.4215 42.4355 42.4708 42.4884 42.5233 42.4987 42.5163 42.4634 42.4810 42.4137 42.4138 42.4137 42.4911 42.5122 42.4769 42.4771 42.4558 42.5226 42.4944 42.4943 42.5434 42.5823 42.5646 42.5858 42.5858 42.6418 42.6771 42.6593 42.6702 42.6524 42.6523 42.6701 42.6664 42.6629 42.7403 42.7403 42.7541 42.8457 42.8808 42.9160 42.9160 42.9231 42.9055 42.9053 42.9870
42.4653 42.4617 42.4580 42.4581 42.4755 42.4578 42.4893 42.4892 42.4577 42.4752 42.4541 42.4468 42.4468 42.4327 42.4153 42.3974 42.4113 42.3902 42.4216 42.4217 42.4214 42.4604 42.4743 42.4213 42.4390 42.4389 42.4353 42.4107 42.4634 42.4810 42.5338 42.5160 42.4983 42.4982 42.5615 42.5790 42.5789 42.5299 42.5086 42.4732 42.4979 42.5154 42.5471 42.5860 42.6035 42.6386 42.6386 42.6736 42.6560 42.6383 42.7192 42.7014 42.6838 42.7053 42.7016 42.7015 42.7262 42.7261 42.7050 42.7791 42.8142 42.8632 42.8632 42.9021 42.9020 42.9019 42.9741
42.4653 42.4617 42.4404 42.4404 42.4542 42.4365 42.5775 42.5773 42.4752 42.4927 42.4716 42.4468 42.4468 42.4326 42.4152 42.3974 42.4113 42.3902 42.4216 42.4217 42.4354 42.4744 42.4567 42.4037 42.4213 42.4212 42.4529 42.4283 42.4811 42.4809 42.5338 42.5336 42.5160 42.4982 42.5614 42.5790 42.5789 42.5299 42.5086 42.4732 42.5155 42.5331 42.5648 42.6036 42.6211 42.6561 42.6561 42.6384 42.6208 42.6382 42.7191 42.7191 42.7014 42.7229 42.7015 42.7014 42.7438 42.7437 42.7049 42.7790 42.8002 42.8492 42.8492 42.8667 42.8667 42.8666 42.9388
42.4759 42.4687 42.4474 42.4474 42.4611 42.4259 42.5669 42.5491 42.4752 42.4751 42.4540 42.4399 42.4398 42.4257 42.4434 42.4256 42.4220 42.4254 42.4814 42.4815 42.4951 42.4638 42.4460 42.3755 42.4565 42.4389 42.4705 42.4213 42.4741 42.4739 42.5092 42.5090 42.5442 42.5264 42.4980 42.5156 42.4979 42.5370 42.5156 42.4978 42.5261 42.5436 42.5753 42.5966 42.6141 42.6139 42.6139 42.5680 42.5856 42.6030 42.7086 42.7085 42.7260 42.7299 42.7085 42.7084 42.7368 42.7191 42.6803 42.6839 42.7051 42.7365 42.7365 42.7963 42.7963 42.7962 42.8370
42.4795 42.4689 42.4651 42.4792 42.4611 42.4259 42.4258 42.4256 42.4363 42.4362 42.4185 42.4609 42.4398 42.4257 42.4258 42.4256 42.4396 42.4430 42.4780 42.4780 42.4951 42.4249 42.4423 42.4070 42.4389 42.4212 42.4034 42.3718 42.3683 42.3543 42.3896 42.4423 42.5090 42.4912 42.4770 42.5261 42.5294 42.6177 42.5999 42.5822 42.5789 42.5965 42.5963 42.6176 42.6141 42.5648 42.5648 42.5717 42.6031 42.6207 42.6876 42.6698 42.6873 42.6733 42.6696 42.7047 42.7191 42.7014 42.7190 42.7226 42.7261 42.6699 42.6699 42.7259 42.7258 42.7433 42.8296
42.4795 42.4689 42.4651 42.4792 42.4611 42.4259 42.4258 42.4256 42.4363 42.4362 42.4185 42.4609 42.4398 42.4257 42.4258 42.4256 42.4396 42.4430 42.4780 42.4780 42.4951 42.4249 42.4423 42.4070 42.4389 42.4212 42.4034 42.3718 42.3683 42.3543 42.3896 42.4423 42.5090 42.4912 42.4770 42.5261 42.5294 42.6177 42.5999 42.5822 42.5789 42.5965 42.5963 42.6176 42.6141 42.5648 42.5648 42.5717 42.6031 42.6207 42.6876 42.6698 42.6873 42.6733 42.6696 42.7047 42.7191 42.7014 42.7190 42.7226 42.7261 42.6699 42.6699 42.7259 42.7258 42.7433 42.8296
42.5147 42.4795 42.4757 42.4898 42.4541 42.4188 42.4012 42.4362 42.4785 42.4961 42.4784 42.5383 42.5172 42.5032 42.4611 42.4432 42.4219 42.4395 42.4534 42.4535 42.4352 42.4354 42.4353 42.4176 42.3402 42.3789 42.3787 42.3788 42.3753 42.3790 42.4107 42.4245 42.4737 42.4736 42.5052 42.5367 42.5223 42.5824 42.5823 42.5998 42.6387 42.6387 42.6386 42.6422 42.6387 42.6247 42.6247 42.5999 42.6138 42.6137 42.6806 42.6591 42.6415 42.6345 42.6520 42.7223 42.7261 42.7084 42.6908 42.6592 42.6803 42.6064 42.6064 42.6308 42.6308 42.6482 42.7445
42.5499 42.4971 42.4934 42.5074 42.4859 42.4506 42.4330 42.4362 42.4961 42.5136 42.4959 42.5030 42.5029 42.4889 42.4820 42.4608 42.3903 42.4079 42.4395 42.4359 42.4143 42.4320 42.4319 42.4000 42.3366 42.3753 42.3751 42.4140 42.4139 42.3824 42.4141 42.3894 42.4070 42.4069 42.4209 42.4135 42.3781 42.4205 42.4205 42.4589 42.5117 42.5117 42.5681 42.5717 42.5893 42.6281 42.6281 42.6528 42.6704 42.6703 42.6982 42.6768 42.6591 42.6838 42.7014 42.7047 42.7437 42.7260 42.7084 42.6768 42.6979 42.6626 42.6626 42.6485 42.6484 42.6659 42.7081
42.5499 42.4970 42.4934 42.5074 42.4859 42.4858 42.4682 42.4714 42.5312 42.5524 42.5347 42.5382 42.5382 42.5241 42.4468 42.4255 42.3903 42.4079 42.4218 42.4183 42.4142 42.4320 42.4319 42.4176 42.3542 42.3401 42.3398 42.3964 42.3963 42.3648 42.3965 42.3718 42.4069 42.4069 42.4033 42.3959 42.3957 42.4381 42.4380 42.4413 42.4941 42.5152 42.5717 42.5893 42.6069 42.6281 42.6281 42.6527 42.6880 42.6879 42.6982 42.6768 42.6943 42.7190 42.7365 42.7047 42.7437 42.7296 42.7119 42.6415 42.6626 42.6626 42.6626 42.6485 42.6660 42.6835 42.7080
42.5392 42.5182 42.5145 42.5322 42.4895 42.4895 42.5034 42.5208 42.5595 42.5806 42.5663 42.5700 42.5699 42.5697 42.4678 42.4677 42.4501 42.4324 42.4077 42.4254 42.4038 42.4496 42.4495 42.4670 42.3825 42.3684 42.3576 42.3754 42.3753 42.3965 42.3999 42.3610 42.3787 42.3609 42.3892 42.4031 42.4205 42.4522 42.4522 42.4696 42.5576 42.5788 42.5997 42.5857 42.5856 42.6280 42.6280 42.5540 42.5716 42.5715 42.6488 42.6451 42.6627 42.7156 42.6978 42.6625 42.6626 42.6485 42.7260 42.6414 42.6274 42.6450 42.6450 42.6415 42.6590 42.6766 42.6938
42.5428 42.5217 42.5179 42.5356 42.4930 42.5071 42.5210 42.5032 42.5384 42.5594 42.5452 42.5664 42.5664 42.5662 42.4889 42.4888 42.4887 42.4711 42.4288 42.4465 42.4249 42.4496 42.4495 42.4493 42.3789 42.3472 42.3365 42.3754 42.3753 42.3964 42.3999 42.3645 42.3822 42.3644 42.3926 42.4066 42.4064 42.4135 42.4135 42.4486 42.5541 42.5752 42.5961 42.6033 42.6032 42.6456 42.6456 42.5751 42.5751 42.5749 42.6524 42.6486 42.6486 42.7296 42.7119 42.6765 42.6591 42.6274 42.7049 42.6731 42.6450 42.6626 42.6626 42.6625 42.6625 42.6801 42.6938
42.5428 42.5217 42.5179 42.5356 42.5106 42.5247 42.5209 42.5031 42.5560 42.5771 42.5628 42.5664 42.5664 42.5485 42.4713 42.4711 42.4711 42.4534 42.4111 42.4288 42.4249 42.4496 42.4494 42.4492 42.3613 42.3296 42.3365 42.3754 42.3753 42.3964 42.3999 42.3469 42.3646 42.3820 42.4103 42.4066 42.4064 42.4135 42.4310 42.4661 42.5718 42.5928 42.5784 42.5856 42.5855 42.6632 42.6632 42.5927 42.5926 42.5749 42.6524 42.6309 42.6309 42.7119 42.7119 42.6765 42.6238 42.5921 42.7049 42.6731 42.6626 42.6802 42.6802 42.6802 42.6801 42.6800 42.6937
42.5217 42.5393 42.5355 42.5531 42.5317 42.5458 42.5985 42.5455 42.5243 42.5453 42.5453 42.5631 42.5840 42.5662 42.4994 42.5169 42.5382 42.5380 42.4992 42.4816 42.4567 42.4216 42.4214 42.4212 42.3648 42.3331 42.3366 42.3720 42.3753 42.3964 42.4140 42.3610 42.3787 42.3962 42.4313 42.4099 42.3888 42.4171 42.4345 42.4520 42.5225 42.5436 42.5258 42.5787 42.5820 42.6245 42.6245 42.5539 42.5540 42.5363 42.5714 42.5500 42.5499 42.6275 42.6274 42.6096 42.5921 42.5604 42.6660 42.6625 42.6519 42.7119 42.7119 42.6858 42.6858 42.6856 42.7128
42.5181 42.5708 42.5459 42.5635 42.5634 42.5493 42.5844 42.5491 42.5454 42.5313 42.5312 42.5453 42.5663 42.5485 42.4958 42.4956 42.4993 42.5346 42.5132 42.4957 42.4708 42.4251 42.4249 42.4248 42.3683 42.3718 42.3576 42.3507 42.3541 42.3753 42.3929 42.3398 42.3575 42.3574 42.4312 42.4275 42.4063 42.4733 42.4732 42.4730 42.5258 42.5118 42.5153 42.5436 42.5469 42.5504 42.5504 42.5152 42.5152 42.5152 42.5714 42.5500 42.5500 42.5958 42.5957 42.6132 42.6097 42.5780 42.6520 42.6133 42.6132 42.6908 42.6908 42.6999 42.7175 42.6997 42.7339
42.5181 42.5708 42.5459 42.5635 42.5634 42.5493 42.5844 42.5491 42.5454 42.5313 42.5312 42.5453 42.5663 42.5485 42.4958 42.4956 42.4993 42.5346 42.5132 42.4957 42.4708 42.4251 42.4249 42.4248 42.3683 42.3718 42.3576 42.3507 42.3541 42.3753 42.3929 42.3398 42.3575 42.3574 42.4312 42.4275 42.4063 42.4733 42.4732 42.4730 42.5258 42.5118 42.5153 42.5436 42.5469 42.5504 42.5504 42.5152 42.5152 42.5152 42.5714 42.5500 42.5500 42.5958 42.5957 42.6132 42.6097 42.5780 42.6520 42.6133 42.6132 42.6908 42.6908 42.6999 42.7175 42.6997 42.7339
42.5144 42.5672 42.5774 42.5987 42.6196 42.5879 42.5878 42.5490 42.5314 42.5349 42.5172 42.4926 42.5101 42.4747 42.4748 42.4780 42.4605 42.4745 42.4391 42.4392 42.4389 42.3931 42.3578 42.3543 42.3330 42.3365 42.3224 42.3331 42.3506 42.3505 42.3506 42.3715 42.3927 42.3573 42.3959 42.3922 42.3921 42.3923 42.4098 42.4063 42.5435 42.5294 42.5506 42.5436 42.5259 42.5786 42.5786 42.5291 42.5152 42.4974 42.5362 42.5325 42.5324 42.5325 42.5500 42.5640 42.5745 42.5780 42.6167 42.5956 42.5780 42.6660 42.6660 42.6869 42.7009 42.7009 42.7892
42.5566 42.5496 42.5598 42.5811 42.5985 42.5809 42.5808 42.5420 42.5244 42.5279 42.5102 42.4644 42.4819 42.4465 42.5170 42.5202 42.5027 42.4956 42.4567 42.4568 42.4565 42.3862 42.3509 42.3473 42.3120 42.3155 42.3014 42.3225 42.3400 42.3400 42.3576 42.3785 42.3997 42.3643 42.3713 42.3677 42.3676 42.3853 42.4029 42.3993 42.5259 42.5118 42.5330 42.5154 42.4977 42.5504 42.5504 42.5185 42.5046 42.4868 42.5292 42.5255 42.5254 42.5255 42.5430 42.5571 42.5605 42.5640 42.6027 42.5851 42.5674 42.6554 42.6554 42.6869 42.7009 42.7009 42.8179
42.5672 42.5461 42.5774 42.5987 42.5985 42.5984 42.5808 42.5454 42.5806 42.5488 42.5453 42.4996 42.5171 42.4816 42.5169 42.4816 42.5308 42.5237 42.5234 42.5095 42.5269 42.4919 42.4566 42.4388 42.4423 42.4458 42.4283 42.3754 42.3401 42.3223 42.3576 42.3927 42.3892 42.3538 42.3853 42.3500 42.3499 42.3853 42.4029 42.4027 42.4449 42.4484 42.5330 42.5154 42.5329 42.5680 42.5680 42.4975 42.5116 42.4938 42.5644 42.5607 42.5430 42.5784 42.5959 42.5957 42.6028 42.5887 42.6027 42.6027 42.5850 42.6202 42.6202 42.7339 42.7479 42.7479 42.7932
42.4967 42.4755 42.5597 42.5810 42.5809 42.5808 42.5983 42.5629 42.5982 42.5665 42.5630 42.5172 42.5347 42.4993 42.5346 42.5168 42.5661 42.5412 42.5410 42.5271 42.5093 42.4743 42.4917 42.4740 42.4247 42.4282 42.4283 42.3754 42.3401 42.3223 42.3576 42.3751 42.3716 42.3677 42.3993 42.3677 42.3675 42.4029 42.3852 42.3850 42.4449 42.4484 42.5153 42.4977 42.5152 42.5503 42.5503 42.5150 42.5291 42.5078 42.5784 42.5606 42.5429 42.5783 42.5783 42.5781 42.5851 42.5710 42.5850 42.5851 42.5850 42.6201 42.6201 42.7163 42.7303 42.7654 42.8108
42.5953 42.5705 42.6195 42.6408 42.6055 42.6230 42.6405 42.6051 42.6334 42.6017 42.5982 42.5630 42.5806 42.5451 42.6156 42.5978 42.6295 42.5940 42.5656 42.5517 42.5339 42.5693 42.5867 42.5514 42.4564 42.4422 42.4423 42.3859 42.3507 42.3329 42.3893 42.4103 42.4244 42.4205 42.4063 42.3747 42.3569 42.3395 42.3217 42.3040 42.3499 42.3534 42.4203 42.4555 42.4731 42.4905 42.4905 42.5151 42.5292 42.5078 42.5854 42.5676 42.5676 42.6170 42.6169 42.5992 42.5781 42.5464 42.5604 42.5605 42.5603 42.6131 42.6131 42.7234 42.7198 42.7549 42.8007
42.5422 42.4964 42.5632 42.5633 42.5843 42.6018 42.6405 42.6404 42.6548 42.6231 42.6054 42.6052 42.5841 42.5840 42.7037 42.6858 42.6822 42.6468 42.6326 42.6150 42.6006 42.6045 42.6043 42.5866 42.4740 42.4599 42.4457 42.4633 42.4247 42.4034 42.4597 42.4806 42.4770 42.4557 42.4204 42.4204 42.4061 42.3747 42.3746 42.3744 42.3851 42.3886 42.3745 42.4098 42.4415 42.4553 42.4553 42.4975 42.5116 42.4902 42.5431 42.5430 42.5429 42.6170 42.5993 42.5816 42.6134 42.5817 42.5639 42.5639 42.5814 42.7012 42.7012 42.7787 42.7751 42.7889 42.8190
42.5422 42.4964 42.5632 42.5633 42.5843 42.6018 42.6405 42.6404 42.6548 42.6231 42.6054 42.6052 42.5841 42.5840 42.7037 42.6858 42.6822 42.6468 42.6326 42.6150 42.6006 42.6045 42.6043 42.5866 42.4740 42.4599 42.4457 42.4633 42.4247 42.4034 42.4597 42.4806 42.4770 42.4557 42.4204 42.4204 42.4061 42.3747 42.3746 42.3744 42.3851 42.3886 42.3745 42.4098 42.4415 42.4553 42.4553 42.4975 42.5116 42.4902 42.5431 42.5430 42.5429 42.6170 42.5993 42.5816 42.6134 42.5817 42.5639 42.5639 42.5814 42.7012 42.7012 42.7787 42.7751 42.7889 42.8190
42.7186 42.6834 42.6442 42.6267 42.6124 42.5948 42.6652 42.6474 42.6793 42.6828 42.6651 42.7180 42.6969 42.6614 42.6545 42.6367 42.5942 42.6081 42.6608 42.6960 42.6991 42.6501 42.6323 42.6146 42.6254 42.5586 42.5408 42.5233 42.4846 42.4844 42.5162 42.5125 42.5229 42.5015 42.4662 42.4486 42.4167 42.4380 42.4203 42.4378 42.4273 42.4308 42.3992 42.4168 42.4486 42.4799 42.4799 42.5609 42.5926 42.5712 42.5360 42.5183 42.5007 42.6030 42.6205 42.5851 42.6381 42.6240 42.6098 42.5746 42.5535 42.7223 42.7223 42.7540 42.7680 42.7643 42.8859
42.7010 42.6833 42.6442 42.6267 42.6441 42.6265 42.6969 42.6474 42.6792 42.6828 42.6827 42.7356 42.7179 42.6825 42.6755 42.6367 42.5942 42.6081 42.6432 42.6784 42.6957 42.6466 42.6289 42.5970 42.6078 42.5409 42.5408 42.5233 42.5056 42.5055 42.5372 42.5125 42.5229 42.5015 42.4838 42.4662 42.4132 42.4346 42.4169 42.4377 42.4273 42.4307 42.3991 42.4168 42.4343 42.4657 42.4657 42.5609 42.5926 42.5711 42.5536 42.5359 42.5182 42.5820 42.5994 42.5675 42.6204 42.6063 42.6098 42.5746 42.5534 42.6905 42.6905 42.7540 42.7680 42.7643 42.9035
