regresion/Composicion_(Lt_490).txt
ncols         167
nrows         127
xllcorner     -112.014
yllcorner     26.717
cellsize      0.00899
[rows 87 to 115 of 127, columns 0 to 66 of 167]
87.0311 88.2143 87.8466 88.5412 84.5025 80.4280 80.4279 65.2706 55.7586 54.9230 43.9631 43.9631 43.7941 43.6450 43.4881 43.0692 43.1167 43.0798 43.0848 43.0779 43.1444 43.0999 43.0999 43.2785 43.3293 43.3229 43.0206 43.0206 42.9847 42.9707 42.9564 43.0443 43.0443 43.1043 43.1043 43.1077 43.1535 43.1356 43.1356 43.1320 43.1143 43.1143 43.1772 43.1631 43.1453 43.1453 43.1663 43.1310 43.1524 43.1524 43.1382 43.1241 43.1875 43.1696 43.1696 43.2364 43.2188 43.2501 43.2817 43.2852 43.2674 43.2674 43.2886 43.2885 43.3237 43.3201 43.2568
86.5742 86.8437 87.3008 81.4797 77.4410 65.9030 62.1514 51.9007 53.5030 52.6674 48.6388 48.6388 46.5722 46.4230 44.4941 43.1603 43.2079 43.1216 43.0981 43.0433 43.1062 43.0917 43.0917 43.3157 43.3252 43.3188 42.9859 42.9859 42.9457 42.9318 42.9176 43.0091 43.0091 43.0690 43.0690 43.0724 43.1041 43.0863 43.0863 43.0613 43.0437 43.0790 43.1420 43.1279 43.1240 43.1240 43.1311 43.0958 43.1171 43.1348 43.1207 43.0711 43.1169 43.1520 43.1521 43.2011 43.2010 43.2325 43.2288 43.2323 43.2323 43.2323 43.3062 43.3061 43.2922 43.3451 43.2956
85.3503 85.3910 85.8481 73.9073 64.1964 52.6584 48.9068 46.9045 48.5068 47.6712 51.2307 51.2307 49.1641 47.0355 45.1067 43.7728 43.2809 43.1930 43.1694 43.1147 43.2029 43.1884 43.1884 43.1320 43.1415 43.1350 43.0599 43.0599 43.0197 42.9634 42.9457 43.0372 43.0372 43.1711 43.1711 43.1744 43.1253 43.1074 43.1074 43.0332 43.0156 43.0509 43.1631 43.1772 43.1733 43.1733 43.1416 43.1063 43.1276 43.1313 43.1171 43.0676 43.0852 43.1203 43.1204 43.2082 43.2081 43.2396 43.2147 43.2464 43.2463 43.2463 43.2991 43.2990 43.2850 43.3592 43.3096
81.0093 78.0868 77.4877 62.4932 50.3728 44.3126 44.3115 43.6352 43.9787 45.8017 51.5215 51.5215 49.7018 47.5732 47.2546 43.7793 43.2873 43.2461 43.2225 43.2528 43.2785 43.1965 43.1965 43.1013 43.0855 43.0678 43.0094 43.0094 43.0373 42.9810 42.9809 43.0196 43.0196 43.1850 43.1850 43.1885 43.1077 43.1426 43.1426 43.0861 43.0684 43.0861 43.0749 43.0890 43.1380 43.1380 43.0888 43.1064 43.1099 43.1135 43.0958 43.1168 43.0712 43.0887 43.1027 43.2258 43.1905 43.2044 43.2535 43.2852 43.3129 43.3129 43.3695 43.3518 43.3554 43.4118 43.3764
81.0093 78.0868 77.4877 62.4932 50.3728 44.3126 44.3115 43.6352 43.9787 45.8017 51.5215 51.5215 49.7018 47.5732 47.2546 43.7793 43.2873 43.2461 43.2225 43.2528 43.2785 43.1965 43.1965 43.1013 43.0855 43.0678 43.0094 43.0094 43.0373 42.9810 42.9809 43.0196 43.0196 43.1850 43.1850 43.1885 43.1077 43.1426 43.1426 43.0861 43.0684 43.0861 43.0749 43.0890 43.1380 43.1380 43.0888 43.1064 43.1099 43.1135 43.0958 43.1168 43.0712 43.0887 43.1027 43.2258 43.1905 43.2044 43.2535 43.2852 43.3129 43.3129 43.3695 43.3518 43.3554 43.4118 43.3764
73.1352 61.8102 61.2111 49.9010 49.0955 43.0353 43.0343 42.9772 43.3207 43.3449 47.1001 47.1001 44.9946 44.8792 44.5606 43.1242 43.1728 43.1802 43.1565 43.1868 43.0361 42.9541 42.9541 42.9662 42.9504 42.9679 43.0834 43.0834 43.1148 43.0444 43.0092 43.0619 43.0619 43.4669 43.4669 43.4704 43.1322 43.1671 43.1671 43.1705 43.1528 43.1705 43.1313 43.1313 43.0958 43.0958 43.0819 43.1486 43.1522 43.1488 43.1487 43.1697 43.2014 43.2189 43.2329 43.2047 43.1694 43.1832 43.2043 43.2219 43.2709 43.2709 43.3274 43.3413 43.3450 43.3907 43.3905
65.7064 54.4343 49.3062 43.6913 42.8858 42.9912 42.9363 42.7590 42.6903 42.7144 43.0216 43.0216 43.2028 43.0874 43.0759 42.9909 43.0394 43.0500 43.0554 43.1366 43.0018 42.9638 42.9638 42.9608 42.9568 42.9744 43.0974 43.0974 43.0972 43.0268 42.9562 43.0054 43.0054 43.4845 43.4845 43.4703 43.1146 43.1143 43.1143 43.1352 43.1175 43.1492 43.0784 43.0784 43.0606 43.0606 43.0605 43.1273 43.1310 43.1311 43.1311 43.1345 43.1662 43.2188 43.2365 43.2045 43.2044 43.2359 43.2182 43.2358 43.3061 43.3061 43.3060 43.3199 43.3413 43.3908 43.3906
65.7064 54.4343 49.3062 43.6913 42.8858 42.9912 42.9363 42.7590 42.6903 42.7144 43.0216 43.0216 43.2028 43.0874 43.0759 42.9909 43.0394 43.0500 43.0554 43.1366 43.0018 42.9638 42.9638 42.9608 42.9568 42.9744 43.0974 43.0974 43.0972 43.0268 42.9562 43.0054 43.0054 43.4845 43.4845 43.4703 43.1146 43.1143 43.1143 43.1352 43.1175 43.1492 43.0784 43.0784 43.0606 43.0606 43.0605 43.1273 43.1310 43.1311 43.1311 43.1345 43.1662 43.2188 43.2365 43.2045 43.2044 43.2359 43.2182 43.2358 43.3061 43.3061 43.3060 43.3199 43.3413 43.3908 43.3906
66.5518 52.9692 47.8411 44.3102 42.5989 42.7222 42.7261 42.6272 42.5869 42.6254 42.6126 42.6126 42.7275 42.7533 42.9025 42.9602 42.9801 42.9221 42.9275 42.9711 42.9880 42.9270 42.9270 43.0665 43.0624 43.0834 43.3893 43.3893 43.4067 43.6531 43.6213 43.6564 43.6564 43.5231 43.5231 43.5441 43.6851 43.6497 43.6497 42.9343 42.9518 42.9835 43.0361 43.0537 43.0887 43.0887 43.2330 43.2505 43.2542 43.1206 43.1698 43.1731 43.1908 43.1730 43.1907 43.2149 43.2324 43.2463 43.2110 43.2110 43.2461 43.2461 43.2672 43.2671 43.3060 43.4014 43.4328
64.8447 51.2621 48.0087 44.4777 42.7664 42.5977 42.6017 42.6619 42.6216 42.6601 42.6237 42.6237 42.6953 42.7211 42.8703 42.9663 42.9863 42.9282 42.9277 42.9713 43.0077 42.9467 42.9467 43.0665 43.0624 43.0834 43.3753 43.3753 43.3891 43.6355 43.6037 43.6740 43.6740 43.4843 43.4843 43.5054 43.6851 43.6497 43.6497 42.9343 42.9519 42.9695 43.0221 43.0397 43.0887 43.0887 43.2506 43.2681 43.2718 43.1346 43.1838 43.1871 43.1908 43.1731 43.1731 43.1973 43.2148 43.2500 43.2147 43.2147 43.2637 43.2637 43.2672 43.2671 43.3061 43.3801 43.4115
66.1690 55.2881 52.0347 44.4595 42.7481 42.5210 42.6436 42.7038 42.7522 42.7907 42.6563 42.6563 42.6477 42.6735 42.8501 42.9248 42.9448 43.0005 43.0000 42.9532 42.9895 42.9289 42.9289 43.0487 42.9919 43.0130 43.3400 43.3400 43.3362 43.5826 43.5722 43.6249 43.6249 43.4314 43.4314 43.4348 43.6146 43.6320 43.6320 42.9343 42.9342 42.9519 43.0044 43.0220 43.0534 43.0534 43.2153 43.2328 43.2540 43.1344 43.1836 43.1871 43.1908 43.1730 43.1730 43.2501 43.2500 43.2500 43.2323 43.2323 43.2636 43.2636 43.2848 43.2847 43.3236 43.3976 43.3938
66.6214 56.4078 52.0140 44.4214 42.4273 42.3809 42.5035 42.5374 42.5858 42.6809 42.5836 42.5836 42.5303 42.5828 42.7594 42.8608 42.9357 42.9594 42.9565 42.9097 42.9824 42.9218 42.9218 43.6298 43.5730 43.5377 43.0234 43.0234 43.0266 43.0619 43.0515 43.0830 43.0830 42.9559 42.9559 42.9593 43.0087 43.0261 43.0261 43.2196 43.2196 43.2549 43.0397 43.0573 43.0606 43.0606 43.1449 43.1449 43.1661 43.1661 43.1484 43.1519 43.1485 43.1306 43.1343 43.2185 43.2185 43.2184 43.2323 43.2323 43.2356 43.2356 43.3024 43.2847 43.3236 43.4117 43.3939
68.4898 62.4315 58.0376 50.6613 46.3712 43.1623 42.7554 42.4300 42.3501 42.4453 42.4816 42.4816 42.4943 42.5421 42.6465 42.7167 42.7916 42.9029 42.9000 42.8281 42.8832 42.8654 42.8654 43.5981 43.5765 43.5412 42.9740 42.9740 43.0302 43.0655 43.0830 43.0969 43.0969 42.9912 42.9912 43.0262 43.0439 43.0436 43.0436 43.2583 43.2231 43.2584 43.0607 43.0607 43.0464 43.0464 43.1099 43.1099 43.1273 43.1977 43.1800 43.1482 43.1307 43.1305 43.1342 43.1692 43.1691 43.2042 43.2005 43.2005 43.2215 43.2215 43.2497 43.2320 43.2671 43.3376 43.3551
68.8950 65.8202 61.4264 54.0500 49.5511 46.3421 45.9353 42.4381 42.3582 42.4105 42.4468 42.4468 42.5053 42.5531 42.6575 42.7536 42.8285 42.9205 42.9176 42.8456 42.8338 42.8161 42.8161 43.5452 43.5237 43.5236 42.9564 42.9564 43.0090 43.0443 43.0619 43.0969 43.0969 42.9735 42.9735 43.0086 43.0298 43.0295 43.0295 43.2583 43.2231 43.2584 43.0607 43.0607 43.0605 43.0605 43.1240 43.0922 43.1096 43.1801 43.1976 43.1658 43.0990 43.0988 43.1025 43.1515 43.1514 43.1866 43.1652 43.1652 43.2003 43.2003 43.2285 43.2320 43.2671 43.3376 43.3374
69.4819 66.4071 65.3451 57.9688 53.4698 46.9934 46.5865 42.4355 42.3556 42.4079 42.4372 42.4372 42.5085 42.5563 42.6607 42.7319 42.8067 42.8987 42.9183 42.8464 42.8163 42.7985 42.7985 43.5240 43.5025 43.5024 42.9564 42.9564 42.9914 43.0267 43.0443 43.0829 43.0829 42.9735 42.9735 43.0086 43.0298 43.0295 43.0295 43.2724 43.2371 43.2584 43.0607 43.0607 43.0605 43.0605 43.1064 43.0746 43.0920 43.1449 43.1624 43.1306 43.0990 43.0988 43.1025 43.1515 43.1514 43.2042 43.1828 43.1829 43.2179 43.2179 43.2462 43.2496 43.2847 43.3200 43.3198
71.7827 71.4713 70.4094 70.6034 67.4636 59.4508 55.7565 44.3903 42.1913 42.2435 42.4582 42.4582 42.5467 42.5450 42.5527 42.6337 42.6546 42.8326 42.8522 42.7963 42.8806 42.7846 42.7846 42.6856 42.6853 42.6853 42.7591 42.7591 42.7941 42.7626 42.7838 42.8224 42.8224 43.1568 43.1568 43.1389 42.9770 42.9768 42.9768 43.2826 43.3002 43.3214 43.1416 43.1452 43.1626 43.1626 43.3246 43.2929 43.3280 43.1381 43.1556 43.1730 43.1482 43.1481 43.1518 43.0916 43.0915 43.1442 43.1405 43.1617 43.1791 43.1791 43.2004 43.2039 43.1861 43.3307 43.3304
71.1781 71.9471 73.0037 73.1977 71.2030 65.3537 61.6593 45.2879 43.0889 42.6358 42.4101 42.4101 42.4570 42.4553 42.4630 42.5477 42.5686 42.8637 42.8708 42.8148 42.9228 42.8268 42.8268 42.6715 42.6713 42.6853 42.7591 42.7591 42.8117 42.7802 42.8014 42.8188 42.8188 43.1216 43.1216 43.1037 42.9417 42.9415 42.9415 43.2861 43.3036 43.3425 43.1593 43.1628 43.1274 43.1274 43.2755 43.3106 43.3458 43.1698 43.1556 43.1730 43.1483 43.1481 43.1658 43.1091 43.1091 43.1302 43.1229 43.1441 43.1615 43.1615 43.2040 43.2215 43.2038 43.3976 43.4185
71.4778 72.9866 74.0433 75.0971 73.1024 71.7514 69.0416 52.6701 46.4896 46.0365 42.4567 42.4567 42.4309 42.4292 42.4425 42.5748 42.5958 42.7885 42.7955 42.8063 42.9142 42.8901 42.8901 42.7349 42.6544 42.6684 42.6709 42.6709 42.7059 42.6743 42.7132 42.7483 42.7483 43.0510 43.0510 43.0684 42.9064 42.9378 42.9378 43.2685 43.2508 43.2897 43.1416 43.1451 43.1449 43.1449 43.2755 43.3106 43.3281 43.1696 43.1555 43.1906 43.1659 43.1658 43.1834 43.1443 43.1442 43.1478 43.1406 43.1617 43.1967 43.1967 43.2216 43.2391 43.2213 43.3799 43.3656
72.2053 73.0277 74.0843 75.7425 74.9386 73.5876 70.8779 58.2852 52.1046 51.6515 42.6101 42.6101 42.5844 42.4686 42.4819 42.6142 42.6167 42.5857 42.5928 42.6035 43.0123 42.9882 42.9882 45.8909 45.8105 45.8245 42.8472 42.8472 42.8821 43.4768 43.5157 43.5508 43.5508 42.9416 42.9416 42.9591 42.8395 42.8709 42.8709 43.0821 43.0644 43.1033 43.0923 43.0360 43.0358 43.0358 43.3387 43.3738 43.3912 43.5180 43.5039 43.5390 43.1907 43.1905 43.2082 43.2042 43.2042 43.2078 43.0914 43.1406 43.1756 43.1756 43.2673 43.2848 43.2670 43.3411 43.3269
73.5610 72.5107 72.4579 71.2991 70.3777 69.4387 69.3328 64.1835 63.9011 60.9943 46.7359 46.7359 44.6622 44.5464 42.4311 42.4851 42.4876 42.1222 42.0096 49.0041 50.6626 51.4695 51.4695 56.7022 56.0151 53.9910 43.3286 43.3286 42.7971 43.3918 43.4803 43.4802 43.4802 42.8711 42.8711 42.8886 42.7867 42.8179 42.8179 42.9764 42.9939 43.0468 43.0217 42.9654 43.0357 43.0357 43.3739 43.3738 43.3736 43.5040 43.5040 43.5567 43.1906 43.1514 43.1339 43.1162 43.1161 43.1512 43.1087 43.1580 43.1755 43.1755 43.2673 43.2848 43.2670 43.3447 43.3798
73.5610 72.5107 72.4579 71.2991 70.3777 69.4387 69.3328 64.1835 63.9011 60.9943 46.7359 46.7359 44.6622 44.5464 42.4311 42.4851 42.4876 42.1222 42.0096 49.0041 50.6626 51.4695 51.4695 56.7022 56.0151 53.9910 43.3286 43.3286 42.7971 43.3918 43.4803 43.4802 43.4802 42.8711 42.8711 42.8886 42.7867 42.8179 42.8179 42.9764 42.9939 43.0468 43.0217 42.9654 43.0357 43.0357 43.3739 43.3738 43.3736 43.5040 43.5040 43.5567 43.1906 43.1514 43.1339 43.1162 43.1161 43.1512 43.1087 43.1580 43.1755 43.1755 43.2673 43.2848 43.2670 43.3447 43.3798
72.1819 72.5867 72.5340 70.2205 69.2170 68.5774 68.4715 69.3929 69.4104 69.4983 59.2718 59.2718 52.1019 45.2300 44.9083 42.5551 42.9723 43.5428 43.4302 47.3972 60.5494 65.5361 65.5361 63.7093 61.9994 61.3651 52.7931 52.7931 47.4992 52.0347 48.2842 47.7445 47.7445 42.7189 42.7189 42.7566 42.8993 42.9364 42.9364 43.2301 43.2476 43.3005 43.2519 43.2343 43.2576 43.2576 43.2437 43.2577 43.2753 43.8918 43.9093 43.9267 43.3206 43.3168 43.2993 43.1126 43.1125 43.1476 43.0946 43.1123 43.1686 43.1686 43.1898 43.2038 43.2037 43.3059 43.3585
71.2487 72.1289 72.1291 69.6394 68.6359 68.6653 68.9118 71.1884 71.8752 71.9631 68.7406 68.7406 54.2968 47.4249 47.1032 42.5506 42.9678 43.7006 44.3004 51.0300 68.3474 71.3035 71.3035 67.4889 65.8086 65.1743 57.9502 57.9502 47.8244 52.3599 48.6094 47.7199 47.7199 42.6962 42.6962 42.7571 42.8872 42.9306 42.9306 43.2449 43.2654 43.2831 43.2342 43.2166 43.2188 43.2188 43.2613 43.2753 43.2929 43.8918 43.9093 43.9091 43.2891 43.3204 43.3168 43.1302 43.1265 43.1968 43.1299 43.1475 43.2177 43.2177 43.2427 43.2567 43.2566 43.2883 43.3409
71.2487 72.1289 72.1291 69.6394 68.6359 68.6653 68.9118 71.1884 71.8752 71.9631 68.7406 68.7406 54.2968 47.4249 47.1032 42.5506 42.9678 43.7006 44.3004 51.0300 68.3474 71.3035 71.3035 67.4889 65.8086 65.1743 57.9502 57.9502 47.8244 52.3599 48.6094 47.7199 47.7199 42.6962 42.6962 42.7571 42.8872 42.9306 42.9306 43.2449 43.2654 43.2831 43.2342 43.2166 43.2188 43.2188 43.2613 43.2753 43.2929 43.8918 43.9093 43.9091 43.2891 43.3204 43.3168 43.1302 43.1265 43.1968 43.1299 43.1475 43.2177 43.2177 43.2427 43.2567 43.2566 43.2883 43.3409
67.4954 67.9299 67.6892 68.1766 68.1768 69.1635 69.6565 71.0885 71.4167 71.6865 70.7949 70.7949 67.5068 63.4821 62.3146 55.1798 51.8885 45.3493 44.7615 48.1164 57.7316 63.5784 63.5784 69.9883 69.5070 68.5791 67.6039 67.6039 65.7071 64.0529 60.5424 53.0683 53.0683 44.0837 44.0837 44.1006 42.8633 42.8996 42.8996 42.9258 42.9512 42.9352 42.7531 42.7355 42.7464 42.7464 44.0127 44.0302 44.0300 44.8461 44.8601 44.8775 44.9832 44.9970 45.0323 43.2006 43.1793 43.1932 43.1790 43.1967 43.2845 43.2845 43.2567 43.2743 43.2917 43.3659 43.3621
66.1046 66.5277 66.2870 66.7744 68.2179 69.2046 69.6976 70.6776 71.0058 71.2756 72.6195 72.6195 69.3314 68.3285 67.1609 60.0262 56.7348 45.3944 44.8066 48.1615 55.0968 60.9437 60.9437 70.3523 69.8710 68.9431 69.4466 69.4466 67.5499 65.8957 63.5629 56.0888 56.0888 44.1180 44.1180 44.1348 42.8857 42.9220 42.9220 42.9025 42.9279 42.9119 42.7299 42.7341 42.7450 42.7450 43.9775 43.9950 43.9948 44.8320 44.8459 44.8634 44.9515 44.9653 45.0006 43.1971 43.1758 43.1897 43.1755 43.1931 43.2810 43.2810 43.2567 43.2743 43.2917 43.3166 43.3129
65.1414 65.4352 65.1945 66.0346 67.4781 68.6590 70.2615 71.2415 70.9882 71.2580 71.5616 71.5616 71.1458 70.1429 70.3013 64.9971 61.7057 48.8434 48.2556 44.9701 51.9054 59.4985 59.4985 68.9071 70.6284 69.7004 68.9710 68.9710 68.6599 67.0057 65.2855 60.4605 60.4605 45.5882 45.5882 44.1301 42.8810 42.9234 42.9234 42.8577 42.8709 42.8549 42.6995 42.7037 42.7057 42.7057 43.9405 43.9580 43.9595 44.7967 44.8107 44.8282 44.9163 44.9651 45.0005 43.1618 43.1581 43.1896 43.1754 43.1931 43.2318 43.2318 43.2567 43.2742 43.2917 43.2990 43.2952
64.0677 64.3139 64.7188 65.5590 66.6804 68.0074 69.6099 71.5937 71.3404 70.3542 70.6577 70.6577 72.4662 71.4633 71.6217 70.5657 67.2744 51.7289 48.7829 45.4974 50.0213 57.6144 57.6144 68.3964 70.1177 69.2900 68.6664 68.6664 69.5755 67.9213 66.2011 64.2640 64.2640 45.6006 45.6006 44.1425 42.8644 42.9068 42.9068 42.8338 42.8469 42.8536 42.7152 42.7195 42.7088 42.7088 43.9006 43.8989 43.9004 44.7791 44.7966 44.8141 44.9691 45.0180 45.0181 43.1794 43.1757 43.2424 43.2424 43.2600 43.2494 43.2494 43.3058 43.3057 43.3232 43.3166 43.3340
64.3574 64.8852 65.2901 66.4992 67.2739 68.5481 68.9179 70.8776 70.1134 69.1272 71.9560 71.9560 73.6412 74.5154 74.4623 73.3535 70.2327 56.7053 53.7593 46.8486 49.1457 55.0204 55.0204 67.0326 71.0976 70.2699 67.2345 67.2345 67.7562 68.0028 68.0323 66.7288 66.7288 54.3976 54.3976 49.6435 46.2996 43.3958 43.3958 45.7500 45.7200 45.7267 43.0237 43.0282 43.0022 43.0022 43.4994 43.4978 43.5434 44.0140 44.0315 44.0493 44.0141 44.0102 44.0103 43.9086 43.9225 43.9716 43.2319 43.2284 43.2531 43.2531 43.3374 43.3373 43.3195 43.3270 43.3972
