regresion/Composicion_(Lt_555).txt
ncols         167
nrows         127
xllcorner     -112.014
yllcorner     26.717
cellsize      0.00899
[rows 87 to 115 of 127, columns 67 to 133 of 167]
24.7521 24.6487 24.6486 24.6987 24.6986 24.6485 24.6856 24.6713 24.6855 24.6713 24.6463 24.6478 24.6228 24.6227 24.6836 24.7119 24.7011 24.6744 24.6728 24.7229 24.7602 24.7750 24.7606 24.7589 24.7606 24.7838 24.6961 24.7103 24.7102 24.7209 24.6959 24.6475 24.6242 24.6241 24.6225 24.5724 24.5598 24.5492 24.5353 24.5086 24.5619 24.5477 24.5101 24.5227 24.5351 24.5203 24.5203 24.4967 24.4608 24.4732 24.5092 24.4967 24.4841 24.4989 24.4988 24.4847 24.4612 24.4470 24.4845 24.4720 24.4470 24.4201 24.4201 24.4847 24.4988 24.4862 24.5241
24.7270 24.6236 24.5985 24.6736 24.6735 24.6110 24.6968 24.7075 24.7109 24.7217 24.6966 24.6858 24.6607 24.6499 24.6624 24.6389 24.6764 24.6247 24.6480 24.6731 24.6729 24.7106 24.7463 24.7821 24.7476 24.7584 24.6707 24.6849 24.6849 24.6973 24.6473 24.6114 24.6238 24.6112 24.6346 24.5845 24.5719 24.5596 24.5452 24.5185 24.5490 24.5348 24.5097 24.5222 24.5347 24.5097 24.5097 24.5114 24.4862 24.4861 24.5096 24.4845 24.4970 24.4863 24.4849 24.4832 24.5491 24.5474 24.5224 24.5224 24.4848 24.4575 24.4575 24.5340 24.4981 24.4855 24.4839
24.7128 24.6019 24.5768 24.6519 24.6392 24.5892 24.6750 24.6858 24.7093 24.7201 24.6950 24.7076 24.6825 24.6717 24.6984 24.6748 24.7123 24.6889 24.7013 24.7264 24.7262 24.7622 24.7980 24.8338 24.7710 24.7818 24.6941 24.7317 24.7317 24.7441 24.7082 24.6506 24.6630 24.6503 24.6628 24.6128 24.6002 24.5737 24.5593 24.5327 24.5584 24.5441 24.5190 24.5190 24.5315 24.5065 24.5065 24.5005 24.4753 24.4752 24.5253 24.5002 24.5127 24.4880 24.4866 24.4849 24.5710 24.5693 24.5442 24.5442 24.4941 24.4668 24.4668 24.5356 24.4997 24.4871 24.4746
24.8001 24.6658 24.6657 24.7141 24.6764 24.6389 24.6996 24.7121 24.7213 24.7071 24.7179 24.7075 24.6825 24.6466 24.6732 24.6606 24.6999 24.7014 24.7155 24.7513 24.7637 24.7872 24.8480 24.8587 24.7945 24.7945 24.7051 24.7445 24.7445 24.7087 24.7103 24.6617 24.6885 24.6760 24.6651 24.6381 24.6130 24.5865 24.5722 24.5329 24.5203 24.5203 24.5312 24.5312 24.5311 24.5060 24.5060 24.4984 24.4858 24.4857 24.5124 24.4998 24.5248 24.5733 24.5715 24.5573 24.5830 24.6455 24.6063 24.5688 24.5563 24.6063 24.6063 24.5968 24.5234 24.5234 24.4625
24.8001 24.6658 24.6657 24.7141 24.6764 24.6389 24.6996 24.7121 24.7213 24.7071 24.7179 24.7075 24.6825 24.6466 24.6732 24.6606 24.6999 24.7014 24.7155 24.7513 24.7637 24.7872 24.8480 24.8587 24.7945 24.7945 24.7051 24.7445 24.7445 24.7087 24.7103 24.6617 24.6885 24.6760 24.6651 24.6381 24.6130 24.5865 24.5722 24.5329 24.5203 24.5203 24.5312 24.5312 24.5311 24.5060 24.5060 24.4984 24.4858 24.4857 24.5124 24.4998 24.5248 24.5733 24.5715 24.5573 24.5830 24.6455 24.6063 24.5688 24.5563 24.6063 24.6063 24.5968 24.5234 24.5234 24.4625
24.7860 24.7110 24.7108 24.7592 24.7358 24.6623 24.7230 24.7354 24.7371 24.7228 24.7353 24.7734 24.7716 24.7357 24.6966 24.6715 24.7107 24.6982 24.7356 24.7714 24.7479 24.7622 24.8230 24.8587 24.8228 24.8228 24.7600 24.8104 24.7837 24.7478 24.7337 24.7085 24.7353 24.7228 24.6727 24.6458 24.6348 24.6257 24.6114 24.5596 24.5485 24.5485 24.5485 24.5344 24.5453 24.5202 24.5202 24.5328 24.5201 24.5200 24.4826 24.4700 24.4950 24.5875 24.5857 24.5839 24.5737 24.6362 24.6486 24.6237 24.6471 24.6705 24.6705 24.5686 24.4952 24.4952 24.4718
24.7613 24.6863 24.6861 24.7487 24.7629 24.6894 24.7108 24.6966 24.7232 24.7357 24.7482 24.7465 24.7448 24.7465 24.7338 24.6961 24.7228 24.7353 24.7478 24.7854 24.6993 24.7117 24.7600 24.8583 24.8725 24.8725 24.7847 24.8104 24.7836 24.8104 24.7963 24.7711 24.7604 24.7353 24.6852 24.6583 24.6474 24.6382 24.6239 24.5721 24.5846 24.5721 24.5363 24.5347 24.5456 24.5473 24.5473 24.5456 24.5348 24.5347 24.5205 24.5204 24.5329 24.6003 24.5985 24.6218 24.5968 24.5968 24.6608 24.6484 24.6484 24.5967 24.5967 24.5576 24.5468 24.5467 24.5465
24.7613 24.6863 24.6861 24.7487 24.7629 24.6894 24.7108 24.6966 24.7232 24.7357 24.7482 24.7465 24.7448 24.7465 24.7338 24.6961 24.7228 24.7353 24.7478 24.7854 24.6993 24.7117 24.7600 24.8583 24.8725 24.8725 24.7847 24.8104 24.7836 24.8104 24.7963 24.7711 24.7604 24.7353 24.6852 24.6583 24.6474 24.6382 24.6239 24.5721 24.5846 24.5721 24.5363 24.5347 24.5456 24.5473 24.5473 24.5456 24.5348 24.5347 24.5205 24.5204 24.5329 24.6003 24.5985 24.6218 24.5968 24.5968 24.6608 24.6484 24.6484 24.5967 24.5967 24.5576 24.5468 24.5467 24.5465
24.8146 24.8021 24.7895 24.8521 24.7878 24.7236 24.7451 24.7450 24.7199 24.7449 24.7449 24.7464 24.7589 24.7857 24.8013 24.7369 24.7636 24.7511 24.6993 24.7370 24.6867 24.6959 24.7192 24.7941 24.8317 24.8442 24.7940 24.8245 24.8244 24.8512 24.8762 24.8495 24.8512 24.8135 24.7619 24.7225 24.6849 24.6834 24.6815 24.5938 24.5814 24.5814 24.5581 24.5738 24.5613 24.5379 24.5379 24.5488 24.5505 24.5630 24.6222 24.6346 24.6471 24.6455 24.6062 24.6186 24.5952 24.5826 24.6592 24.6484 24.6375 24.6124 24.6124 24.5608 24.5750 24.5749 24.5824
24.8146 24.8021 24.7895 24.8271 24.7628 24.6986 24.6968 24.6967 24.6699 24.6949 24.6948 24.7465 24.7589 24.7857 24.8142 24.7498 24.7890 24.7765 24.7248 24.7373 24.6871 24.6838 24.7070 24.7820 24.8195 24.8320 24.7818 24.8352 24.8352 24.8508 24.8758 24.8491 24.8383 24.8007 24.7490 24.7365 24.6989 24.6830 24.6812 24.5935 24.5560 24.5560 24.5559 24.5717 24.5591 24.5505 24.5505 24.5613 24.5756 24.5880 24.6365 24.6490 24.6614 24.6205 24.5812 24.5935 24.5952 24.5827 24.6452 24.6344 24.6235 24.6254 24.6254 24.5863 24.6004 24.6003 24.6223
24.7645 24.7520 24.7268 24.7644 24.7234 24.6843 24.6717 24.6841 24.6824 24.6949 24.6948 24.7465 24.7589 24.7481 24.8016 24.7497 24.7640 24.7514 24.7122 24.7247 24.6728 24.6695 24.6945 24.6694 24.6819 24.7819 24.7192 24.7726 24.7725 24.8133 24.8383 24.7865 24.8132 24.8132 24.7490 24.7239 24.6988 24.6830 24.6812 24.6060 24.5685 24.5559 24.5684 24.5967 24.5841 24.5754 24.5754 24.5613 24.5880 24.6005 24.6364 24.6615 24.6864 24.6455 24.6687 24.6936 24.6828 24.6703 24.6952 24.6468 24.6360 24.6253 24.6253 24.5737 24.5753 24.5753 24.6222
24.7521 24.7129 24.6877 24.7253 24.7501 24.7109 24.7234 24.7467 24.7324 24.7449 24.7340 24.7965 24.7964 24.7856 24.8107 24.7855 24.7765 24.7765 24.7356 24.7732 24.7087 24.6980 24.7229 24.6962 24.7195 24.8195 24.7709 24.7835 24.7834 24.8352 24.8478 24.7976 24.8386 24.8386 24.7744 24.7618 24.7367 24.7243 24.7225 24.6832 24.6439 24.6314 24.5954 24.6205 24.6079 24.6221 24.6221 24.5970 24.6002 24.6126 24.6486 24.6736 24.6986 24.6737 24.6969 24.7077 24.6808 24.6683 24.7324 24.6824 24.6716 24.6613 24.6613 24.7114 24.7130 24.7130 24.7115
24.7253 24.7253 24.7126 24.7502 24.7751 24.7000 24.6999 24.7232 24.7449 24.7449 24.7340 24.7448 24.7448 24.7465 24.8233 24.7605 24.7748 24.7873 24.7747 24.8123 24.7604 24.7245 24.7495 24.6978 24.7195 24.7444 24.6959 24.7568 24.7568 24.8086 24.8228 24.7726 24.8120 24.8120 24.7635 24.7617 24.7616 24.7492 24.7366 24.7224 24.6939 24.6689 24.6455 24.6439 24.6313 24.6472 24.6472 24.6347 24.6236 24.6110 24.6377 24.6485 24.6485 24.6611 24.6735 24.6842 24.6542 24.6541 24.7308 24.6808 24.7075 24.6864 24.6864 24.7006 24.7256 24.7130 24.7256
24.7253 24.7270 24.7143 24.7519 24.7876 24.7125 24.7124 24.7357 24.7574 24.7574 24.7323 24.7431 24.7573 24.7590 24.8358 24.7730 24.7873 24.7998 24.8014 24.8390 24.7979 24.7621 24.7871 24.7228 24.7445 24.7695 24.7318 24.7927 24.7693 24.8211 24.8353 24.7977 24.8370 24.8370 24.7901 24.7884 24.7616 24.7492 24.7366 24.7349 24.7064 24.6814 24.6813 24.6798 24.6438 24.6597 24.6597 24.6346 24.6236 24.6110 24.6393 24.6501 24.6500 24.6485 24.6610 24.6717 24.6416 24.6416 24.7166 24.6667 24.6934 24.6864 24.6864 24.6880 24.7130 24.7004 24.7397
24.7361 24.7378 24.7252 24.7644 24.8001 24.7251 24.7250 24.7482 24.7467 24.7466 24.7215 24.7557 24.7698 24.7715 24.8358 24.7730 24.7980 24.8106 24.8121 24.8265 24.7854 24.7621 24.7871 24.7228 24.7338 24.7588 24.7211 24.7927 24.7693 24.8086 24.8228 24.7851 24.8352 24.8352 24.7883 24.7884 24.7616 24.7617 24.7492 24.7474 24.7333 24.7082 24.6813 24.6798 24.6438 24.6347 24.6347 24.6096 24.6240 24.6113 24.6522 24.6630 24.6630 24.6489 24.6613 24.6721 24.6421 24.6420 24.6670 24.6170 24.6437 24.7346 24.7346 24.7127 24.7377 24.7251 24.7268
24.7142 24.6734 24.6609 24.7002 24.7968 24.7342 24.7592 24.7825 24.7591 24.7341 24.7090 24.7732 24.7873 24.7748 24.8374 24.7997 24.8122 24.7981 24.8105 24.8249 24.7712 24.7589 24.7714 24.7196 24.7228 24.7353 24.7101 24.7335 24.7101 24.7117 24.7134 24.7117 24.7993 24.7992 24.7850 24.7977 24.7709 24.8086 24.7960 24.8067 24.7850 24.7724 24.6954 24.6704 24.6345 24.6504 24.6504 24.6112 24.6255 24.6255 24.6615 24.6472 24.6096 24.5972 24.5971 24.6704 24.6828 24.6577 24.6952 24.6452 24.6344 24.7378 24.7378 24.7236 24.7361 24.7360 24.7486
24.7264 24.6606 24.6480 24.6981 24.8214 24.7589 24.7606 24.7571 24.7713 24.7462 24.7337 24.7621 24.7620 24.7495 24.7982 24.7872 24.8247 24.8106 24.8105 24.8356 24.7836 24.7605 24.7730 24.7446 24.7729 24.7853 24.7352 24.7728 24.7727 24.7351 24.7368 24.7117 24.8118 24.8117 24.7976 24.7851 24.7851 24.8102 24.7976 24.8067 24.8350 24.8225 24.7455 24.7205 24.6829 24.6863 24.6863 24.6362 24.6613 24.6612 24.6490 24.6347 24.5971 24.6113 24.6113 24.6830 24.6721 24.6471 24.6953 24.6453 24.6344 24.6986 24.6986 24.6720 24.6845 24.6844 24.7114
24.7264 24.6605 24.6479 24.6980 24.7838 24.7213 24.7355 24.6820 24.7087 24.7087 24.6961 24.7371 24.7370 24.7118 24.7606 24.7621 24.8247 24.8356 24.8355 24.8606 24.8087 24.7856 24.7855 24.7695 24.7979 24.7979 24.7369 24.7370 24.7369 24.7226 24.7368 24.6991 24.7492 24.7492 24.7350 24.7351 24.7600 24.7852 24.7851 24.8317 24.8600 24.8475 24.7848 24.6972 24.6597 24.6738 24.6738 24.6237 24.6238 24.5986 24.5614 24.5471 24.5471 24.5613 24.5862 24.6829 24.6471 24.6095 24.6702 24.6703 24.6594 24.7112 24.7112 24.6845 24.6970 24.6969 24.7365
24.7373 24.7139 24.7013 24.7514 24.8122 24.7104 24.7247 24.6712 24.7196 24.7195 24.7070 24.7463 24.7463 24.7211 24.7481 24.7496 24.8122 24.8013 24.7887 24.8138 24.7619 24.7622 24.7621 24.7461 24.7947 24.7947 24.7337 24.7588 24.7587 24.7444 24.7602 24.7008 24.7509 24.7508 24.7633 24.7634 24.7883 24.7743 24.7742 24.8209 24.8443 24.8317 24.7690 24.6815 24.6439 24.6581 24.6581 24.6504 24.6504 24.6253 24.5771 24.5629 24.5628 24.5363 24.5613 24.6580 24.6188 24.5813 24.6420 24.6545 24.6578 24.7095 24.7095 24.7128 24.7252 24.7252 24.7272
24.7356 24.7264 24.7263 24.7639 24.7495 24.6353 24.6728 24.6836 24.6962 24.6962 24.6694 24.6961 24.6961 24.6960 24.7119 24.7744 24.8477 24.7993 24.8009 24.8009 24.7990 24.8351 24.8350 24.7957 24.7959 24.7834 24.7333 24.8085 24.7959 24.7319 24.7352 24.6866 24.7241 24.7366 24.7132 24.7365 24.7740 24.7493 24.7492 24.8100 24.8835 24.8460 24.7960 24.7460 24.7209 24.6581 24.6581 24.6738 24.6864 24.6487 24.6129 24.6236 24.6736 24.6114 24.6113 24.6846 24.6580 24.6079 24.6455 24.6581 24.6596 24.6970 24.6970 24.6611 24.6861 24.6735 24.6376
24.7356 24.7264 24.7263 24.7639 24.7495 24.6353 24.6728 24.6836 24.6962 24.6962 24.6694 24.6961 24.6961 24.6960 24.7119 24.7744 24.8477 24.7993 24.8009 24.8009 24.7990 24.8351 24.8350 24.7957 24.7959 24.7834 24.7333 24.8085 24.7959 24.7319 24.7352 24.6866 24.7241 24.7366 24.7132 24.7365 24.7740 24.7493 24.7492 24.8100 24.8835 24.8460 24.7960 24.7460 24.7209 24.6581 24.6581 24.6738 24.6864 24.6487 24.6129 24.6236 24.6736 24.6114 24.6113 24.6846 24.6580 24.6079 24.6455 24.6581 24.6596 24.6970 24.6970 24.6611 24.6861 24.6735 24.6376
24.6838 24.7339 24.7446 24.7821 24.7712 24.6978 24.7228 24.7085 24.6744 24.6744 24.6868 24.7746 24.7478 24.7603 24.7729 24.7727 24.8460 24.8693 24.8192 24.8193 24.7707 24.8225 24.8350 24.8082 24.8242 24.8116 24.8133 24.8493 24.8226 24.7209 24.6959 24.6834 24.7209 24.7208 24.6708 24.6816 24.7207 24.7259 24.7258 24.7740 24.8743 24.8367 24.8384 24.7868 24.7601 24.6848 24.6848 24.6455 24.6580 24.6705 24.6722 24.6578 24.7078 24.6505 24.6504 24.7112 24.6862 24.6362 24.6754 24.6629 24.6613 24.6720 24.6720 24.6454 24.6704 24.6578 24.6594
24.6856 24.7356 24.7463 24.7696 24.7587 24.6836 24.7086 24.6960 24.6744 24.6744 24.6868 24.7370 24.7103 24.7228 24.7603 24.7602 24.8460 24.8693 24.8192 24.8193 24.7691 24.8208 24.8333 24.8207 24.8492 24.8492 24.8508 24.8743 24.8476 24.7599 24.7349 24.7224 24.7331 24.7330 24.6955 24.7187 24.6937 24.7220 24.7220 24.7469 24.8114 24.8113 24.8506 24.8240 24.7973 24.7613 24.7613 24.7221 24.7081 24.7206 24.7222 24.7079 24.7562 24.6720 24.6720 24.6844 24.6863 24.6612 24.6754 24.6629 24.6613 24.6864 24.6864 24.6329 24.6454 24.6328 24.6720
24.6856 24.7356 24.7463 24.7696 24.7587 24.6836 24.7086 24.6960 24.6744 24.6744 24.6868 24.7370 24.7103 24.7228 24.7603 24.7602 24.8460 24.8693 24.8192 24.8193 24.7691 24.8208 24.8333 24.8207 24.8492 24.8492 24.8508 24.8743 24.8476 24.7599 24.7349 24.7224 24.7331 24.7330 24.6955 24.7187 24.6937 24.7220 24.7220 24.7469 24.8114 24.8113 24.8506 24.8240 24.7973 24.7613 24.7613 24.7221 24.7081 24.7206 24.7222 24.7079 24.7562 24.6720 24.6720 24.6844 24.6863 24.6612 24.6754 24.6629 24.6613 24.6864 24.6864 24.6329 24.6454 24.6328 24.6720
24.6497 24.6997 24.7104 24.7588 24.7821 24.7320 24.7570 24.7086 24.6585 24.6585 24.6709 24.7354 24.7103 24.6977 24.7511 24.7744 24.8369 24.8476 24.7600 24.8208 24.8065 24.8191 24.8441 24.8081 24.8583 24.8582 24.8849 24.8368 24.8242 24.7616 24.7383 24.6614 24.6489 24.6721 24.6847 24.7704 24.7562 24.7562 24.7561 24.7577 24.7953 24.7953 24.8239 24.8364 24.8364 24.8631 24.8631 24.8238 24.8364 24.8238 24.7610 24.7467 24.8075 24.7810 24.7809 24.7449 24.6717 24.6467 24.6734 24.6625 24.6859 24.6751 24.6751 24.6986 24.7236 24.7235 24.6987
24.6138 24.6872 24.6979 24.7463 24.7696 24.7179 24.7429 24.6944 24.6319 24.6318 24.6443 24.7495 24.7244 24.7118 24.6777 24.7009 24.7635 24.7742 24.7475 24.8083 24.7940 24.8175 24.8425 24.8065 24.8692 24.8691 24.8958 24.8509 24.8383 24.7758 24.7524 24.6880 24.6755 24.6988 24.6847 24.7704 24.7562 24.7421 24.7420 24.7436 24.7812 24.7812 24.8098 24.8506 24.8505 24.8772 24.8772 24.8379 24.8505 24.8379 24.7594 24.7451 24.8059 24.7794 24.7793 24.7433 24.6717 24.6467 24.6734 24.6625 24.6876 24.6767 24.6767 24.7127 24.7377 24.7376 24.7096
24.5640 24.6374 24.6481 24.6965 24.7323 24.6431 24.6430 24.6196 24.6072 24.6072 24.6196 24.7119 24.6868 24.6868 24.6526 24.6508 24.7133 24.7742 24.7475 24.8084 24.8190 24.8425 24.8549 24.8440 24.8941 24.8440 24.8958 24.8509 24.8383 24.7757 24.7524 24.7130 24.7130 24.7238 24.6972 24.7704 24.7562 24.7421 24.7420 24.7311 24.7812 24.7937 24.8348 24.8506 24.8506 24.8897 24.8897 24.8379 24.8504 24.8361 24.7827 24.7701 24.7934 24.7668 24.7668 24.7558 24.6717 24.6717 24.6984 24.6750 24.6499 24.6266 24.6266 24.6751 24.6876 24.7109 24.7078
24.5782 24.6374 24.6481 24.6732 24.6965 24.6073 24.6183 24.6183 24.6058 24.6058 24.6074 24.6980 24.6854 24.6854 24.6651 24.6524 24.7651 24.8260 24.7976 24.7976 24.8083 24.8174 24.8299 24.8424 24.8799 24.8298 24.8582 24.8616 24.8490 24.8008 24.7774 24.7648 24.7147 24.7255 24.7097 24.7096 24.6704 24.7546 24.7546 24.7670 24.7921 24.8045 24.8330 24.8488 24.8237 24.8897 24.8897 24.8771 24.8896 24.8753 24.8453 24.8327 24.8560 24.8169 24.8168 24.7917 24.7683 24.7683 24.7234 24.7001 24.6750 24.6892 24.6892 24.7018 24.7142 24.7375 24.7450
24.5870 24.6245 24.6353 24.6603 24.6744 24.6102 24.6463 24.6462 24.6091 24.6091 24.6107 24.6733 24.6608 24.6732 24.6998 24.7121 24.8123 24.7855 24.7729 24.7729 24.7836 24.7835 24.7835 24.7834 24.8332 24.8082 24.8224 24.8708 24.8583 24.8100 24.8117 24.7866 24.7365 24.7723 24.7488 24.7237 24.6845 24.7704 24.7828 24.7953 24.8062 24.8062 24.8221 24.8705 24.8454 24.8740 24.8740 24.8505 24.9006 24.8988 24.8594 24.8217 24.8451 24.8326 24.8326 24.8325 24.8059 24.7934 24.7235 24.6986 24.6860 24.6985 24.6985 24.7002 24.7377 24.7734 24.7716
