regresion/Composicion_(Band 12).txt
ncols         167
nrows         127
xllcorner     -112.017
yllcorner     26.724
cellsize      0.00900
[rows 29 to 57 of 127, columns 0 to 66 of 167]
25.2332 25.2332 25.2477 25.2717 25.2217 25.1546 25.0838 25.0564 25.0509 25.0304 24.9983 24.9997 24.9833 24.9702 24.9569 24.9648 24.9680 24.9654 24.9448 24.9273 24.9509 25.0096 25.0799 25.0651 25.0493 25.0415 25.0254 25.0184 25.0082 25.0145 25.0125 25.0003 25.0193 25.0388 25.0392 25.0584 25.0388 25.0142 25.0119 24.9942 25.0060 25.0237 25.0384 25.0567 25.0460 25.0491 25.0198 24.9966 24.9842 24.9724 24.9568 24.9768 25.0117 25.0471 25.0913 25.1240 25.1345 25.1472 25.1429 25.1060 25.1348 25.1845 25.2058 25.2767 25.3341 25.3465 25.3628
25.1769 25.1769 25.2361 25.2530 25.2212 25.1798 25.0995 25.0871 25.0552 25.0458 25.0215 25.0094 24.9902 24.9829 24.9790 24.9644 24.9579 24.9464 24.9326 24.9077 24.9257 24.9562 25.0083 25.0279 25.0295 25.0187 25.0070 25.0040 24.9979 25.0025 25.0070 24.9977 25.0199 25.0279 25.0202 25.0167 24.9926 24.9674 24.9570 24.9691 25.0041 25.0425 25.0624 25.1018 25.0910 25.1002 25.0780 25.0377 25.0196 24.9959 24.9808 25.0014 25.0321 25.0621 25.1121 25.1452 25.1549 25.1388 25.1069 25.1140 25.1576 25.2166 25.2392 25.2621 25.2822 25.3120 25.3348
25.1591 25.1591 25.2131 25.2406 25.2436 25.1757 25.1128 25.0587 25.0380 25.0299 25.0334 25.0203 24.9960 24.9952 24.9834 24.9702 24.9578 24.9306 24.9037 24.8810 24.8880 24.9128 24.9554 24.9884 25.0104 24.9891 24.9962 25.0029 25.0023 24.9988 25.0021 25.0029 25.0280 25.0325 25.0270 25.0136 24.9796 24.9553 24.9519 24.9339 25.0026 25.0658 25.1034 25.1394 25.1228 25.1384 25.1121 25.0652 25.0469 25.0401 25.0198 25.0370 25.0704 25.0942 25.1457 25.1865 25.2007 25.1649 25.1195 25.0942 25.1080 25.1273 25.1350 25.2302 25.3218 25.3318 25.3230
25.1461 25.1461 25.2322 25.2766 25.2389 25.0985 25.0803 25.0228 25.0116 25.0192 25.0463 25.0530 25.0363 25.0458 25.0181 24.9890 24.9694 24.9298 24.9030 24.8867 24.8927 24.9078 24.9436 24.9786 25.0120 25.0210 25.0324 25.0325 25.0263 24.9951 24.9845 24.9780 24.9812 25.0003 25.0176 25.0127 24.9732 24.9414 24.9451 24.9362 24.9729 25.0373 25.1033 25.1467 25.1297 25.1491 25.1211 25.0671 25.0630 25.0577 25.0505 25.0810 25.1097 25.1349 25.1701 25.1955 25.2225 25.2024 25.1563 25.1206 25.1316 25.1471 25.1568 25.2170 25.2530 25.2972 25.2759
25.2027 25.2027 25.2444 25.2482 25.1998 25.1390 24.9861 24.9505 24.9726 24.9838 25.0159 25.0352 25.0413 25.0627 25.0534 25.0488 25.0295 24.9860 24.9649 24.9377 24.9025 24.9022 24.9414 24.9924 25.0088 24.9947 25.0263 25.0387 25.0312 25.0029 24.9668 24.9537 24.9527 24.9594 24.9840 24.9722 24.9488 24.9281 24.9270 24.9242 24.9406 24.9902 25.0726 25.1344 25.1101 25.1493 25.1335 25.1007 25.0875 25.0928 25.1005 25.1281 25.1688 25.1862 25.2258 25.2294 25.2410 25.2194 25.1710 25.1359 25.1380 25.1598 25.1795 25.2287 25.2519 25.2486 25.2723
25.3162 25.3162 25.2871 25.3008 25.1514 25.0778 25.0158 24.9692 24.9759 24.9722 24.9819 25.0086 25.0108 25.0095 24.9998 25.0030 24.9892 24.9618 24.9195 24.8987 24.8845 24.8639 24.8879 24.9428 25.0073 25.0452 25.0725 25.0944 25.0709 25.0175 24.9669 24.9361 24.9494 24.9477 24.9757 24.9598 24.9583 24.9377 24.9318 24.9315 24.9478 24.9807 25.0543 25.1144 25.1028 25.1205 25.0964 25.0919 25.0909 25.0996 25.1141 25.1690 25.1937 25.2118 25.2347 25.2357 25.2415 25.2004 25.1465 25.1283 25.1392 25.1699 25.1982 25.2347 25.2405 25.2557 25.2956
25.4283 25.4283 25.3062 25.2064 25.0705 24.9964 24.9640 24.9745 24.9855 24.9863 24.9920 25.0107 24.9932 24.9884 24.9788 24.9717 24.9680 24.9675 24.9495 24.9239 24.8946 24.8737 24.8900 24.9164 24.9864 25.0388 25.0762 25.0880 25.0831 25.0411 25.0012 24.9910 24.9836 24.9778 24.9881 24.9733 24.9725 24.9666 24.9545 24.9432 24.9580 24.9903 25.0338 25.0781 25.0788 25.0858 25.0703 25.0651 25.0799 25.1051 25.1336 25.1870 25.2081 25.2128 25.2337 25.2341 25.2357 25.1725 25.1200 25.1095 25.1248 25.1627 25.1956 25.2169 25.2185 25.2608 25.3432
25.3847 25.3847 25.1930 25.1003 25.0026 24.9758 24.9821 24.9917 24.9985 24.9934 24.9791 25.0244 25.0328 25.0298 25.0386 25.0440 25.0332 25.0285 24.9967 24.9820 24.9615 24.9214 24.9019 24.9164 24.9760 25.0108 25.0510 25.0720 25.0687 25.0333 25.0119 25.0008 24.9875 24.9896 24.9922 24.9714 24.9686 24.9782 24.9764 24.9738 24.9961 25.0295 25.0578 25.0868 25.0970 25.0878 25.0884 25.0773 25.1012 25.1435 25.1582 25.1876 25.2081 25.2084 25.2083 25.1975 25.1981 25.1391 25.0902 25.0919 25.1140 25.1616 25.1903 25.2029 25.2469 25.2964 25.3495
25.3228 25.3228 25.1558 25.0760 25.0067 24.9994 24.9922 25.0008 25.0294 25.0423 25.0341 25.0575 25.0460 25.0417 25.0467 25.0362 25.0016 25.0057 24.9962 24.9941 24.9805 24.9537 24.9383 24.9652 25.0113 25.0402 25.0638 25.0661 25.0755 25.0459 25.0162 25.0113 24.9936 24.9881 24.9882 24.9775 24.9713 24.9719 24.9603 24.9762 25.0216 25.0777 25.1219 25.1462 25.1538 25.1220 25.1338 25.1137 25.1095 25.1487 25.1538 25.1785 25.1923 25.1938 25.2074 25.1852 25.1930 25.1527 25.1055 25.0829 25.1328 25.1912 25.2102 25.2422 25.2701 25.3187 25.3623
25.2631 25.2631 25.0786 25.0403 25.0072 25.0158 25.0066 25.0055 25.0173 25.0137 25.0135 25.0215 25.0204 25.0200 25.0174 25.0094 24.9969 24.9886 24.9752 24.9736 24.9751 24.9636 24.9530 24.9620 24.9870 25.0201 25.0627 25.0613 25.1014 25.0931 25.0528 25.0459 25.0285 24.9956 24.9962 24.9576 24.9461 24.9533 24.9439 24.9584 25.0193 25.0969 25.1508 25.1850 25.1923 25.1600 25.1573 25.1519 25.1419 25.1413 25.1313 25.1666 25.1726 25.1635 25.1729 25.1613 25.1720 25.1671 25.1555 25.1441 25.1781 25.2468 25.2830 25.3211 25.3424 25.3664 25.4072
25.5578 25.5578 25.1530 25.0294 24.9981 24.9747 24.9578 24.9552 24.9509 24.9472 24.9478 24.9508 24.9650 24.9739 24.9893 24.9873 24.9735 24.9689 24.9501 24.9412 24.9398 24.9370 24.9318 24.9409 24.9717 24.9944 25.0280 25.0335 25.0745 25.0934 25.0521 25.0396 25.0195 24.9930 24.9860 24.9529 24.9468 24.9639 24.9620 24.9726 25.0353 25.0947 25.1452 25.1680 25.1645 25.1594 25.1440 25.1218 25.1358 25.1341 25.1514 25.1735 25.2161 25.2340 25.2282 25.1750 25.1860 25.1616 25.1728 25.1919 25.2523 25.3162 25.3394 25.3663 25.3892 25.4281 25.4575
25.7373 25.7373 25.2738 25.0614 24.9942 24.9850 24.9686 24.9671 24.9422 24.9459 24.9353 24.9161 24.9178 24.9319 24.9316 24.9353 24.9325 24.9264 24.9054 24.8848 24.8770 24.8797 24.8787 24.8814 24.9371 24.9523 24.9981 25.0121 25.0568 25.0714 25.0350 25.0288 25.0056 24.9839 24.9770 24.9447 24.9476 24.9638 24.9683 24.9975 25.0347 25.0825 25.1343 25.1733 25.1673 25.1864 25.1639 25.1423 25.1546 25.1599 25.1666 25.1832 25.2214 25.2419 25.2142 25.1868 25.1767 25.1679 25.1764 25.2132 25.2886 25.3332 25.3638 25.3752 25.4022 25.4274 25.4275
25.3522 25.3522 25.1763 25.0792 25.0049 24.9775 24.9542 24.9361 24.9152 24.9119 24.9160 24.9171 24.9182 24.9288 24.9181 24.9036 24.8989 24.8863 24.8590 24.8349 24.8169 24.8206 24.8316 24.8334 24.8898 24.9199 24.9633 24.9828 25.0463 25.0626 25.0367 25.0399 25.0166 25.0067 25.0123 25.0011 25.0101 25.0277 25.0224 25.0310 25.0520 25.0837 25.1248 25.1617 25.1634 25.1737 25.1717 25.1548 25.1649 25.1667 25.1668 25.1826 25.2109 25.2293 25.2360 25.2148 25.1878 25.1499 25.1599 25.2023 25.2962 25.3329 25.3551 25.3684 25.3794 25.4221 25.4171
25.1639 25.1639 25.1281 25.0720 25.0222 24.9969 24.9573 24.9413 24.9395 24.9539 24.9475 24.9353 24.9015 24.9054 24.8966 24.9003 24.8877 24.8920 24.8737 24.8626 24.8421 24.8349 24.8359 24.8245 24.8683 24.8910 24.9553 24.9790 25.0651 25.0886 25.0705 25.0714 25.0413 25.0227 25.0400 25.0307 25.0336 25.0495 25.0361 25.0447 25.0678 25.0961 25.1310 25.1809 25.1793 25.1734 25.1649 25.1466 25.1411 25.1548 25.1692 25.1822 25.2220 25.2483 25.2437 25.2293 25.1965 25.1609 25.1594 25.1968 25.2842 25.3205 25.3446 25.3618 25.4003 25.4191 25.4257
25.2124 25.2124 25.1492 25.0478 25.0198 24.9806 24.9446 24.9276 24.9193 24.9278 24.9353 24.9244 24.8955 24.9148 24.9126 24.9170 24.9132 24.9183 24.9147 24.9102 24.9534 24.9114 24.8734 24.8464 24.8760 24.8800 24.9250 24.9623 25.0677 25.0812 25.0696 25.0617 25.0385 25.0204 25.0349 25.0262 25.0320 25.0517 25.0505 25.0673 25.0890 25.1129 25.1461 25.1807 25.1939 25.1950 25.1662 25.1661 25.1683 25.1741 25.1735 25.2083 25.2550 25.2867 25.2961 25.2699 25.2359 25.1917 25.1802 25.2016 25.2660 25.3237 25.3264 25.3494 25.3944 25.4132 25.4229
25.3205 25.3205 25.1726 25.0553 25.0214 24.9939 24.9687 24.9533 24.9494 24.9444 24.9399 24.9233 24.8949 25.0118 25.3153 25.4969 25.9273 25.7570 25.4889 25.4627 25.2862 24.8985 24.8814 24.8835 24.8736 24.9075 24.9852 25.0223 25.0907 25.0806 25.0964 25.1051 25.0911 25.0605 25.0610 25.0603 25.0647 25.0673 25.0603 25.0652 25.0921 25.1244 25.1796 25.2182 25.2228 25.2109 25.1843 25.1700 25.1853 25.1883 25.1864 25.2013 25.2486 25.2876 25.3169 25.3091 25.2878 25.2325 25.2049 25.2283 25.2801 25.3272 25.3190 25.3391 25.3773 25.4034 25.4200
25.1485 25.1485 25.1148 25.1238 25.0597 25.0242 25.0122 25.0092 24.9850 24.9648 24.9544 24.9938 25.3016 26.6559 28.2877 30.2844 32.0285 29.8213 28.0563 25.9158 25.2657 24.9406 24.9235 24.9240 24.9169 24.9352 24.9774 25.0235 25.0970 25.1509 25.1902 25.2053 25.1714 25.1357 25.1277 25.1055 25.1084 25.1017 25.0902 25.0792 25.1039 25.1186 25.1823 25.2301 25.2353 25.2392 25.2033 25.1832 25.1924 25.2157 25.1999 25.1969 25.2430 25.2671 25.2966 25.3167 25.3086 25.2458 25.1941 25.2114 25.2551 25.2991 25.3076 25.3296 25.3606 25.4034 25.4389
25.0925 25.0925 25.0910 25.1284 25.0822 25.0351 25.0166 25.0066 24.9570 24.9449 24.9769 25.3976 25.8721 28.4612 31.4072 33.4036 33.6104 32.3228 31.5504 28.4521 25.8757 25.3264 25.0029 24.9608 24.9547 24.9478 24.9757 25.0403 25.1331 25.1755 25.2067 25.2294 25.1940 25.1557 25.1481 25.1302 25.1402 25.1280 25.1103 25.0909 25.1219 25.1463 25.2114 25.2601 25.2760 25.2793 25.2537 25.2400 25.2383 25.2310 25.2117 25.2022 25.2172 25.2351 25.2600 25.2781 25.2847 25.2439 25.1958 25.2033 25.2492 25.2787 25.2903 25.3036 25.3393 25.4097 25.4378
25.0842 25.0842 25.1081 25.1347 25.1297 25.0709 25.0283 25.0151 24.9786 24.9618 24.9726 25.3535 26.1433 29.1767 34.7206 36.4364 37.0058 37.2747 35.0225 31.5463 27.2426 25.5826 25.0837 25.0307 25.0168 24.9970 25.0105 25.0619 25.1517 25.1896 25.2095 25.2444 25.2097 25.1687 25.1632 25.1457 25.1479 25.1448 25.1403 25.1309 25.1574 25.1952 25.2506 25.2778 25.2804 25.2886 25.2920 25.2712 25.2582 25.2438 25.2415 25.2366 25.2560 25.2622 25.2678 25.2556 25.2518 25.2326 25.1889 25.1855 25.2349 25.2838 25.3010 25.3327 25.3805 25.4318 25.4739
25.1038 25.1038 25.1228 25.1209 25.1175 25.0722 25.0533 25.0262 25.0030 25.0511 25.1031 25.4222 26.3016 27.6150 31.8273 34.9047 34.9571 34.1742 32.8015 30.4277 26.8397 25.4950 25.0834 25.0309 25.0217 25.0162 25.0447 25.1027 25.1817 25.2233 25.2607 25.2844 25.2530 25.2048 25.1934 25.1708 25.1702 25.1535 25.1534 25.1692 25.1886 25.2303 25.2572 25.2741 25.2663 25.2894 25.3135 25.2850 25.2764 25.2612 25.2457 25.2521 25.2789 25.2658 25.2496 25.2425 25.2409 25.2137 25.1998 25.2284 25.2844 25.3262 25.3472 25.3750 25.3906 25.4467 25.5042
25.0778 25.0778 25.0944 25.1027 25.1196 25.0566 25.0255 25.0138 24.9928 24.9789 24.9887 25.1160 25.1892 25.4854 26.2519 26.9620 27.0151 26.3936 26.2389 25.9236 25.4220 25.2292 25.1254 25.0610 25.0455 25.0483 25.0684 25.1148 25.1698 25.2229 25.2710 25.2952 25.2913 25.2496 25.2449 25.2120 25.2096 25.2207 25.2143 25.2119 25.2316 25.2600 25.2629 25.2486 25.2319 25.2591 25.2766 25.2799 25.2763 25.2705 25.2690 25.2814 25.2907 25.2830 25.2780 25.2660 25.2660 25.2462 25.2312 25.2570 25.3024 25.3285 25.3360 25.3654 25.3975 25.4414 25.4816
25.0623 25.0623 25.0647 25.0971 25.0713 25.0282 25.0034 25.0058 24.9985 24.9765 24.9892 25.0613 25.1083 25.1873 25.2686 25.3355 25.2290 25.1787 25.1167 25.0771 25.1054 25.1473 25.1091 25.0593 25.0399 25.0518 25.0784 25.1141 25.1562 25.2138 25.2510 25.2709 25.2872 25.2649 25.2511 25.2346 25.2435 25.2523 25.2432 25.2409 25.2539 25.2892 25.2803 25.2770 25.2589 25.2820 25.3065 25.3250 25.3233 25.3155 25.2886 25.2956 25.2992 25.2929 25.3037 25.2958 25.2954 25.2743 25.2725 25.3026 25.3165 25.3063 25.3148 25.3421 25.3882 25.4229 25.4601
25.0613 25.0613 25.0819 25.0940 25.0557 25.0603 25.0142 25.0091 24.9968 24.9951 25.0153 25.0594 25.0900 25.1255 25.1785 25.1687 25.0918 25.0321 24.9738 24.9536 24.9747 25.0541 25.0985 25.0630 25.0503 25.0836 25.0957 25.1118 25.1486 25.2060 25.2583 25.2915 25.3257 25.3222 25.3057 25.2920 25.2941 25.2893 25.2655 25.2495 25.2724 25.3102 25.3017 25.2924 25.2809 25.3114 25.3197 25.3416 25.3515 25.3430 25.3314 25.3218 25.3071 25.3103 25.3186 25.3205 25.3323 25.3347 25.3295 25.3033 25.3184 25.3042 25.3201 25.3882 25.3770 25.3953 25.4051
25.0485 25.0485 25.0523 25.0668 25.0396 25.1216 25.0870 25.0609 25.0448 25.0719 25.0839 25.0862 25.0908 25.0960 25.1003 25.1056 25.0724 25.0429 25.0029 24.9721 24.9607 24.9942 25.0718 25.0950 25.0798 25.1218 25.1269 25.1546 25.1788 25.2284 25.2776 25.3158 25.3712 25.3657 25.3394 25.3103 25.2721 25.2663 25.2554 25.2531 25.2707 25.2780 25.2770 25.2887 25.2818 25.3092 25.3322 25.3576 25.3634 25.3699 25.3485 25.3390 25.3388 25.3349 25.3338 25.3404 25.3549 25.3648 25.3831 25.3635 25.3402 25.3276 25.3455 25.3471 25.3991 25.4063 25.4342
25.0340 25.0340 25.0277 25.0255 25.0286 25.0402 25.0433 25.0543 25.0505 25.0589 25.0637 25.0758 25.0953 25.0971 25.1240 25.1501 25.1492 25.1408 25.0933 25.0669 25.0427 25.0591 25.0853 25.1078 25.1329 25.1411 25.1368 25.1483 25.1709 25.1796 25.2677 25.3224 25.3615 25.3448 25.3399 25.3059 25.2861 25.2851 25.2762 25.2982 25.3096 25.2980 25.2758 25.2909 25.2970 25.3146 25.3612 25.3804 25.3836 25.4192 25.4141 25.4052 25.3821 25.3717 25.3729 25.3825 25.3938 25.3993 25.4079 25.3915 25.3703 25.3386 25.3531 25.3533 25.3833 25.3870 25.4102
25.0590 25.0590 25.0517 25.0599 25.0588 25.0675 25.0923 25.0839 25.0974 25.1090 25.1139 25.1017 25.1147 25.1204 25.1267 25.1453 25.1540 25.1494 25.1407 25.1162 25.0681 25.0514 25.0728 25.1415 25.1555 25.1560 25.1321 25.1893 25.2183 25.2393 25.2993 25.3451 25.3967 25.4101 25.3976 25.3447 25.3057 25.2934 25.3050 25.3388 25.3388 25.3154 25.3207 25.3219 25.3111 25.3511 25.3788 25.3906 25.3957 25.4233 25.4266 25.4292 25.4006 25.3707 25.3803 25.3963 25.4069 25.4171 25.4296 25.4256 25.4055 25.3898 25.3968 25.3893 25.4059 25.4221 25.4306
25.1327 25.1327 25.1393 25.1285 25.1292 25.1384 25.1429 25.1260 25.1405 25.1468 25.1243 25.1113 25.1110 25.1266 25.1378 25.1477 25.1610 25.1531 25.1454 25.1326 25.1105 25.0880 25.0725 25.1191 25.1639 25.1757 25.2327 25.2648 25.2671 25.2840 25.3537 25.4091 25.4307 25.4373 25.4440 25.4042 25.3887 25.3786 25.3651 25.3691 25.3573 25.3164 25.2825 25.2849 25.2724 25.3191 25.3689 25.4113 25.4175 25.4309 25.4420 25.4364 25.4003 25.3665 25.3799 25.4059 25.4151 25.4119 25.4247 25.4341 25.4149 25.4186 25.4407 25.4248 25.4382 25.4639 25.4654
25.1438 25.1438 25.1490 25.1679 25.1624 25.1374 25.1695 25.2013 25.2127 25.1983 25.1795 25.1862 25.1766 25.1872 25.1825 25.1770 25.2118 25.2311 25.1993 25.1759 25.1551 25.1519 25.1418 25.1253 25.1497 25.1652 25.2230 25.2619 25.2809 25.2891 25.3235 25.3632 25.4303 25.4281 25.4176 25.3765 25.3727 25.4017 25.4064 25.4113 25.3904 25.3515 25.3222 25.3200 25.3190 25.3703 25.4041 25.4341 25.4511 25.4498 25.4590 25.4391 25.4096 25.3721 25.3643 25.3885 25.4045 25.4015 25.4034 25.4055 25.4062 25.4163 25.4618 25.4620 25.4667 25.4725 25.4893
25.1636 25.1636 25.1263 25.2027 25.1932 25.1719 25.2040 25.2218 25.2020 25.1990 25.2071 25.2058 25.2084 25.2216 25.2275 25.2248 25.2360 25.2466 25.2534 25.2518 25.2225 25.2305 25.1972 25.1595 25.1616 25.1663 25.1948 25.2492 25.2788 25.2930 25.3136 25.3388 25.4055 25.4291 25.4430 25.4213 25.4317 25.4451 25.4410 25.4331 25.3920 25.3605 25.3331 25.3267 25.3340 25.3685 25.4018 25.4219 25.4418 25.4569 25.4793 25.4751 25.4475 25.3965 25.3752 25.3655 25.3800 25.3697 25.3857 25.3689 25.3864 25.4166 25.4597 25.4729 25.4833 25.5049 25.5120
