regresion/Composicion_(Lt_490).txt
ncols         167
nrows         127
xllcorner     -112.014
yllcorner     26.717
cellsize      0.00899
[rows 0 to 28 of 127, columns 0 to 66 of 167]
43.2616 43.2110 43.2110 43.1438 46.1460 46.1636 46.1811 46.5146 46.5598 46.5597 44.7662 44.7662 45.0166 43.5385 43.4150 43.3973 43.3656 45.3135 45.3311 45.3309 45.7147 44.4795 44.4795 45.8386 44.7546 44.7369 44.7990 44.7990 44.7140 44.7141 43.8694 43.8341 43.8341 43.8629 43.8629 43.8449 43.3485 43.2955 43.2955 43.1368 43.1331 43.1508 43.1472 43.0730 43.0410 43.0410 42.7592 42.7239 42.7275 42.7171 42.7169 42.7168 42.6605 42.6073 42.6286 42.6285 42.6248 42.6387 42.6351 42.6139 42.6171 42.6171 42.5290 42.5289 42.5324 42.5043 42.5217
43.3355 43.2849 43.2815 43.2283 46.2164 46.2340 46.2515 46.5252 46.5704 46.5526 44.7698 44.7698 45.0694 43.5737 43.4502 43.4396 43.4713 45.3839 45.3804 45.3803 45.7323 44.4971 44.4971 45.8702 44.7862 44.7685 44.8553 44.8553 44.7668 44.7493 43.9047 43.8765 43.8765 43.8946 43.8946 43.8766 43.3485 43.2955 43.2955 43.1509 43.1472 43.1508 43.1682 43.0940 43.0057 43.0057 42.7239 42.7449 42.7485 42.7488 42.7311 42.7309 42.6605 42.6073 42.6110 42.6285 42.6248 42.6563 42.6386 42.6174 42.5995 42.5995 42.5432 42.5289 42.5324 42.4656 42.4831
46.1365 45.9780 45.9745 45.9215 45.0556 45.0555 45.0730 44.3656 44.4812 44.4635 43.2247 43.2247 43.3832 44.2634 44.1574 44.1469 44.1786 44.6185 44.6150 44.7031 44.8613 44.8434 44.8434 44.6363 44.4697 44.4520 45.2473 45.2473 45.1235 45.1060 44.2961 44.2855 44.2855 43.6440 43.6440 43.6261 43.1335 43.0804 43.0804 43.0099 43.0062 43.0099 43.0097 42.8864 42.7982 42.7982 42.6571 42.6781 42.6641 42.6748 42.6570 42.6039 42.6040 42.5861 42.5898 42.6600 42.6563 42.6914 42.6737 42.5857 42.5150 42.5150 42.5079 42.4936 42.4620 42.3740 42.3738
46.1365 45.9780 45.9745 45.9215 45.0556 45.0555 45.0730 44.3656 44.4812 44.4635 43.2247 43.2247 43.3832 44.2634 44.1574 44.1469 44.1786 44.6185 44.6150 44.7031 44.8613 44.8434 44.8434 44.6363 44.4697 44.4520 45.2473 45.2473 45.1235 45.1060 44.2961 44.2855 44.2855 43.6440 43.6440 43.6261 43.1335 43.0804 43.0804 43.0099 43.0062 43.0099 43.0097 42.8864 42.7982 42.7982 42.6571 42.6781 42.6641 42.6748 42.6570 42.6039 42.6040 42.5861 42.5898 42.6600 42.6563 42.6914 42.6737 42.5857 42.5150 42.5150 42.5079 42.4936 42.4620 42.3740 42.3738
46.2069 45.9815 45.9816 45.9462 45.0978 45.1294 45.1434 44.4535 44.5552 44.5339 43.2175 43.2175 43.4324 44.3338 44.2278 44.2489 44.2138 44.6573 44.6397 44.7278 44.9530 44.9174 44.9174 44.6892 44.5402 44.5014 45.2578 45.2578 45.1552 45.1060 44.2961 44.2467 44.2467 43.6158 43.6158 43.5628 43.1722 43.1507 43.1507 43.0064 42.9887 42.9747 42.9887 42.8654 42.8475 42.8475 42.7312 42.7135 42.6996 42.7100 42.6957 42.6426 42.6426 42.6212 42.6565 42.7232 42.6703 42.6738 42.6174 42.5294 42.4940 42.4940 42.4445 42.4268 42.3952 42.4092 42.4125
44.7241 43.6590 43.6590 43.6060 43.8347 43.8486 43.8625 43.8023 43.8511 43.8298 45.1321 45.1321 45.3116 45.0028 44.8655 44.8866 44.8515 45.8057 45.7881 45.5762 45.7310 45.7837 45.7837 45.0363 44.9404 44.9015 43.8277 43.8277 43.8134 43.7641 43.3805 43.3311 43.3311 42.8101 42.8101 42.7570 43.0175 42.9607 42.9607 42.8443 42.8266 42.8127 42.8267 42.7387 42.6854 42.6854 42.7136 42.6959 42.6642 42.6958 42.6816 42.6461 42.6602 42.6565 42.6917 42.6492 42.5963 42.5822 42.5258 42.5258 42.5080 42.5080 42.4304 42.4127 42.4340 42.4480 42.4159
44.7593 43.6905 43.6906 43.6024 43.8171 43.7993 43.8308 43.7494 43.8159 43.8334 45.1357 45.1357 45.3292 45.0203 44.8831 44.8690 44.8338 45.7844 45.8021 45.6254 45.7310 45.7977 45.7977 45.0679 44.9403 44.9227 43.8840 43.8840 43.8310 43.7817 43.3981 43.3664 43.3664 42.8418 42.8418 42.7887 43.0175 42.9431 42.9431 42.7915 42.7914 42.7915 42.8265 42.7385 42.7030 42.7030 42.7488 42.7310 42.6993 42.6994 42.6817 42.6287 42.6778 42.6388 42.6389 42.5963 42.5963 42.5787 42.5609 42.5609 42.5255 42.5255 42.4833 42.4832 42.5045 42.4693 42.4337
44.7416 43.6729 43.6729 43.5846 43.7994 43.7816 43.8131 43.7317 43.7454 43.7629 44.9240 44.9240 44.9765 44.6676 44.8654 44.8513 44.8162 45.4844 45.5021 45.4843 45.5899 45.7448 45.7448 45.0150 44.9579 44.9402 43.9546 43.9546 43.8310 43.7817 43.4018 43.3701 43.3701 42.8065 42.8065 42.7710 42.9997 42.9784 42.9784 42.8092 42.8091 42.8091 42.8087 42.7207 42.7207 42.7207 42.7349 42.7172 42.6817 42.6818 42.6641 42.6463 42.6954 42.6564 42.6564 42.5963 42.5963 42.5963 42.5786 42.5786 42.5432 42.5432 42.4833 42.4832 42.4515 42.4163 42.4337
44.9328 45.3900 45.3900 45.3193 44.8520 44.8343 44.8659 45.5701 45.5837 45.6012 45.6186 45.6186 45.6711 45.2757 45.4735 45.4417 45.4594 44.4732 44.4909 44.4730 44.0934 44.2308 44.2308 44.1251 44.1032 44.0855 43.2050 43.2050 43.0991 43.0780 42.9370 42.8877 42.8877 42.7994 42.7994 42.7639 42.7357 42.7143 42.7143 42.7105 42.7105 42.7105 42.6749 42.7101 42.7100 42.7100 42.7454 42.7277 42.6923 42.6923 42.6746 42.6920 42.6462 42.6247 42.6248 42.6034 42.6033 42.6033 42.5645 42.5258 42.5080 42.5080 42.4939 42.4938 42.4620 42.4093 42.4267
44.8586 45.3334 45.3546 45.3192 44.8307 44.8093 44.8408 45.5697 45.5694 45.6045 45.6185 45.6185 45.6359 45.2404 45.2264 45.2299 45.2475 44.4202 44.4203 44.4024 44.0405 44.0366 44.0366 43.9133 43.9445 43.9092 43.1168 43.1168 43.0989 43.0778 42.9722 42.9229 42.9229 42.8523 42.8523 42.7991 42.7357 42.7143 42.7143 42.7281 42.7280 42.7457 42.6574 42.6926 42.7275 42.7275 42.7312 42.7453 42.7452 42.7451 42.7274 42.7272 42.6462 42.6249 42.6566 42.6033 42.6032 42.6031 42.5820 42.5432 42.5254 42.5254 42.5148 42.5112 42.4972 42.4621 42.4443
44.8586 45.3334 45.3546 45.3192 44.8307 44.8093 44.8408 45.5697 45.5694 45.6045 45.6185 45.6185 45.6359 45.2404 45.2264 45.2299 45.2475 44.4202 44.4203 44.4024 44.0405 44.0366 44.0366 43.9133 43.9445 43.9092 43.1168 43.1168 43.0989 43.0778 42.9722 42.9229 42.9229 42.8523 42.8523 42.7991 42.7357 42.7143 42.7143 42.7281 42.7280 42.7457 42.6574 42.6926 42.7275 42.7275 42.7312 42.7453 42.7452 42.7451 42.7274 42.7272 42.6462 42.6249 42.6566 42.6033 42.6032 42.6031 42.5820 42.5432 42.5254 42.5254 42.5148 42.5112 42.4972 42.4621 42.4443
46.2926 46.0282 46.0494 46.0104 45.8997 45.8605 45.9096 46.1771 46.1946 46.2297 45.4388 45.4388 45.4773 43.6853 43.6890 43.6888 43.7241 43.4948 43.4949 43.4946 43.2409 43.2685 43.2685 43.1629 43.1628 43.1274 43.0287 43.0287 43.0284 43.0285 42.9441 42.9124 42.9124 42.8592 42.8592 42.8237 42.7111 42.7602 42.7602 42.7563 42.7562 42.7739 42.7067 42.7454 42.7626 42.7626 42.7206 42.7347 42.7522 42.7663 42.7486 42.7307 42.6392 42.6355 42.6672 42.5962 42.5609 42.5609 42.5818 42.5678 42.5500 42.5500 42.5079 42.5044 42.4866 42.5149 42.4970
46.2784 46.0282 46.0318 45.9928 45.8997 45.8781 45.9272 46.1912 46.2086 46.1945 45.4036 45.4036 45.4773 43.6853 43.6890 43.6712 43.7065 43.5089 43.5301 43.5298 43.2585 43.2861 43.2861 43.1981 43.1979 43.1838 43.0639 43.0639 43.0637 43.0637 42.9793 42.9476 42.9476 42.8416 42.8416 42.8061 42.7287 42.7778 42.7778 42.7916 42.7915 42.7704 42.6891 42.7278 42.7802 42.7802 42.7346 42.7169 42.7344 42.7521 42.7486 42.7307 42.6569 42.6531 42.6708 42.6316 42.5963 42.6279 42.6171 42.6030 42.5500 42.5500 42.5219 42.5042 42.4865 42.5184 42.5323
46.2961 46.0106 46.0141 45.9928 45.8997 45.8781 45.9096 46.1735 46.1910 46.1768 45.4036 45.4036 45.4597 43.6676 43.6713 43.6712 43.7065 43.5089 43.5301 43.5474 43.2761 43.2861 43.2861 43.1981 43.1803 43.1662 43.0639 43.0639 43.0673 43.0673 42.9829 42.9299 42.9299 42.8592 42.8592 42.8061 42.7287 42.7778 42.7778 42.7915 42.7739 42.7527 42.7418 42.7805 42.7662 42.7662 42.7346 42.7169 42.7344 42.7697 42.7662 42.7483 42.6745 42.6531 42.6708 42.6316 42.6139 42.6455 42.5995 42.5854 42.5535 42.5535 42.5219 42.5042 42.4865 42.5360 42.5499
46.3101 46.0457 46.0458 45.9611 45.8821 45.8641 45.8956 46.1771 46.1945 46.1768 45.4211 45.4211 45.4068 43.6816 43.6853 43.6852 43.6712 43.5300 43.5653 43.5650 43.3501 43.3425 43.3425 43.2192 43.2189 43.2012 43.1660 43.1660 43.1341 43.0990 43.0144 42.9791 42.9791 42.9472 42.9472 42.8588 42.7498 42.8127 42.8127 42.8303 42.8127 42.8479 42.8264 42.8652 42.8508 42.8508 42.8192 42.7839 42.7661 42.7696 42.7519 42.7517 42.6955 42.6741 42.6917 42.6667 42.6491 42.6630 42.6101 42.5961 42.5499 42.5499 42.5360 42.5359 42.5357 42.5570 42.5569
47.6071 46.7576 46.7576 46.6729 46.1353 46.1174 46.1314 44.4801 44.5151 44.4973 43.5512 43.5512 43.5546 43.3083 43.3120 43.3118 43.2979 43.3188 43.3540 43.3186 43.2305 43.2052 43.2052 43.1347 43.1521 43.1344 43.1448 43.1448 43.0953 43.0602 42.9933 42.9755 42.9755 42.8943 42.8943 42.8236 42.7357 42.7986 42.7986 42.8162 42.8161 42.8514 42.7947 42.8088 42.7768 42.7768 42.8509 42.8155 42.7977 42.7027 42.6850 42.6496 42.6638 42.6600 42.6777 42.6491 42.6315 42.6454 42.6101 42.5749 42.5288 42.5288 42.5501 42.5500 42.5498 42.5253 42.5251
47.5835 46.7341 46.7341 46.6909 46.1533 46.1174 46.1314 44.4801 44.5150 44.4972 43.5335 43.5335 43.5761 43.3297 43.3119 43.3117 43.2978 43.3188 43.3540 43.3186 43.2305 43.2404 43.2404 43.1699 43.1698 43.1520 43.1448 43.1448 43.0776 43.0424 43.0109 42.9932 42.9932 42.9120 42.9120 42.8235 42.7356 42.7634 42.7634 42.8161 42.8160 42.8513 42.8124 42.8265 42.7944 42.7944 42.8508 42.8154 42.8154 42.7204 42.7027 42.6673 42.6814 42.6739 42.6915 42.6844 42.6667 42.6453 42.6100 42.5748 42.5288 42.5288 42.5501 42.5500 42.5674 42.5429 42.5251
47.5660 46.7165 46.7341 46.6873 46.1534 46.1315 46.1454 44.4765 44.5114 44.4937 43.5020 43.5020 43.5092 43.2804 43.2626 43.3329 43.2942 43.2976 43.2976 43.2622 43.2445 43.2544 43.2544 43.2052 43.2050 43.1697 43.1308 43.1308 43.0989 43.0989 43.0674 43.0496 43.0496 42.9613 42.9613 42.8728 42.7708 42.7986 42.7986 42.8161 42.8160 42.8337 42.8335 42.8475 42.7945 42.7945 42.8508 42.8366 42.8365 42.7486 42.7485 42.7131 42.6991 42.6915 42.7092 42.7056 42.6879 42.6525 42.6348 42.5996 42.5817 42.5817 42.5819 42.5501 42.5675 42.5182 42.4828
47.9824 46.7797 46.7973 46.7621 44.0160 43.9944 44.0259 43.4362 43.4183 43.4006 43.2798 43.2798 43.2340 43.2087 43.1908 43.2965 43.2578 43.2059 43.2060 43.2057 43.2057 43.1980 43.1980 43.1876 43.1874 43.1521 43.0990 43.0990 43.0848 43.0848 43.0357 43.0179 43.0179 42.9576 42.9576 42.9045 42.8025 42.7950 42.7950 42.7808 42.7807 42.7984 42.8510 42.9214 42.8331 42.8331 42.8155 42.8013 42.8012 42.7450 42.7449 42.7447 42.7307 42.6879 42.7056 42.6914 42.6913 42.6560 42.6383 42.6207 42.6380 42.6380 42.5818 42.5500 42.5322 42.4971 42.4968
47.9824 46.7797 46.7973 46.7621 44.0160 43.9944 44.0259 43.4362 43.4183 43.4006 43.2798 43.2798 43.2340 43.2087 43.1908 43.2965 43.2578 43.2059 43.2060 43.2057 43.2057 43.1980 43.1980 43.1876 43.1874 43.1521 43.0990 43.0990 43.0848 43.0848 43.0357 43.0179 43.0179 42.9576 42.9576 42.9045 42.8025 42.7950 42.7950 42.7808 42.7807 42.7984 42.8510 42.9214 42.8331 42.8331 42.8155 42.8013 42.8012 42.7450 42.7449 42.7447 42.7307 42.6879 42.7056 42.6914 42.6913 42.6560 42.6383 42.6207 42.6380 42.6380 42.5818 42.5500 42.5322 42.4971 42.4968
48.0332 46.8516 46.8482 46.7758 44.0120 44.0119 44.0434 43.4748 43.4570 43.4533 43.2974 43.2974 43.2516 43.2262 43.2438 43.2577 43.2190 43.2058 43.2235 43.1880 43.2056 43.2157 43.2157 43.1911 43.1908 43.1519 43.0990 43.0990 43.0885 43.0885 43.0708 43.0494 43.0494 43.0105 43.0105 42.9750 42.8870 42.8970 42.8970 42.8900 42.8899 42.8900 42.8333 42.9037 42.8367 42.8367 42.8508 42.8331 42.7977 42.7414 42.7095 42.6741 42.6918 42.6842 42.6879 42.6595 42.6595 42.6771 42.6559 42.6383 42.6416 42.6416 42.5642 42.5641 42.5463 42.5464 42.5145
46.6812 43.5861 43.5826 43.5454 43.4396 43.4394 43.4710 43.4030 43.3851 43.3815 43.2887 43.2887 43.2429 43.1744 43.1919 43.2058 43.1882 43.1953 43.2130 43.1775 43.1599 43.1700 43.1700 43.1312 43.1309 43.0919 43.0743 43.0743 43.0638 43.0850 43.0708 43.0494 43.0494 43.0000 43.0000 42.9645 42.9117 42.9216 42.9216 42.9182 42.9182 42.9182 42.8440 42.9319 42.8648 42.8648 42.8368 42.8191 42.7836 42.7660 42.7342 42.6988 42.6777 42.6701 42.6738 42.6350 42.6349 42.6525 42.6313 42.6137 42.6170 42.6170 42.5712 42.5711 42.5533 42.5886 42.5567
46.6988 43.5825 43.5967 43.5558 43.4712 43.4534 43.4710 43.4171 43.3992 43.3991 43.2922 43.2922 43.2781 43.2095 43.2271 43.1917 43.1741 43.1952 43.2093 43.2055 43.1563 43.1699 43.1699 43.1452 43.1273 43.1096 43.1131 43.1131 43.0814 43.1026 43.0884 43.0530 43.0530 43.0140 43.0140 42.9397 42.8905 42.9568 42.9568 42.9674 42.9497 42.9534 42.8827 42.9706 42.9000 42.9000 42.8579 42.8403 42.8048 42.8013 42.7836 42.7446 42.7093 42.7405 42.7406 42.6841 42.6841 42.6877 42.6876 42.6700 42.6699 42.6699 42.6240 42.6063 42.5885 42.6061 42.6059
46.7008 43.5845 43.5987 43.5381 43.4535 43.4293 43.4469 43.3930 43.4169 43.4168 43.2921 43.2921 43.2781 43.2095 43.2094 43.1740 43.1565 43.1952 43.2093 43.2055 43.1563 43.1698 43.1698 43.1451 43.1450 43.1272 43.1131 43.1131 43.1166 43.1378 43.0884 43.0530 43.0530 43.0140 43.0140 42.9044 42.8551 42.9568 42.9568 42.9497 42.9320 42.9357 42.8827 42.9706 42.8862 42.8862 42.8578 42.8402 42.8224 42.8189 42.8012 42.7446 42.7093 42.7405 42.7406 42.7018 42.7017 42.6876 42.6875 42.6699 42.6736 42.6736 42.6416 42.6239 42.5885 42.6061 42.5354
43.5423 43.5948 43.6089 43.4956 43.4852 43.4610 43.4785 43.3412 43.3475 43.3474 43.2451 43.2451 43.2310 43.1711 43.1710 43.1533 43.1709 43.1705 43.1846 43.1983 43.1563 43.1522 43.1522 43.1346 43.1520 43.1343 43.0850 43.0850 43.0708 43.1026 43.0813 43.0811 43.0811 43.0246 43.0246 42.9500 42.8726 42.9392 42.9392 43.0271 43.0095 43.0132 42.9072 42.9565 42.8720 42.8720 42.8508 42.8331 42.8154 42.7942 42.7765 42.7728 42.7305 42.7616 42.7617 42.7264 42.7615 42.7473 42.7086 42.6699 42.6560 42.6560 42.6523 42.6346 42.5991 42.6696 42.5989
43.4892 43.5594 43.5594 43.4815 43.4675 43.4815 43.4990 43.3653 43.3297 43.3648 43.2767 43.2767 43.2522 43.1923 43.1745 43.1531 43.1708 43.1529 43.1529 43.1982 43.1665 43.1662 43.1662 43.1170 43.1167 43.1343 43.0813 43.0813 43.1096 43.1413 43.1377 43.1340 43.1340 43.0809 43.0809 43.0417 42.9220 42.9709 42.9709 43.0976 43.0799 43.0800 42.9565 43.0057 42.9459 42.9459 42.9072 42.8859 42.8858 42.8507 42.8330 42.8115 42.7621 42.7934 42.7758 42.7262 42.7614 42.7437 42.7050 42.6662 42.6594 42.6594 42.6769 42.6558 42.6028 42.6343 42.5282
43.4892 43.5594 43.5594 43.4815 43.4675 43.4815 43.4990 43.3653 43.3297 43.3648 43.2767 43.2767 43.2522 43.1923 43.1745 43.1531 43.1708 43.1529 43.1529 43.1982 43.1665 43.1662 43.1662 43.1170 43.1167 43.1343 43.0813 43.0813 43.1096 43.1413 43.1377 43.1340 43.1340 43.0809 43.0809 43.0417 42.9220 42.9709 42.9709 43.0976 43.0799 43.0800 42.9565 43.0057 42.9459 42.9459 42.9072 42.8859 42.8858 42.8507 42.8330 42.8115 42.7621 42.7934 42.7758 42.7262 42.7614 42.7437 42.7050 42.6662 42.6594 42.6594 42.6769 42.6558 42.6028 42.6343 42.5282
43.4966 43.5667 43.5844 43.5555 43.3933 43.3755 43.3579 43.2876 43.2874 43.3225 43.2415 43.2415 43.2133 43.2134 43.2133 43.1955 43.1956 43.1424 43.1601 43.1523 43.0924 43.1098 43.1098 43.0746 43.0745 43.0920 43.1341 43.1341 43.1236 43.1061 43.1235 43.1058 43.1058 43.0880 43.0880 43.0452 42.9149 42.9851 42.9851 43.0729 43.0552 43.0553 42.9353 42.9916 42.9495 42.9495 42.9671 42.9459 42.9457 42.9246 42.9069 42.8855 42.7728 42.7688 42.7513 42.7545 42.7897 42.7896 42.7929 42.7789 42.7897 42.7897 42.7544 42.7332 42.6625 42.6555 42.7082
43.5001 43.5667 43.5844 43.5555 43.3933 43.3755 43.3579 43.3192 43.3189 43.3224 43.2414 43.2414 43.2133 43.2133 43.2132 43.1990 43.1991 43.1248 43.1425 43.1347 43.0924 43.1098 43.1098 43.0887 43.0885 43.1096 43.1517 43.1517 43.1236 43.1061 43.1235 43.1093 43.1093 43.0879 43.0879 43.0451 42.9149 42.9850 42.9850 43.0869 43.0692 43.0693 42.9528 43.0092 42.9847 42.9847 43.0023 42.9494 42.9492 42.9281 42.9245 42.9031 42.8080 42.8040 42.7865 42.7687 42.8038 42.8037 42.7929 42.7789 42.7896 42.7896 42.7543 42.7542 42.6835 42.6766 42.6906
