regresion/Composicion_(Band 12).txt
ncols         167
nrows         127
xllcorner     -112.017
yllcorner     26.724
cellsize      0.00900
[rows 58 to 86 of 127, columns 67 to 133 of 167]
25.5081 25.5151 25.5289 25.5328 25.5500 25.5875 25.6059 25.6167 25.6282 25.6579 25.6417 25.6254 25.6127 25.5956 25.5755 25.5250 25.4817 25.4662 25.4799 25.4657 25.4616 25.4579 25.4610 25.4687 25.4714 25.4534 25.4533 25.4364 25.4265 25.4268 25.4222 25.4505 25.4755 25.5195 25.4736 25.4465 25.4430 25.3978 25.3959 25.4367 25.4134 25.4073 25.4040 25.3812 25.3003 25.2930 25.2674 25.2587 25.2645 25.2651 25.2661 25.2687 25.2982 25.3031 25.2844 25.2464 25.2269 25.2160 25.2328 25.2810 25.3198 25.3367 25.3295 25.3433 25.3193 25.3186 25.2984
25.4993 25.5147 25.5274 25.5322 25.5472 25.5716 25.5635 25.5699 25.5930 25.6288 25.6473 25.6537 25.6205 25.5924 25.5735 25.5223 25.4853 25.4687 25.4932 25.4600 25.4454 25.4469 25.4515 25.4437 25.4350 25.4399 25.4596 25.4305 25.4143 25.4186 25.4238 25.4619 25.4986 25.5537 25.4834 25.4470 25.4362 25.3970 25.3802 25.3874 25.3889 25.4137 25.4074 25.3651 25.3056 25.3059 25.2997 25.3010 25.3042 25.2964 25.2830 25.3004 25.3230 25.3364 25.3208 25.3114 25.2825 25.2527 25.2448 25.2834 25.3079 25.3169 25.3141 25.3075 25.2802 25.2792 25.2663
25.4883 25.5047 25.5089 25.5225 25.5425 25.5531 25.5301 25.5268 25.5569 25.6076 25.6702 25.7017 25.6680 25.6313 25.6080 25.5564 25.5292 25.5083 25.5055 25.4865 25.4621 25.4675 25.4704 25.4875 25.4683 25.4836 25.4850 25.4639 25.4401 25.4529 25.4625 25.4550 25.5092 25.5599 25.5060 25.4596 25.4050 25.3726 25.3636 25.3450 25.3472 25.3742 25.3795 25.3559 25.3117 25.3010 25.2918 25.2993 25.3196 25.3111 25.2975 25.2923 25.3177 25.3518 25.3488 25.3423 25.3470 25.3346 25.3139 25.3021 25.3083 25.3074 25.3027 25.2996 25.2771 25.2652 25.2406
25.5179 25.5256 25.5430 25.5530 25.5598 25.5452 25.5249 25.5278 25.5476 25.6069 25.6371 25.6666 25.6303 25.5888 25.5732 25.5514 25.5460 25.5410 25.5244 25.5015 25.5015 25.5163 25.5058 25.5022 25.5161 25.5178 25.5060 25.4815 25.4625 25.4696 25.4756 25.5210 25.6000 25.5987 25.5216 25.4516 25.3929 25.3610 25.3381 25.3186 25.3282 25.3526 25.3429 25.3334 25.3226 25.3240 25.3216 25.3201 25.3163 25.3050 25.2949 25.2956 25.3107 25.3500 25.3579 25.3617 25.3789 25.3735 25.3758 25.3621 25.3686 25.3800 25.3843 25.3739 25.3363 25.3008 25.2721
25.5519 25.5484 25.5714 25.5586 25.5429 25.5191 25.4998 25.5141 25.5426 25.5540 25.5590 25.5957 25.6005 25.5965 25.5970 25.5904 25.5561 25.5280 25.5107 25.4990 25.5084 25.4946 25.4841 25.4884 25.4971 25.5028 25.4922 25.4935 25.4911 25.5197 25.5484 25.6047 25.6568 25.6203 25.5328 25.4515 25.3882 25.3624 25.3490 25.3255 25.2817 25.2751 25.2757 25.2840 25.2934 25.2967 25.3112 25.3251 25.3146 25.3102 25.2997 25.2856 25.3017 25.3546 25.3865 25.4107 25.4267 25.4170 25.3991 25.4067 25.4007 25.4142 25.4249 25.4172 25.3898 25.3367 25.2922
25.5831 25.5826 25.5734 25.5440 25.5364 25.5274 25.4968 25.4815 25.4713 25.4679 25.4703 25.5081 25.5639 25.5801 25.5820 25.5635 25.5350 25.5097 25.4991 25.4899 25.5096 25.4881 25.4635 25.4585 25.4471 25.4697 25.4530 25.4667 25.4837 25.5222 25.5511 25.6072 25.6379 25.5991 25.5326 25.4514 25.3926 25.3648 25.3293 25.3273 25.3044 25.2948 25.2754 25.2873 25.3015 25.3035 25.2952 25.2910 25.2911 25.2865 25.2918 25.2856 25.2991 25.3472 25.3699 25.3965 25.4215 25.4203 25.4266 25.4335 25.4128 25.4244 25.4183 25.4250 25.4158 25.3721 25.3145
25.5520 25.5382 25.5393 25.5329 25.5095 25.5006 25.4892 25.4849 25.4743 25.4953 25.4645 25.4825 25.5412 25.5682 25.5601 25.5334 25.5012 25.4618 25.4691 25.4812 25.4889 25.4680 25.4698 25.4447 25.4445 25.4588 25.4436 25.4516 25.4755 25.5538 25.5990 25.6358 25.6502 25.5979 25.5440 25.4883 25.4484 25.4110 25.3705 25.3536 25.3175 25.2876 25.2796 25.2616 25.2418 25.2610 25.2689 25.2506 25.2651 25.2806 25.2769 25.2670 25.2900 25.3422 25.3835 25.4054 25.4214 25.4118 25.4079 25.4111 25.4033 25.3928 25.3814 25.3787 25.3823 25.3843 25.3693
25.5243 25.5037 25.4762 25.4632 25.4660 25.4795 25.4797 25.4793 25.4692 25.4753 25.4853 25.5029 25.5547 25.5981 25.5890 25.5667 25.5283 25.4954 25.4648 25.4664 25.4695 25.4714 25.4788 25.4674 25.4591 25.4795 25.4685 25.4662 25.5202 25.6122 25.6286 25.6516 25.6620 25.5981 25.5463 25.4940 25.4366 25.3975 25.3664 25.3429 25.3145 25.2847 25.2676 25.2494 25.2247 25.2309 25.2348 25.2129 25.2266 25.2705 25.2779 25.2808 25.2791 25.3145 25.3607 25.3897 25.4020 25.4072 25.3935 25.3865 25.3887 25.4190 25.4198 25.3971 25.3976 25.4201 25.3819
25.4917 25.4456 25.4344 25.4215 25.4280 25.4466 25.4542 25.4572 25.4554 25.4530 25.4828 25.5107 25.5521 25.5938 25.6053 25.5840 25.5522 25.5128 25.4895 25.4845 25.4827 25.4945 25.4860 25.4924 25.4890 25.5040 25.5164 25.5112 25.5650 25.6440 25.6684 25.6573 25.6585 25.5976 25.5532 25.4979 25.4651 25.4182 25.3647 25.3405 25.2893 25.2644 25.2613 25.2537 25.2439 25.2354 25.2232 25.2267 25.2593 25.3004 25.2993 25.2880 25.2692 25.3004 25.3218 25.3702 25.3657 25.3715 25.3697 25.3374 25.3876 25.3910 25.3956 25.4110 25.4253 25.4320 25.4190
25.4309 25.4199 25.4359 25.4418 25.4472 25.4680 25.4881 25.4852 25.4806 25.4731 25.4829 25.5107 25.5264 25.5424 25.5454 25.5015 25.4724 25.4702 25.4699 25.4800 25.4826 25.4859 25.4586 25.4552 25.4738 25.4806 25.4895 25.5220 25.6045 25.6840 25.6920 25.6824 25.6787 25.6045 25.5522 25.5046 25.4776 25.4317 25.3667 25.3346 25.2835 25.2674 25.2673 25.2597 25.2412 25.2448 25.2299 25.2187 25.2405 25.2577 25.2964 25.3073 25.2877 25.2989 25.3408 25.3567 25.3671 25.3733 25.3754 25.3609 25.3694 25.3828 25.3879 25.3977 25.3942 25.4119 25.4095
25.4281 25.4304 25.4322 25.4565 25.4788 25.4956 25.5160 25.5265 25.5186 25.5128 25.5012 25.5116 25.5157 25.5254 25.5219 25.4970 25.4567 25.4654 25.4709 25.4609 25.4588 25.4613 25.4359 25.4309 25.4322 25.4449 25.4584 25.5089 25.6071 25.6839 25.6941 25.6882 25.6886 25.5896 25.5712 25.5353 25.4933 25.4749 25.4121 25.3801 25.3143 25.3112 25.3035 25.2732 25.2643 25.2720 25.2606 25.2649 25.2560 25.2689 25.2901 25.2944 25.2807 25.2896 25.3062 25.3251 25.3349 25.3348 25.3324 25.3290 25.3467 25.3543 25.3627 25.3719 25.3860 25.4054 25.4104
25.3865 25.4110 25.4254 25.4632 25.4931 25.5152 25.5304 25.5543 25.5394 25.5267 25.5170 25.5401 25.5508 25.5565 25.5390 25.5242 25.5201 25.5267 25.4767 25.4563 25.4456 25.4434 25.4389 25.4271 25.4245 25.4397 25.4689 25.5595 25.6358 25.7480 25.7516 25.7398 25.7409 25.6831 25.6171 25.5697 25.5321 25.4781 25.4225 25.4032 25.3572 25.3264 25.3097 25.2984 25.3069 25.3029 25.2977 25.3053 25.2941 25.2913 25.2883 25.2761 25.2738 25.2648 25.2897 25.3169 25.3239 25.3339 25.3197 25.3125 25.3235 25.3305 25.3461 25.3641 25.3738 25.3782 25.3933
25.3781 25.3955 25.4172 25.4476 25.4756 25.4933 25.5140 25.5489 25.5353 25.5271 25.5116 25.5574 25.6058 25.5900 25.5731 25.5667 25.5480 25.5339 25.4963 25.4474 25.4321 25.4260 25.4554 25.4575 25.4525 25.4603 25.4842 25.5763 25.6811 25.7144 25.7100 25.7132 25.7078 25.6692 25.6221 25.5757 25.5379 25.4997 25.4557 25.4571 25.4018 25.3725 25.3608 25.3391 25.3219 25.3318 25.3161 25.3159 25.2951 25.2856 25.2860 25.2824 25.2758 25.2846 25.2896 25.3400 25.3623 25.3693 25.3539 25.3350 25.3225 25.3172 25.3277 25.3490 25.3673 25.3635 25.3587
25.3670 25.3989 25.4193 25.4591 25.4906 25.4902 25.5191 25.5372 25.5459 25.5448 25.5253 25.5233 25.5745 25.5759 25.5636 25.5378 25.5269 25.5196 25.5057 25.4654 25.4480 25.4574 25.4785 25.4891 25.4819 25.5100 25.5417 25.6267 25.6852 25.7299 25.7428 25.7438 25.7322 25.6743 25.6336 25.6002 25.5608 25.5208 25.4795 25.4749 25.4236 25.3779 25.3652 25.3489 25.3140 25.3099 25.3095 25.3008 25.2947 25.2849 25.2699 25.2620 25.2602 25.2867 25.3125 25.3451 25.3643 25.3816 25.3768 25.3693 25.3627 25.3590 25.3556 25.3722 25.3821 25.4001 25.3930
25.4063 25.3951 25.4103 25.4456 25.4757 25.4947 25.5119 25.5169 25.5170 25.5249 25.5229 25.4974 25.5114 25.5256 25.5020 25.4935 25.4793 25.4662 25.4497 25.4170 25.3947 25.4116 25.4461 25.4705 25.4605 25.5144 25.5654 25.6847 25.7691 25.7857 25.7809 25.7665 25.7382 25.6825 25.6481 25.5945 25.5460 25.5157 25.4702 25.4654 25.4101 25.3749 25.3767 25.3573 25.3132 25.3062 25.2941 25.2937 25.2931 25.2800 25.2785 25.2897 25.2990 25.3290 25.3486 25.3765 25.3865 25.3983 25.3983 25.3924 25.3919 25.3804 25.3707 25.3893 25.3834 25.3883 25.4068
25.4150 25.4147 25.4249 25.4471 25.4756 25.4699 25.4756 25.4726 25.4705 25.4806 25.5081 25.4876 25.4740 25.4614 25.4625 25.4437 25.4350 25.4265 25.4017 25.3791 25.3673 25.3556 25.3919 25.4407 25.4730 25.5375 25.5778 25.6911 25.7630 25.7592 25.7472 25.7254 25.7069 25.6798 25.6510 25.6096 25.5533 25.5389 25.5214 25.5132 25.4668 25.4378 25.4085 25.3642 25.3325 25.3419 25.3171 25.3183 25.3181 25.3123 25.3291 25.3223 25.3353 25.3453 25.3601 25.3598 25.3704 25.3900 25.3922 25.3865 25.3840 25.3842 25.3785 25.4027 25.4035 25.3989 25.3959
25.4163 25.4055 25.4091 25.4226 25.4273 25.4565 25.4623 25.4804 25.4773 25.4664 25.4750 25.4528 25.4225 25.4156 25.4339 25.4598 25.4458 25.4129 25.3743 25.3489 25.3353 25.3400 25.3816 25.4274 25.4697 25.5282 25.5791 25.6706 25.7260 25.7210 25.7305 25.7134 25.6832 25.6779 25.6707 25.6275 25.5743 25.5560 25.5317 25.5235 25.4907 25.4513 25.4092 25.3674 25.3114 25.3308 25.3278 25.3170 25.3221 25.3310 25.3430 25.3510 25.3702 25.3953 25.3904 25.3771 25.3653 25.3786 25.3972 25.4158 25.3995 25.3991 25.3903 25.4091 25.4063 25.4033 25.3925
25.4072 25.3801 25.3900 25.4044 25.4066 25.4445 25.4491 25.4668 25.4853 25.5244 25.5101 25.5044 25.4634 25.4608 25.4656 25.4777 25.4465 25.4210 25.3733 25.3665 25.3612 25.3799 25.4303 25.4711 25.5279 25.5999 25.6372 25.7041 25.7406 25.7231 25.7374 25.7251 25.6943 25.6571 25.6493 25.6150 25.5765 25.5481 25.5154 25.4976 25.4627 25.4287 25.3911 25.3484 25.3130 25.3319 25.3235 25.3293 25.3221 25.2898 25.3158 25.3495 25.3937 25.4158 25.4211 25.4151 25.4103 25.4262 25.4537 25.4493 25.4504 25.4567 25.4376 25.4451 25.4465 25.4248 25.4133
25.3715 25.3788 25.3848 25.4101 25.4514 25.4760 25.5086 25.5073 25.5080 25.4899 25.4913 25.4992 25.5032 25.5040 25.4934 25.5239 25.4952 25.4774 25.4401 25.4369 25.4311 25.4555 25.5155 25.5411 25.5999 25.6487 25.6731 25.6916 25.7172 25.6993 25.7122 25.7029 25.6805 25.6475 25.6412 25.6015 25.5810 25.5523 25.5170 25.5026 25.4485 25.4061 25.3623 25.3116 25.3068 25.3239 25.3447 25.3357 25.3311 25.2837 25.2822 25.3127 25.3400 25.3628 25.3929 25.4212 25.4195 25.4301 25.4353 25.4719 25.4778 25.4813 25.4955 25.5096 25.5003 25.5006 25.4957
25.4012 25.4148 25.4373 25.4572 25.4716 25.5179 25.5275 25.5500 25.5394 25.5370 25.5243 25.5434 25.5489 25.5669 25.5657 25.5636 25.5407 25.5028 25.4635 25.4746 25.4798 25.5150 25.5630 25.5975 25.6389 25.6917 25.7164 25.7179 25.7188 25.7099 25.7031 25.6835 25.6668 25.6317 25.6311 25.6033 25.5722 25.5426 25.5044 25.4816 25.4364 25.3817 25.3278 25.2854 25.2901 25.2934 25.3032 25.3046 25.2985 25.2772 25.2743 25.2941 25.3515 25.3919 25.4193 25.4661 25.4736 25.4934 25.4816 25.4889 25.4847 25.4875 25.4942 25.5183 25.5191 25.5213 25.5188
25.4322 25.4580 25.4714 25.5009 25.5273 25.5777 25.5846 25.5629 25.5730 25.5887 25.5998 25.6086 25.6248 25.6179 25.6058 25.5765 25.5510 25.5281 25.5064 25.5190 25.5199 25.5529 25.5996 25.6309 25.6836 25.7277 25.7433 25.7422 25.7221 25.7057 25.6984 25.6600 25.6445 25.6175 25.6136 25.6141 25.5953 25.5516 25.5252 25.5140 25.4713 25.3859 25.3473 25.3171 25.2799 25.2894 25.2936 25.3157 25.3300 25.3087 25.2808 25.2804 25.3121 25.3546 25.3870 25.4342 25.4781 25.4966 25.5056 25.5079 25.4906 25.4877 25.4943 25.5116 25.5198 25.5250 25.5402
25.5094 25.5447 25.5513 25.6023 25.6252 25.6462 25.6267 25.6025 25.6000 25.6203 25.6279 25.6462 25.6493 25.6326 25.6207 25.5908 25.5544 25.5302 25.5341 25.5582 25.5645 25.5928 25.6175 25.6381 25.7153 25.7628 25.7719 25.7611 25.7507 25.7225 25.7169 25.6713 25.6520 25.6290 25.6190 25.6010 25.5646 25.5291 25.4894 25.4859 25.4601 25.4137 25.3779 25.3328 25.3017 25.3018 25.3033 25.3218 25.3114 25.2842 25.2700 25.2732 25.2906 25.3425 25.3820 25.4223 25.4391 25.4644 25.4756 25.4808 25.4942 25.4901 25.5063 25.5042 25.5077 25.5133 25.5225
25.5699 25.5796 25.5783 25.6048 25.6102 25.6239 25.6132 25.6069 25.6166 25.6424 25.6757 25.6820 25.6767 25.6645 25.6450 25.6170 25.5932 25.5988 25.6039 25.6406 25.6293 25.6292 25.6593 25.6907 25.7416 25.7899 25.7798 25.7746 25.7460 25.7163 25.6815 25.6542 25.6333 25.6031 25.5990 25.5954 25.5771 25.5320 25.5061 25.5034 25.4508 25.4214 25.3827 25.3299 25.2749 25.2814 25.2838 25.3169 25.3287 25.2994 25.2729 25.2922 25.3128 25.3372 25.3737 25.4112 25.4267 25.4319 25.4468 25.4637 25.4701 25.4856 25.4918 25.4974 25.4915 25.4925 25.5087
25.6296 25.6441 25.6409 25.6607 25.6355 25.6263 25.6281 25.6452 25.6747 25.6885 25.7084 25.7087 25.6966 25.6934 25.6772 25.6512 25.6479 25.6509 25.6618 25.6762 25.6784 25.6774 25.6828 25.7340 25.7872 25.8077 25.8006 25.7537 25.7154 25.7025 25.6895 25.6732 25.6623 25.6404 25.6143 25.5875 25.5518 25.5212 25.4931 25.4936 25.4687 25.4292 25.3846 25.3363 25.2744 25.2779 25.2825 25.3079 25.3102 25.3100 25.2894 25.3048 25.3165 25.3148 25.3440 25.3904 25.4100 25.4097 25.4374 25.4614 25.4791 25.4888 25.5139 25.5330 25.5241 25.5289 25.5385
25.6399 25.6594 25.6679 25.6793 25.6499 25.6552 25.6574 25.6722 25.6968 25.7200 25.7266 25.7078 25.6936 25.6763 25.6714 25.6555 25.6693 25.6710 25.6806 25.6896 25.6753 25.6898 25.7348 25.7673 25.8208 25.8334 25.8130 25.7916 25.7402 25.7285 25.7436 25.7431 25.7244 25.6847 25.6502 25.5878 25.5341 25.5033 25.4721 25.4783 25.4463 25.4214 25.3815 25.3425 25.2914 25.2851 25.3122 25.3094 25.3105 25.3050 25.3170 25.3225 25.3232 25.3245 25.3357 25.3726 25.3908 25.4085 25.4511 25.4807 25.5007 25.5132 25.5245 25.5486 25.5609 25.5463 25.5629
25.6180 25.6214 25.6382 25.6249 25.6205 25.6533 25.6799 25.6996 25.7189 25.7424 25.7478 25.7304 25.6840 25.6735 25.6719 25.6583 25.6918 25.6977 25.6855 25.6809 25.6677 25.6966 25.7132 25.7535 25.8064 25.8303 25.8112 25.7844 25.7605 25.7617 25.7699 25.7425 25.7269 25.6948 25.6683 25.6235 25.5786 25.5157 25.4960 25.4866 25.4538 25.4340 25.4115 25.3639 25.3376 25.3402 25.3410 25.3634 25.3508 25.3348 25.3161 25.3270 25.3426 25.3403 25.3264 25.3218 25.3392 25.3613 25.4013 25.4619 25.4877 25.4970 25.5058 25.5251 25.5444 25.5524 25.5626
25.5701 25.5492 25.5645 25.5705 25.6085 25.6652 25.6721 25.6972 25.7068 25.7130 25.7067 25.7132 25.6708 25.6906 25.6979 25.6807 25.6866 25.6826 25.6913 25.6975 25.6918 25.7438 25.7586 25.7669 25.7734 25.7986 25.7963 25.7691 25.7533 25.7490 25.7751 25.7570 25.7515 25.7413 25.7220 25.6730 25.6211 25.5731 25.5474 25.5376 25.4962 25.4703 25.4430 25.3967 25.3772 25.3664 25.3759 25.3800 25.3714 25.3610 25.3450 25.3539 25.3449 25.3229 25.3138 25.3243 25.3050 25.3288 25.3611 25.4182 25.4631 25.4767 25.4733 25.4773 25.4947 25.5166 25.5290
25.5138 25.4999 25.5185 25.5367 25.5760 25.6452 25.6584 25.6724 25.6805 25.6927 25.7592 25.7569 25.7328 25.7168 25.7112 25.7025 25.7005 25.7065 25.7232 25.7388 25.7347 25.7894 25.8003 25.8074 25.8005 25.8079 25.8072 25.7995 25.7763 25.7697 25.7823 25.7699 25.7665 25.7343 25.7152 25.6837 25.6264 25.5932 25.5664 25.5653 25.5290 25.4994 25.4708 25.4095 25.3685 25.3615 25.3507 25.3890 25.3768 25.3699 25.3642 25.3797 25.3581 25.3285 25.3211 25.3299 25.3085 25.3334 25.3619 25.3811 25.4083 25.4246 25.4511 25.4472 25.4420 25.4696 25.4883
25.5097 25.5242 25.5238 25.5167 25.5423 25.5799 25.6388 25.6900 25.6954 25.7294 25.7477 25.7431 25.7080 25.7219 25.7305 25.7532 25.7500 25.7775 25.7996 25.8441 25.8608 25.8688 25.8537 25.8490 25.8203 25.8150 25.8090 25.8171 25.8012 25.7957 25.7896 25.7723 25.7623 25.7234 25.6867 25.6567 25.6095 25.5746 25.5438 25.5456 25.5291 25.5057 25.4858 25.4356 25.3934 25.3855 25.3798 25.3939 25.3813 25.3744 25.3766 25.3808 25.3711 25.3589 25.3415 25.3447 25.3244 25.3373 25.3209 25.3607 25.3921 25.4192 25.4387 25.4624 25.4838 25.4885 25.5152
