regresion/Composicion_(Lt_555).txt
ncols         167
nrows         127
xllcorner     -112.014
yllcorner     26.717
cellsize      0.00899
[rows 0 to 28 of 127, columns 67 to 133 of 167]
23.9770 23.9629 23.9879 24.0146 24.0882 24.0849 24.0330 24.0830 23.9811 23.9810 23.9825 23.9967 23.9841 23.9982 23.9639 23.9638 23.9905 23.9655 23.9513 23.9514 23.9120 23.8588 23.8571 23.8570 23.9053 23.9053 23.9693 23.9710 23.9335 23.9459 24.0226 24.0383 24.0400 24.0149 23.9758 23.9757 23.9490 24.0960 24.1193 24.1067 24.0925 24.1050 24.1065 24.2740 24.2865 24.2864 24.2864 24.2881 24.3814 24.3688 24.4885 24.4885 24.5873 25.2595 25.2828 25.2697 28.3953 28.3828 34.8163 39.3743 39.9267 31.3708 31.3708 24.7011 25.0150 25.0109 25.0920
23.9629 23.9129 23.9378 23.9646 24.1023 24.0990 24.0471 24.0845 23.9718 23.9718 23.9592 23.9576 23.9716 23.9857 23.9999 23.9873 23.9998 23.9872 23.9747 23.9764 23.9480 23.8855 23.8837 23.8711 23.8961 23.8961 23.9085 23.9194 23.9460 23.9585 23.9710 23.9867 23.9992 23.9741 23.9756 23.9898 23.9615 23.9975 24.0209 24.0208 24.0834 24.0958 24.1441 24.3209 24.3224 24.3349 24.3349 24.3115 24.2882 24.2756 24.3774 24.3773 24.4761 24.6105 24.6338 24.6833 25.5945 25.5820 26.2452 30.0109 30.5632 26.0481 26.0481 24.4361 24.7500 24.7459 24.9475
23.9738 23.9237 23.9111 23.9378 23.9628 23.9752 23.9985 24.0109 23.9859 23.9859 23.9733 23.9450 23.9591 23.9607 24.0108 24.0107 24.0357 24.0231 24.0105 24.0123 23.9839 23.9496 23.9353 23.9227 23.8852 23.8852 23.8975 23.9069 23.9334 23.9351 23.9476 23.9350 23.9350 23.9349 23.9849 23.9991 23.9725 24.0242 24.0224 24.0348 24.0724 24.0849 24.1081 24.0815 24.0830 24.1456 24.1456 24.1096 24.1364 24.1364 24.2147 24.2021 24.2630 24.2990 24.3098 24.3472 24.4582 24.3581 24.8334 25.1087 25.1695 24.6206 24.6206 24.5014 24.5139 24.5138 24.8609
23.9738 23.9237 23.9111 23.9378 23.9628 23.9752 23.9985 24.0109 23.9859 23.9859 23.9733 23.9450 23.9591 23.9607 24.0108 24.0107 24.0357 24.0231 24.0105 24.0123 23.9839 23.9496 23.9353 23.9227 23.8852 23.8852 23.8975 23.9069 23.9334 23.9351 23.9476 23.9350 23.9350 23.9349 23.9849 23.9991 23.9725 24.0242 24.0224 24.0348 24.0724 24.0849 24.1081 24.0815 24.0830 24.1456 24.1456 24.1096 24.1364 24.1364 24.2147 24.2021 24.2630 24.2990 24.3098 24.3472 24.4582 24.3581 24.8334 25.1087 25.1695 24.6206 24.6206 24.5014 24.5139 24.5138 24.8609
23.9500 23.9484 23.9357 23.9483 23.9608 23.9607 23.9732 23.9965 23.9715 23.9590 23.9339 23.9355 23.9479 23.9495 23.9983 23.9622 23.9747 23.9856 23.9463 23.9588 23.9962 23.9996 23.9853 23.9586 23.9211 23.9211 23.9334 23.9101 23.9226 23.9100 23.9101 23.9116 23.9617 23.9616 24.0083 24.0225 24.0099 24.0742 24.0724 24.0958 24.1224 24.1224 24.1707 24.1582 24.1457 24.2082 24.2082 24.1863 24.1988 24.1988 24.2240 24.2114 24.1863 24.1989 24.2097 24.1831 24.2973 24.2848 24.2830 24.3096 24.3705 24.4080 24.4080 24.4113 24.4113 24.4113 24.5924
23.9265 23.9609 23.9482 23.9608 23.9732 23.9465 23.9465 23.9699 23.9448 23.9323 23.9072 23.9370 23.9495 23.9511 23.9873 23.9387 23.9512 23.9746 23.9462 23.9588 24.0086 24.0104 23.9962 23.9695 23.9695 23.9695 23.9694 23.9242 23.9367 23.9367 23.9367 23.9256 23.9757 23.9631 23.9457 23.9599 23.9473 24.0475 24.0708 24.0942 24.1224 24.1224 24.1832 24.1849 24.1723 24.2115 24.2115 24.1879 24.2004 24.2004 24.2223 24.2097 24.1846 24.1597 24.1831 24.1564 24.2472 24.2347 24.2204 24.2471 24.2470 24.2845 24.2845 24.3504 24.3504 24.3628 24.5031
23.9754 23.9862 23.9469 23.9594 23.9844 23.9343 23.9576 23.9951 23.9843 23.9467 23.9200 23.9373 23.9122 23.9139 23.9515 23.9388 23.9868 24.0103 23.9959 24.0084 24.0208 24.0101 23.9958 24.0207 24.0083 24.0082 23.9940 23.9239 23.9364 23.9743 23.9868 23.9991 23.9741 23.9615 23.9957 24.0332 24.0332 24.0850 24.1083 24.1082 24.1866 24.1990 24.1974 24.2116 24.2241 24.2365 24.2365 24.1988 24.1988 24.1988 24.2080 24.1954 24.1829 24.1597 24.1830 24.1830 24.2363 24.2237 24.2096 24.2488 24.2488 24.3220 24.3220 24.3738 24.3613 24.3737 24.4171
23.9503 23.9611 23.9344 23.9469 23.9952 23.9451 24.0328 24.0702 23.9842 23.9466 23.9200 23.9248 23.8997 23.8888 23.9264 23.9263 23.9743 23.9977 23.9834 23.9959 24.0191 24.0084 23.9833 24.0082 23.9832 23.9831 23.9940 23.9239 23.9364 23.9241 23.9366 23.9615 23.9365 23.9114 23.9456 23.9957 23.9956 24.0474 24.0582 24.0581 24.1365 24.1489 24.1598 24.1740 24.1865 24.1863 24.1863 24.1613 24.1613 24.1486 24.1579 24.1703 24.1578 24.1346 24.1454 24.1453 24.2237 24.2112 24.2096 24.2488 24.2504 24.3237 24.3237 24.3612 24.3487 24.3612 24.4046
23.9471 23.9518 23.9125 23.9251 23.9859 23.9233 24.0110 24.0484 23.9717 23.9967 23.9700 23.9466 23.9216 23.9106 23.9482 23.9481 23.9461 23.9852 23.9991 24.0117 24.0223 24.0116 23.9865 24.0114 23.9957 24.0207 24.0316 24.0208 24.0332 24.0210 24.0335 24.0209 23.9834 23.9582 23.8862 23.9363 23.9487 24.0006 24.0114 23.9988 24.0707 24.0831 24.0940 24.1207 24.1332 24.1205 24.1205 24.1363 24.0987 24.0861 24.0611 24.0735 24.0735 24.0378 24.0486 24.0485 24.0955 24.1079 24.1063 24.0829 24.1096 24.1829 24.1829 24.3112 24.3112 24.3236 24.3618
23.9613 23.9895 23.9501 23.9860 23.9733 23.9107 23.8731 23.8980 23.9199 23.9449 23.9198 23.9357 23.9216 23.9231 23.9857 24.0107 23.9714 23.9980 24.0354 24.0354 24.0226 24.0477 24.0602 24.0726 24.0336 24.0586 24.0709 24.1102 24.0961 24.1103 24.1228 24.0727 23.9830 23.9829 23.9219 23.9327 23.9592 24.0469 24.0468 24.0342 24.0828 24.0953 24.1202 24.1470 24.1453 24.1219 24.1219 24.1376 24.0987 24.0986 24.0595 24.0469 24.0468 24.0235 24.0343 24.0343 24.0954 24.1079 24.1454 24.1220 24.1487 24.1471 24.1471 24.2486 24.2486 24.2736 24.3166
23.9613 23.9895 23.9501 23.9860 23.9733 23.9107 23.8731 23.8980 23.9199 23.9449 23.9198 23.9357 23.9216 23.9231 23.9857 24.0107 23.9714 23.9980 24.0354 24.0354 24.0226 24.0477 24.0602 24.0726 24.0336 24.0586 24.0709 24.1102 24.0961 24.1103 24.1228 24.0727 23.9830 23.9829 23.9219 23.9327 23.9592 24.0469 24.0468 24.0342 24.0828 24.0953 24.1202 24.1470 24.1453 24.1219 24.1219 24.1376 24.0987 24.0986 24.0595 24.0469 24.0468 24.0235 24.0343 24.0343 24.0954 24.1079 24.1454 24.1220 24.1487 24.1471 24.1471 24.2486 24.2486 24.2736 24.3166
23.9862 23.9738 23.9470 23.9829 23.9576 23.9325 23.9199 23.9324 23.9607 23.9356 23.9105 23.9389 23.9248 23.9013 23.9357 23.9606 23.8963 23.9088 23.9321 23.9322 23.9068 23.9319 23.9319 23.9193 23.8992 23.9759 23.9883 24.0634 24.0493 24.0760 24.1370 24.1227 24.0706 24.0705 24.0188 24.0295 24.0060 24.0719 24.0719 24.0593 24.0360 24.0359 24.0860 24.0752 24.0735 24.0501 24.0501 24.0093 23.9829 23.9954 24.0938 24.0795 24.0795 24.0469 24.0468 24.0592 24.0610 24.0735 24.0985 24.1002 24.1644 24.1628 24.1628 24.2204 24.1953 24.2578 24.3190
24.0113 23.9863 23.9595 23.9828 23.9810 23.9559 23.9309 23.9199 23.9606 23.9356 23.9230 24.0265 24.0514 24.0280 24.0749 24.0732 24.0232 24.0356 24.0590 24.0448 24.0304 24.0180 24.0179 23.9943 23.9726 24.0493 24.0491 24.1010 24.0759 24.0650 24.1260 24.1352 24.1227 24.1226 24.0334 24.0800 24.0423 24.0707 24.0706 24.0596 24.0721 24.0721 24.0738 24.0630 24.0629 24.0270 24.0270 24.0347 23.9971 24.0096 24.1060 24.0917 24.0917 24.0699 24.0699 24.0714 24.0732 24.0856 24.0856 24.0873 24.1515 24.1515 24.1515 24.2329 24.2078 24.2704 24.3182
23.9362 23.9112 23.9345 23.9578 23.9560 23.8934 23.8684 23.8323 23.8731 23.8872 23.8746 23.9639 23.9889 23.9655 24.0249 24.0231 24.0232 24.0356 24.0840 24.0698 24.0304 24.0179 24.0179 23.9943 23.9726 23.9992 23.9991 24.0009 23.9758 23.9650 24.0885 24.0977 24.0976 24.0976 24.0334 24.0800 24.0548 24.0832 24.0831 24.0721 24.0846 24.0738 24.0755 24.0755 24.0754 24.0270 24.0270 24.0347 24.0347 24.0472 24.1060 24.0917 24.0917 24.0699 24.0699 24.0714 24.0732 24.0998 24.0998 24.0873 24.1515 24.1390 24.1390 24.2204 24.1828 24.2454 24.3307
23.9644 23.9378 23.9861 23.9737 23.9577 23.8951 23.9060 23.8808 23.9825 23.9966 23.9856 23.9498 23.9622 23.9621 23.9889 23.9763 23.9888 24.0388 24.0981 24.0982 24.0587 24.0555 24.0429 24.0303 23.9319 23.9585 23.9366 23.9242 23.9116 23.9133 24.0400 24.0383 24.0383 24.0382 24.0224 24.0207 23.9831 24.0566 24.0440 24.0189 24.0940 24.0831 24.1347 24.1363 24.1488 24.0770 24.0770 24.0254 24.0254 24.0128 24.0328 24.0186 24.0186 23.9936 23.9935 24.0060 23.9810 24.0077 24.0985 24.0876 24.1143 24.1268 24.1268 24.2128 24.1752 24.1877 24.3711
23.9410 23.9644 23.9502 23.9377 23.9218 23.8951 23.9060 23.9184 23.9934 23.9575 23.9465 23.9482 23.9606 23.9605 24.0030 23.9904 24.0279 24.0780 24.0622 24.0623 24.0603 24.0680 24.0554 24.0678 23.9803 23.9569 23.9350 23.8992 23.8866 23.8882 23.9273 23.9273 23.9523 23.9522 24.0240 24.0223 23.9847 24.1175 24.1049 24.0798 24.1424 24.1190 24.1706 24.1614 24.1738 24.1271 24.1271 24.1020 24.0770 24.0644 24.0720 24.0578 24.0327 24.0420 24.0420 24.0669 24.0545 24.0686 24.1595 24.1235 24.1143 24.1018 24.1018 24.1769 24.1769 24.1893 24.3962
23.9786 24.0020 23.9752 23.9628 23.9594 23.9327 23.9184 23.9308 24.0185 23.9825 23.9715 23.9482 23.9606 23.9480 23.9905 23.9904 24.0279 24.0654 24.0496 24.0497 24.0729 24.0805 24.0679 24.0803 24.0053 23.9819 23.9601 23.9242 23.9117 23.9133 23.9524 23.9523 23.9774 23.9647 24.0365 24.0473 24.0098 24.1425 24.1299 24.1048 24.1549 24.1315 24.1831 24.1738 24.1863 24.1396 24.1396 24.1020 24.0770 24.0644 24.0720 24.0577 24.0327 24.0420 24.0545 24.0794 24.0544 24.0686 24.1469 24.1110 24.1017 24.0892 24.0892 24.1393 24.1393 24.1768 24.3836
23.9645 24.0020 23.9752 23.9627 23.9359 23.9093 23.9968 24.0092 23.9950 23.9591 23.9590 23.9716 23.9732 23.9605 24.0497 24.0371 24.0889 24.0388 24.0371 24.0497 24.0713 24.1089 24.0963 24.1087 24.0319 24.0085 24.0101 23.9977 23.9867 23.9258 23.9383 23.9382 23.9883 23.9757 24.0256 24.0114 23.9597 24.0816 24.0690 24.0564 24.0564 24.0331 24.1081 24.1081 24.1096 24.1380 24.1380 24.1129 24.0879 24.0753 24.0753 24.0610 24.0360 24.0311 24.0436 24.0435 24.0185 24.0326 24.1202 24.0936 24.0843 24.0876 24.0876 24.1295 24.1295 24.1670 24.3297
24.0254 24.0379 24.0345 24.0220 24.0094 23.9985 24.0860 24.1110 24.0967 24.0608 24.0608 24.0592 24.0607 24.0481 24.1357 24.0980 24.1248 24.0873 24.0855 24.0981 24.0947 24.1230 24.1229 24.1228 24.0210 24.0102 24.0117 24.0461 24.0351 23.9867 23.9617 23.9240 23.9115 23.9115 24.0006 23.9863 23.9722 24.0832 24.0706 24.0330 24.0831 24.0722 24.1113 24.1081 24.1096 24.1614 24.1614 24.1363 24.1364 24.1113 24.0753 24.0610 24.0485 24.0327 24.0202 23.9826 24.0060 24.0326 24.1093 24.1077 24.1327 24.1486 24.1486 24.1904 24.1654 24.1778 24.2937
24.0254 24.0379 24.0345 24.0220 24.0094 23.9985 24.0860 24.1110 24.0967 24.0608 24.0608 24.0592 24.0607 24.0481 24.1357 24.0980 24.1248 24.0873 24.0855 24.0981 24.0947 24.1230 24.1229 24.1228 24.0210 24.0102 24.0117 24.0461 24.0351 23.9867 23.9617 23.9240 23.9115 23.9115 24.0006 23.9863 23.9722 24.0832 24.0706 24.0330 24.0831 24.0722 24.1113 24.1081 24.1096 24.1614 24.1614 24.1363 24.1364 24.1113 24.0753 24.0610 24.0485 24.0327 24.0202 23.9826 24.0060 24.0326 24.1093 24.1077 24.1327 24.1486 24.1486 24.1904 24.1654 24.1778 24.2937
24.0613 24.0613 24.0327 24.1221 24.0985 24.1126 24.1501 24.1860 24.2360 24.2001 24.1876 24.2219 24.2218 24.1591 24.3217 24.3232 24.2983 24.2215 24.2089 24.2090 24.2338 24.2246 24.2120 24.1853 24.1210 24.1227 24.1493 24.1461 24.1085 24.0835 24.0585 24.0349 23.9491 23.9239 23.9755 23.9989 24.0488 24.1115 24.0989 24.0848 24.0706 24.0472 24.0613 24.0581 24.0956 24.1456 24.1456 24.0845 24.0988 24.0862 24.0503 24.0360 24.0235 24.0611 24.0610 24.0469 24.0686 24.0577 24.0842 24.1077 24.1327 24.2077 24.2077 24.1653 24.1386 24.1261 24.2234
24.0645 24.0738 24.0453 24.1346 24.1094 24.1219 24.1594 24.1953 24.2579 24.2220 24.2094 24.2251 24.2250 24.1623 24.3250 24.3265 24.3015 24.2231 24.2339 24.2340 24.2588 24.2089 24.1963 24.1697 24.1070 24.1086 24.1352 24.1118 24.0743 24.0492 24.0492 24.0131 23.9273 23.9021 23.9598 23.9832 24.0331 24.0457 24.0332 24.0191 24.0330 24.0096 24.0238 24.0113 24.0488 24.0987 24.0987 24.0752 24.0895 24.0769 24.0721 24.0579 24.0453 24.0579 24.0578 24.0437 24.0702 24.0593 24.0859 24.0984 24.0984 24.1735 24.1735 24.1403 24.1136 24.1011 24.1535
24.1738 24.1721 24.1953 24.2346 24.2345 24.2219 24.3221 24.3595 24.3720 24.3361 24.3220 24.3377 24.3251 24.2624 24.3375 24.3499 24.3607 24.2823 24.2572 24.2465 24.2213 24.1964 24.1838 24.1712 24.1353 24.1369 24.1370 24.0868 24.0868 24.0867 24.0867 24.0491 23.9974 23.9723 23.9581 23.9707 23.9831 23.9958 23.9832 23.9831 24.0363 24.0129 23.9862 23.9988 24.0112 24.0237 24.0237 24.0361 24.0470 24.0344 24.0345 24.0203 24.0077 24.0454 24.0453 24.0202 24.0610 24.0752 24.1485 24.1360 24.1360 24.1860 24.1860 24.2902 24.2636 24.2510 24.1821
24.0610 24.0594 24.1452 24.1844 24.2094 24.1969 24.2844 24.3219 24.3344 24.2986 24.2844 24.3001 24.2875 24.2624 24.3375 24.3499 24.3607 24.3073 24.2822 24.2715 24.2088 24.1839 24.1838 24.1712 24.1478 24.1495 24.1370 24.0868 24.0868 24.0867 24.0867 24.0616 24.0100 23.9957 23.9815 23.9582 23.9706 23.9832 23.9831 23.9831 24.0363 24.0129 23.9737 23.9862 23.9987 24.0111 24.0111 24.0236 24.0344 24.0202 24.0203 24.0327 24.0202 24.0579 24.0453 24.0202 24.0610 24.0751 24.1610 24.1485 24.1234 24.1734 24.1734 24.2777 24.2510 24.2509 24.1820
24.1454 24.1251 24.1984 24.2377 24.2627 24.2501 24.3377 24.3626 24.3970 24.3611 24.3470 24.3844 24.3719 24.3467 24.3593 24.3717 24.3325 24.3198 24.3104 24.2997 24.2495 24.2621 24.2620 24.2620 24.2337 24.1854 24.1729 24.0711 24.0711 24.0710 24.0976 24.0741 24.0475 24.0332 23.9722 23.9488 23.9237 23.9489 23.9488 23.9237 23.9581 23.9472 23.9080 23.9330 23.9455 23.9329 23.9329 23.9860 24.0095 23.9952 24.0361 24.0485 24.0485 24.1095 24.0969 24.0844 24.1203 24.0719 24.1578 24.1453 24.1452 24.1827 24.1827 24.2560 24.2418 24.2417 24.1717
24.1327 24.1359 24.1843 24.3220 24.3861 24.3736 24.3752 24.4127 24.4237 24.3879 24.3628 24.4253 24.3987 24.3986 24.4469 24.4468 24.4200 24.3823 24.3589 24.3214 24.3228 24.2621 24.2620 24.2369 24.1712 24.1228 24.1118 24.0243 23.9977 24.0460 24.0727 24.0366 24.0349 24.0332 23.9581 23.9956 23.9721 23.9864 23.9864 23.9738 23.9706 23.9597 23.9864 24.0114 23.9848 24.0080 24.0080 24.0487 24.0845 24.0703 24.1079 24.0953 24.0952 24.0469 24.0469 24.0468 24.0953 24.0469 24.0717 24.0592 24.0717 24.1702 24.1702 24.2736 24.2594 24.2577 24.2820
24.1327 24.1359 24.1843 24.3220 24.3861 24.3736 24.3752 24.4127 24.4237 24.3879 24.3628 24.4253 24.3987 24.3986 24.4469 24.4468 24.4200 24.3823 24.3589 24.3214 24.3228 24.2621 24.2620 24.2369 24.1712 24.1228 24.1118 24.0243 23.9977 24.0460 24.0727 24.0366 24.0349 24.0332 23.9581 23.9956 23.9721 23.9864 23.9864 23.9738 23.9706 23.9597 23.9864 24.0114 23.9848 24.0080 24.0080 24.0487 24.0845 24.0703 24.1079 24.0953 24.0952 24.0469 24.0469 24.0468 24.0953 24.0469 24.0717 24.0592 24.0717 24.1702 24.1702 24.2736 24.2594 24.2577 24.2820
24.2956 24.3081 24.2562 24.4064 24.4830 24.4955 24.4704 24.5078 24.5395 24.5287 24.5036 24.4661 24.4395 24.4268 24.4487 24.4736 24.4701 24.4433 24.4307 24.4308 24.4196 24.4088 24.4213 24.3837 24.2886 24.2153 24.2277 24.1777 24.1511 24.0884 24.0743 24.0476 24.0568 24.0174 23.9173 23.9298 23.8938 23.9831 23.9830 23.9705 24.0238 24.0129 24.0021 24.0146 23.9880 23.9862 23.9862 23.9955 24.0189 24.0046 24.0922 24.0796 24.1046 24.0361 23.9985 23.9984 24.0110 24.0001 24.0392 24.0142 24.0501 24.1719 24.1719 24.2203 24.2436 24.2419 24.3152
24.2956 24.3206 24.2687 24.4188 24.5314 24.5439 24.5188 24.4953 24.5270 24.5162 24.5036 24.4661 24.4535 24.4409 24.4627 24.4486 24.4450 24.4183 24.4057 24.4057 24.4055 24.3948 24.4072 24.3962 24.3011 24.2278 24.2402 24.1902 24.1526 24.0900 24.0759 24.0351 24.0443 24.0049 23.9298 23.9423 23.8922 23.9815 23.9815 23.9704 24.0238 24.0129 23.9895 24.0021 23.9895 23.9877 23.9877 24.0330 24.0564 24.0421 24.0546 24.0421 24.0670 24.0345 23.9969 23.9859 23.9984 23.9876 24.0392 24.0142 24.0501 24.1484 24.1484 24.2203 24.2436 24.2419 24.3152
