regresion/Composicion_(Lt_555).txt
ncols         167
nrows         127
xllcorner     -112.014
yllcorner     26.717
cellsize      0.00899
[rows 29 to 57 of 127, columns 0 to 66 of 167]
24.6705 24.8313 24.8314 24.8137 24.6243 24.6367 24.6741 24.6100 24.5723 24.5489 24.5897 24.5897 24.5675 24.5551 24.5550 24.5315 24.5315 24.4922 24.4797 24.4886 24.4353 24.4978 24.4978 24.4836 24.5336 24.5602 24.5384 24.5384 24.4915 24.4665 24.3788 24.3929 24.3929 24.3661 24.3661 24.4005 24.3472 24.3346 24.3346 24.3454 24.3578 24.3829 24.3859 24.4251 24.3925 24.3925 24.2923 24.2547 24.2546 24.2280 24.2264 24.2746 24.2464 24.3071 24.3196 24.2820 24.2694 24.2318 24.1724 24.1615 24.1289 24.1289 24.1915 24.1789 24.1287 24.2131 24.2240
24.5412 24.7163 24.7183 24.7293 24.5258 24.5257 24.5632 24.5757 24.5756 24.6006 24.5988 24.5988 24.5537 24.5537 24.5537 24.5285 24.5052 24.4925 24.4942 24.4906 24.4247 24.4496 24.4496 24.4480 24.4853 24.4978 24.4978 24.4978 24.4773 24.4773 24.3771 24.3662 24.3662 24.3553 24.3553 24.4017 24.3985 24.3859 24.3859 24.3216 24.3340 24.3591 24.4074 24.4465 24.4264 24.4264 24.3404 24.2902 24.2902 24.2527 24.2526 24.2995 24.2854 24.3854 24.3837 24.3070 24.2945 24.3571 24.2945 24.2836 24.3512 24.3512 24.6661 24.6786 24.3151 24.3651 24.2755
24.4145 24.4536 24.4555 24.4791 24.4649 24.4648 24.4523 24.5273 24.5522 24.5772 24.5988 24.5988 24.5520 24.5520 24.5519 24.5519 24.5286 24.4800 24.4816 24.4656 24.4138 24.4137 24.4137 24.3996 24.4495 24.4619 24.4353 24.4353 24.4256 24.4256 24.3880 24.3771 24.3771 24.3427 24.3427 24.3892 24.3751 24.3750 24.3750 24.3341 24.3465 24.3716 24.4216 24.4466 24.4373 24.4373 24.3387 24.2886 24.2885 24.2418 24.2417 24.2636 24.2620 24.3745 24.3729 24.2945 24.2694 24.3320 24.2962 24.3087 24.3872 24.3872 24.6895 24.7020 24.3384 24.3917 24.3022
24.4144 24.4535 24.4555 24.4662 24.4520 24.4394 24.4269 24.5019 24.5393 24.5643 24.6002 24.6002 24.5767 24.5767 24.5766 24.5765 24.5532 24.4922 24.4938 24.4530 24.4013 24.4012 24.4012 24.3870 24.4495 24.4619 24.4120 24.4120 24.4385 24.4385 24.3884 24.3774 24.3774 24.3305 24.3305 24.3896 24.3754 24.3753 24.3753 24.3469 24.3594 24.3844 24.4344 24.4594 24.4372 24.4372 24.3387 24.2886 24.2885 24.2418 24.2417 24.2757 24.2741 24.3616 24.3600 24.2690 24.2440 24.2440 24.2081 24.2206 24.3993 24.3993 25.4409 25.4534 24.7015 24.7548 24.3021
24.4398 24.4413 24.4426 24.4533 24.4408 24.4282 24.4282 24.5266 24.5390 24.5139 24.5748 24.5748 24.5497 24.5497 24.5496 24.5387 24.5154 24.4793 24.4813 24.4405 24.3780 24.3903 24.3903 24.3636 24.4011 24.4010 24.4370 24.4370 24.4243 24.4243 24.3741 24.3507 24.3507 24.3305 24.3305 24.3771 24.3645 24.3644 24.3644 24.2985 24.3234 24.3594 24.4094 24.4344 24.4231 24.4231 24.3480 24.3120 24.3119 24.2668 24.2417 24.3132 24.3258 24.3382 24.3507 24.2707 24.2582 24.2565 24.2081 24.2206 24.4603 24.4603 25.5127 25.5143 24.7623 24.8173 24.3647
24.3917 24.4275 24.4288 24.4504 24.4628 24.4377 24.4376 24.5002 24.5001 24.4750 24.5656 24.5656 24.5780 24.5781 24.5655 24.5546 24.5154 24.4760 24.4780 24.4744 24.4119 24.3992 24.3992 24.3633 24.3757 24.3756 24.4149 24.4149 24.4022 24.4147 24.3395 24.3160 24.3160 24.3269 24.3269 24.3863 24.3613 24.3486 24.3486 24.2876 24.3126 24.3485 24.4020 24.4395 24.4643 24.4643 24.3750 24.3390 24.3389 24.3390 24.3139 24.3604 24.3604 24.3729 24.3854 24.3369 24.3243 24.2725 24.1866 24.1741 24.3006 24.3006 24.3474 24.3489 24.3489 24.4132 24.3862
24.4042 24.4400 24.4525 24.4741 24.4866 24.4505 24.4505 24.5005 24.5004 24.4753 24.5426 24.5426 24.5658 24.5659 24.5533 24.5549 24.5157 24.4764 24.4764 24.4728 24.4240 24.4114 24.4114 24.3755 24.3879 24.3878 24.4412 24.4412 24.3893 24.4019 24.3266 24.3282 24.3282 24.3249 24.3249 24.3843 24.3488 24.3361 24.3361 24.3002 24.3251 24.3377 24.3911 24.4286 24.4643 24.4643 24.3750 24.3390 24.3389 24.3624 24.3373 24.3838 24.3479 24.3603 24.3729 24.3244 24.3118 24.2367 24.1508 24.1383 24.3256 24.3256 24.4225 24.4240 24.4239 24.4382 24.4112
24.4004 24.4253 24.4379 24.4361 24.4611 24.4502 24.4626 24.4768 24.4517 24.4624 24.5303 24.5303 24.5285 24.5286 24.5285 24.5159 24.4768 24.4265 24.4265 24.4857 24.4744 24.4743 24.4743 24.4151 24.4024 24.3882 24.4538 24.4538 24.3893 24.4019 24.3516 24.3391 24.3391 24.2998 24.2998 24.3589 24.3484 24.3608 24.3608 24.3515 24.3765 24.3890 24.4658 24.5033 24.4515 24.4515 24.3495 24.3495 24.3494 24.3854 24.3243 24.3712 24.3354 24.3477 24.3603 24.3384 24.3009 24.2400 24.1900 24.1775 24.3009 24.3009 24.3852 24.3851 24.3600 24.3993 24.3990
24.3646 24.3911 24.4037 24.4520 24.5020 24.4910 24.5035 24.5252 24.5000 24.5108 24.5270 24.5270 24.5252 24.4910 24.4910 24.4784 24.4284 24.3923 24.3923 24.4514 24.4652 24.4651 24.4651 24.4368 24.4241 24.4099 24.4880 24.4880 24.4236 24.4252 24.3767 24.3641 24.3641 24.3031 24.3031 24.3621 24.3625 24.3749 24.3749 24.3483 24.3733 24.3858 24.4625 24.5000 24.4482 24.4482 24.3386 24.3386 24.3385 24.3761 24.3151 24.3620 24.3479 24.3602 24.3728 24.3477 24.3101 24.2492 24.2243 24.2118 24.3352 24.3352 24.4134 24.4134 24.3882 24.4150 24.4147
24.3521 24.3895 24.3895 24.4378 24.4769 24.4894 24.4893 24.5001 24.5000 24.5124 24.5036 24.5036 24.5143 24.4801 24.4801 24.4533 24.4033 24.4015 24.4140 24.4623 24.4765 24.4513 24.4513 24.4121 24.4119 24.3993 24.4900 24.4900 24.4506 24.4522 24.4037 24.3519 24.3519 24.3017 24.3017 24.3483 24.3358 24.3607 24.3607 24.3730 24.4104 24.4230 24.4513 24.4889 24.4745 24.4745 24.3759 24.3508 24.3507 24.3758 24.3632 24.4101 24.3834 24.3833 24.3853 24.3477 24.2976 24.2618 24.3009 24.2884 24.4245 24.4245 24.4259 24.4258 24.4007 24.5133 24.4739
24.3771 24.4145 24.4145 24.4127 24.4518 24.4768 24.4768 24.4876 24.4874 24.4998 24.4781 24.4781 24.4763 24.4422 24.4421 24.4153 24.3653 24.3618 24.3743 24.3742 24.3884 24.3632 24.3632 24.3240 24.3364 24.3238 24.4276 24.4276 24.4132 24.4149 24.3915 24.3397 24.3397 24.3396 24.3396 24.3486 24.3362 24.3611 24.3611 24.3733 24.4107 24.4233 24.4513 24.4889 24.4996 24.4996 24.3759 24.3508 24.3382 24.3632 24.3507 24.4472 24.4206 24.4080 24.4100 24.3599 24.3098 24.2614 24.3006 24.2881 24.4116 24.4116 24.4004 24.4004 24.4129 24.5255 24.4613
24.3872 24.3959 24.3960 24.3833 24.4001 24.4251 24.4251 24.4284 24.4282 24.4407 24.4690 24.4690 24.4547 24.4014 24.4012 24.3995 24.3870 24.3710 24.3835 24.4085 24.4009 24.3757 24.3757 24.3773 24.3772 24.3646 24.4059 24.4059 24.4541 24.4024 24.4007 24.3865 24.3865 24.3722 24.3722 24.3954 24.3628 24.3752 24.3752 24.3765 24.4015 24.4140 24.4921 24.5155 24.5138 24.5138 24.3601 24.3350 24.3225 24.3708 24.3582 24.4315 24.4114 24.4237 24.4258 24.3756 24.3381 24.2897 24.2397 24.2381 24.3991 24.3991 24.3973 24.3972 24.4097 24.5206 24.4564
24.4003 24.4116 24.4103 24.4102 24.4211 24.3960 24.3959 24.4271 24.4269 24.4394 24.4694 24.4694 24.4942 24.4409 24.4533 24.4265 24.4141 24.3600 24.3835 24.3958 24.3866 24.3865 24.3865 24.4258 24.4256 24.4256 24.4305 24.4305 24.4929 24.4413 24.4396 24.4003 24.4003 24.3451 24.3451 24.3700 24.3608 24.3982 24.3982 24.4140 24.4390 24.4265 24.5053 24.5287 24.5034 24.5034 24.3874 24.3482 24.3732 24.3965 24.3965 24.5324 24.4981 24.4854 24.5119 24.4007 24.3631 24.3269 24.2769 24.2753 24.3878 24.3878 24.4361 24.3969 24.3968 24.4827 24.4432
24.4003 24.4116 24.4103 24.4102 24.4211 24.3960 24.3959 24.4271 24.4269 24.4394 24.4694 24.4694 24.4942 24.4409 24.4533 24.4265 24.4141 24.3600 24.3835 24.3958 24.3866 24.3865 24.3865 24.4258 24.4256 24.4256 24.4305 24.4305 24.4929 24.4413 24.4396 24.4003 24.4003 24.3451 24.3451 24.3700 24.3608 24.3982 24.3982 24.4140 24.4390 24.4265 24.5053 24.5287 24.5034 24.5034 24.3874 24.3482 24.3732 24.3965 24.3965 24.5324 24.4981 24.4854 24.5119 24.4007 24.3631 24.3269 24.2769 24.2753 24.3878 24.3878 24.4361 24.3969 24.3968 24.4827 24.4432
24.5135 24.5059 24.4756 24.4344 24.4452 24.4320 24.4325 24.4149 24.3975 24.4100 24.4333 24.4333 26.0469 27.4309 29.7269 31.9803 33.5484 29.2424 28.2402 27.4381 24.4228 24.4353 24.4353 24.4245 24.3867 24.3867 24.4058 24.4058 24.4933 24.4683 24.4916 24.4273 24.4273 24.3843 24.3843 24.3842 24.4092 24.4216 24.4216 24.4233 24.4357 24.4249 24.4924 24.5158 24.5031 24.5031 24.3904 24.3512 24.3368 24.3710 24.3709 24.4084 24.3709 24.4083 24.4083 24.3848 24.3473 24.3510 24.3042 24.3026 24.3525 24.3525 24.4902 24.4510 24.4240 24.4566 24.4439
24.4886 24.5217 24.4914 24.4502 24.4776 24.4644 24.4649 24.3906 24.3732 24.3827 24.3785 24.3785 26.1079 31.3699 33.6659 39.1794 40.7475 31.4061 30.4039 29.6018 24.4430 24.4554 24.4554 24.4219 24.3841 24.3814 24.4183 24.4183 24.5183 24.4933 24.4807 24.4306 24.4306 24.3968 24.3968 24.3967 24.4076 24.4200 24.4200 24.4200 24.4325 24.4216 24.5033 24.5424 24.5548 24.5548 24.4796 24.4546 24.4402 24.4102 24.3709 24.4084 24.3943 24.4317 24.4317 24.3566 24.3190 24.3227 24.2650 24.2541 24.3040 24.3040 24.4542 24.4667 24.4397 24.4706 24.4439
24.4844 24.5081 24.4778 24.4526 24.4800 24.4988 24.4988 24.4244 24.4010 24.4105 24.4310 24.4310 25.7677 31.0298 31.7568 39.4579 41.0260 38.4787 37.4766 29.9734 24.8146 24.4743 24.4743 24.4408 24.3920 24.3892 24.3886 24.3886 24.5491 24.5241 24.4700 24.4323 24.4323 24.3846 24.3846 24.3970 24.4079 24.4078 24.4078 24.4077 24.4327 24.4219 24.4661 24.5052 24.5676 24.5676 24.4799 24.4548 24.4777 24.4603 24.4210 24.4334 24.4193 24.4317 24.4317 24.3440 24.3315 24.3349 24.3022 24.2913 24.2912 24.2912 24.4162 24.4287 24.4269 24.5078 24.4810
24.5231 24.5468 24.5218 24.4966 24.5240 24.4973 24.4973 24.4528 24.4294 24.4389 24.4993 24.4993 26.6565 31.9185 32.6455 42.2737 43.8418 41.2946 41.1069 33.6037 24.6348 24.2945 24.2945 24.4242 24.3754 24.3727 24.3696 24.3696 24.5488 24.5238 24.4697 24.4570 24.4570 24.3985 24.3985 24.4108 24.3954 24.3953 24.3953 24.3952 24.4202 24.4453 24.4895 24.5286 24.5676 24.5676 24.4924 24.4673 24.4902 24.4620 24.4227 24.4351 24.4067 24.4191 24.4442 24.3566 24.3440 24.3207 24.2880 24.2771 24.3663 24.3663 24.4287 24.4412 24.4394 24.5346 24.5078
24.5021 24.5144 24.4894 24.4409 24.4518 24.4251 24.4125 24.4501 24.4283 24.4283 24.5625 24.5625 25.8547 25.9423 26.6693 29.6474 30.2873 32.6536 32.4660 29.9974 25.1464 24.1180 24.1180 24.4199 24.3301 24.3262 24.3554 24.3554 24.5100 24.4806 24.4555 24.4528 24.4528 24.3966 24.3966 24.4032 24.3861 24.3860 24.3860 24.3843 24.3968 24.4219 24.4736 24.4986 24.5143 24.5143 24.5267 24.5141 24.5370 24.4510 24.4259 24.4258 24.3850 24.4224 24.4475 24.3941 24.3566 24.3332 24.2848 24.2973 24.4006 24.4006 24.4130 24.4130 24.4112 24.5003 24.4877
24.4892 24.5015 24.4765 24.4156 24.4264 24.4264 24.4138 24.4375 24.4412 24.4411 24.4753 24.4753 24.7022 24.7897 24.8272 25.0415 25.6814 25.5537 25.5412 25.4034 24.3625 24.3124 24.3124 24.4619 24.4009 24.3971 24.4330 24.4330 24.5499 24.5205 24.5120 24.4864 24.4864 24.3742 24.3742 24.3856 24.4358 24.4592 24.4592 24.4108 24.4233 24.4108 24.4608 24.4858 24.4747 24.4747 24.5013 24.4888 24.5120 24.4635 24.4384 24.4383 24.3992 24.4116 24.4228 24.4070 24.3694 24.3961 24.3478 24.3603 24.4009 24.4009 24.4760 24.4760 24.4738 24.5254 24.5002
24.5017 24.5140 24.4890 24.4280 24.4405 24.4405 24.4405 24.4250 24.4286 24.4411 24.4753 24.4753 24.5002 24.5877 24.6252 24.6785 25.3183 25.2909 25.2785 25.2782 24.4134 24.4133 24.4133 24.4187 24.4095 24.4094 24.4293 24.4293 24.4792 24.4498 24.4412 24.5076 24.5076 24.4084 24.4084 24.4131 24.4499 24.4733 24.4733 24.4233 24.4374 24.4250 24.4233 24.4483 24.4605 24.4605 24.4997 24.4888 24.5120 24.4510 24.4509 24.4634 24.4384 24.4257 24.4369 24.4069 24.4086 24.4354 24.3727 24.3852 24.4118 24.4118 24.4744 24.4384 24.4362 24.4753 24.4501
24.4536 24.4752 24.4502 24.4126 24.4500 24.4375 24.4374 24.4378 24.4283 24.4407 24.4407 24.4407 24.4656 24.4515 24.4747 24.5279 24.4888 24.4619 24.4494 24.4743 24.4367 24.3990 24.3990 24.4241 24.4402 24.4402 24.4151 24.4151 24.4650 24.4400 24.4257 24.4921 24.4921 24.4166 24.4166 24.4165 24.4574 24.4572 24.4572 24.4371 24.4512 24.4387 24.4386 24.4386 24.4885 24.4885 24.4760 24.4651 24.4761 24.5103 24.5103 24.5102 24.4477 24.4600 24.4712 24.3994 24.4011 24.4511 24.4010 24.4010 24.4401 24.4401 24.4869 24.4509 24.4491 24.4724 24.4473
24.4273 24.4489 24.4377 24.4001 24.4376 24.4249 24.4249 24.4266 24.4171 24.4295 24.4529 24.4529 24.4652 24.4511 24.4744 24.5010 24.4618 24.4350 24.4241 24.4489 24.4239 24.3862 24.3862 24.4254 24.4416 24.4415 24.4151 24.4151 24.4525 24.4275 24.4132 24.4774 24.4774 24.4360 24.4360 24.4359 24.4484 24.4483 24.4483 24.4516 24.4657 24.4766 24.4764 24.4764 24.5013 24.5013 24.4889 24.4780 24.4890 24.4981 24.4981 24.4980 24.4480 24.4604 24.4709 24.3991 24.4008 24.4383 24.3882 24.3882 24.5006 24.5006 24.4866 24.4506 24.4487 24.4971 24.4720
24.4131 24.4364 24.4252 24.4126 24.4500 24.4375 24.4499 24.4407 24.4441 24.4799 24.4907 24.4907 24.4781 24.4640 24.4621 24.4871 24.4479 24.4602 24.4493 24.4368 24.4118 24.3990 24.3990 24.4023 24.3677 24.3785 24.3897 24.3897 24.3894 24.3644 24.3861 24.4736 24.4736 24.4735 24.4735 24.4483 24.4734 24.4858 24.4858 24.4911 24.4802 24.4911 24.4767 24.4767 24.4891 24.4891 24.5017 24.5141 24.5370 24.5587 24.5603 24.5226 24.4601 24.4725 24.4831 24.4505 24.4521 24.4771 24.4503 24.4503 24.5628 24.5628 24.5487 24.5362 24.5222 24.5205 24.4469
24.4023 24.4147 24.4035 24.4284 24.4659 24.4533 24.4658 24.4249 24.4283 24.4641 24.5624 24.5624 24.5498 24.4656 24.4638 24.4887 24.5013 24.5136 24.5027 24.4901 24.4635 24.4508 24.4508 24.3991 24.3644 24.3752 24.3989 24.3989 24.3986 24.3753 24.4127 24.5002 24.5002 24.4893 24.4893 24.4641 24.4875 24.5000 24.5000 24.4628 24.4519 24.4628 24.4360 24.4235 24.4358 24.4358 24.5033 24.5157 24.5386 24.5745 24.5761 24.5384 24.4601 24.4725 24.4831 24.4347 24.4364 24.4614 24.4471 24.4596 24.5721 24.5721 24.5895 24.5769 24.5630 24.5613 24.4877
24.3891 24.4139 24.4015 24.4390 24.4764 24.4429 24.4554 24.4395 24.4536 24.4894 24.5895 24.5895 24.5752 24.4910 24.5016 24.5015 24.5141 24.5014 24.5139 24.5013 24.4884 24.4883 24.4883 24.3991 24.3898 24.4006 24.3504 24.3504 24.4112 24.3879 24.4002 24.4377 24.4377 24.4892 24.4892 24.4891 24.4750 24.5000 24.5000 24.4496 24.4387 24.4499 24.3981 24.3856 24.4480 24.4480 24.4995 24.5120 24.5244 24.5745 24.5761 24.5634 24.4851 24.4600 24.4976 24.4495 24.4637 24.4870 24.4728 24.4853 24.5727 24.5727 24.6010 24.5884 24.5862 24.6239 24.5502
24.4016 24.4248 24.4123 24.4498 24.4764 24.4429 24.4554 24.4270 24.4410 24.4660 24.5661 24.5661 24.5752 24.4910 24.5016 24.4890 24.5016 24.4872 24.4997 24.4871 24.4884 24.4883 24.4883 24.3866 24.3773 24.3898 24.3395 24.3395 24.4112 24.3878 24.4002 24.4251 24.4251 24.4875 24.4875 24.4875 24.5126 24.5375 24.5375 24.4621 24.4513 24.4625 24.4248 24.4123 24.4480 24.4480 24.4995 24.5370 24.5495 24.5995 24.5869 24.5742 24.4851 24.4600 24.4976 24.4495 24.4637 24.4870 24.4995 24.5120 24.5727 24.5727 24.6009 24.5759 24.5737 24.6114 24.5736
24.3610 24.3984 24.3860 24.4501 24.4768 24.4788 24.4788 24.4287 24.4177 24.4427 24.4927 24.4927 24.5015 24.5015 24.5121 24.4870 24.5121 24.5102 24.5227 24.4976 24.4512 24.4511 24.4511 24.4010 24.3668 24.3792 24.3290 24.3290 24.4382 24.3990 24.4113 24.4097 24.4097 24.5221 24.5221 24.5220 24.5126 24.5375 24.5375 24.5013 24.4904 24.4654 24.4153 24.4028 24.4243 24.4243 24.4850 24.5225 24.5350 24.6209 24.6083 24.6457 24.5490 24.4988 24.4988 24.4633 24.4775 24.4524 24.4633 24.4758 24.5852 24.5852 24.6102 24.5851 24.5829 24.6080 24.5703
24.4470 24.4969 24.4844 24.5235 24.4751 24.5018 24.5018 24.4300 24.4065 24.4190 24.4423 24.4423 24.5028 24.5262 24.5118 24.4725 24.4976 24.5208 24.5333 24.4580 24.4383 24.4654 24.4654 24.4295 24.4060 24.4185 24.3916 24.3916 24.4774 24.4382 24.4364 24.4455 24.4455 24.5580 24.5580 24.5454 24.4875 24.4999 24.4999 24.5283 24.5174 24.4924 24.4547 24.4406 24.4513 24.4513 24.5105 24.5213 24.5212 24.6071 24.5945 24.6319 24.5868 24.5491 24.5492 24.4896 24.5038 24.5038 24.5021 24.5255 24.5990 24.5990 24.6081 24.5814 24.5687 24.6079 24.5953
