regresion/FEBRERO_2003/SeaWiFS/3_Bandas/Composicion (Lt_490).txt
ncols         167
nrows         127
xllcorner     -112.008
yllcorner     26.723
cellsize      0.00893
[rows 58 to 86 of 127, columns 0 to 66 of 167]
46.8788 46.8788 46.5011 46.4656 47.6019 47.5207 47.3719 47.5815 47.5815 46.2465 46.2463 46.7738 46.7738 46.8088 46.2107 46.2030 45.2611 45.2611 45.2961 50.5947 50.5947 45.9917 45.9917 45.9285 46.4354 46.4354 47.1444 47.1442 55.3002 55.4486 55.4486 49.7779 49.8481 46.9125 46.9473 46.9473 46.4038 46.3955 46.2541 46.4020 46.3313 46.3313 46.2957 46.2687 46.2687 46.2695 46.2695 46.1560 46.1613 46.1613 46.4776 46.4776 46.3638 46.1443 46.1443 45.9049 45.9049 46.0100 45.9746 45.9746 46.0602 46.0248 46.0597 46.0519 46.0519 45.9811 45.9458
46.6591 46.6591 46.4031 46.1916 47.3278 47.2220 47.1790 47.5389 47.5389 46.0982 46.0351 46.6330 46.6330 46.7385 46.2028 46.2026 45.3742 45.3742 45.4016 50.6298 50.6298 46.0698 46.0698 46.0696 46.3222 46.3222 47.0388 47.2146 55.3705 55.4406 55.4406 49.8126 50.0667 47.1311 47.1583 47.1583 46.6149 46.4738 46.3325 46.2889 46.2182 46.2182 46.3661 46.3391 46.3391 46.4023 46.4023 46.3395 46.3448 46.3448 46.2311 46.2311 46.0549 45.9409 45.9409 45.9325 45.9325 46.0024 45.9393 45.9393 45.9818 45.9112 45.9461 46.0240 46.0240 45.9884 45.9808
46.6591 46.6591 46.4031 46.1916 47.3278 47.2220 47.1790 47.5389 47.5389 46.0982 46.0351 46.6330 46.6330 46.7385 46.2028 46.2026 45.3742 45.3742 45.4016 50.6298 50.6298 46.0698 46.0698 46.0696 46.3222 46.3222 47.0388 47.2146 55.3705 55.4406 55.4406 49.8126 50.0667 47.1311 47.1583 47.1583 46.6149 46.4738 46.3325 46.2889 46.2182 46.2182 46.3661 46.3391 46.3391 46.4023 46.4023 46.3395 46.3448 46.3448 46.2311 46.2311 46.0549 45.9409 45.9409 45.9325 45.9325 46.0024 45.9393 45.9393 45.9818 45.9112 45.9461 46.0240 46.0240 45.9884 45.9808
46.4211 46.4211 46.4169 46.1349 48.0137 47.9079 47.8724 46.0897 46.0897 45.9102 45.8471 46.0980 46.0980 46.2034 46.2345 46.2342 46.1569 46.1569 46.1844 53.4695 53.4695 54.1976 54.1976 54.1974 46.2000 46.2000 46.3221 46.3219 49.2350 49.3754 49.3754 60.0507 60.3400 46.4931 46.5908 46.5908 47.3639 47.1523 46.3072 46.3693 46.2696 46.2696 46.3822 46.3018 46.3018 46.4347 46.4347 46.3719 46.4146 46.4146 46.3016 46.3016 46.0901 45.9761 45.9761 46.0108 46.0108 46.0727 46.0096 46.0096 45.9463 45.8757 45.9108 45.8480 45.8480 45.8474 45.8398
46.3859 46.3859 46.3541 46.0721 47.9508 47.9079 47.8724 46.1248 46.1248 45.9453 45.8747 46.1256 46.1256 46.2385 46.2696 46.3046 46.2272 46.2272 46.2270 53.5122 53.5122 54.2328 54.2328 54.1974 46.2000 46.2000 46.4202 46.4201 49.3331 49.3049 49.3049 60.0155 60.3047 46.4579 46.6688 46.6688 47.4418 47.2578 46.4127 46.3692 46.2695 46.2695 46.3746 46.2942 46.2942 46.3642 46.3642 46.4775 46.5202 46.5202 46.2738 46.2738 46.0623 45.9410 45.9410 45.9052 45.9052 45.9671 46.0022 46.0022 45.9389 45.8757 45.9108 45.8480 45.8480 45.8474 45.8120
46.3947 46.3947 46.4345 46.1525 46.2292 46.1862 46.1508 46.2719 46.2719 47.2788 47.2082 46.6204 46.6204 46.7333 46.1688 46.2038 46.2354 46.2354 46.2352 46.7410 46.7410 50.0586 50.0586 50.0232 45.8815 45.8815 46.1691 46.1690 46.0810 46.0529 46.0529 52.6541 52.9433 49.6284 49.8392 49.8392 46.8569 46.6729 46.4701 46.4266 46.2769 46.2769 46.3820 46.2988 46.2988 46.4089 46.4089 46.5222 46.4719 46.4719 46.2736 46.2736 46.0622 45.9762 45.9762 45.9050 45.9050 45.9671 46.0022 46.0022 45.9389 45.8757 45.8756 45.8128 45.8128 45.8827 45.8473
46.3516 46.3516 46.3913 46.2229 46.2996 46.2567 46.2564 46.3776 46.3776 47.3569 47.2863 46.7963 46.7963 46.9092 46.1687 46.2037 46.2275 46.2275 46.2273 46.7410 46.7410 50.0586 50.0586 50.0232 45.9949 45.9949 46.2825 46.2041 46.1161 46.0879 46.0879 52.6892 52.9353 49.6203 49.7688 49.7688 46.7865 46.7081 46.5053 46.3993 46.2496 46.2496 46.2413 46.1581 46.1581 46.1625 46.1625 46.1974 46.1471 46.1471 46.2031 46.2031 46.1326 46.0466 46.0466 45.8346 45.8346 45.9671 46.0022 46.0022 45.8333 45.7702 45.7700 45.7696 45.7696 45.8474 45.8120
46.3568 46.3568 46.2856 46.1172 46.1939 46.1938 46.1935 46.3776 46.3776 47.3569 47.2863 46.7963 46.7963 46.9017 46.1612 46.1333 46.1570 46.1570 46.2273 46.7410 46.7410 50.0660 50.0660 49.9879 45.9596 45.9596 46.2472 46.1688 46.0808 46.1508 46.1508 52.7595 53.0056 49.6907 49.8040 49.8040 46.8217 46.8213 46.6185 46.4697 46.3200 46.3200 46.2765 46.1933 46.1933 46.1198 46.1198 45.9861 45.9358 45.9358 46.0974 46.0974 46.0269 46.0188 46.0188 45.8345 45.8345 45.9671 46.0021 46.0021 45.8332 45.7978 45.7977 45.7696 45.7696 45.8473 45.8119
46.3890 46.3890 46.2422 46.2518 46.2866 46.2865 46.2511 46.4464 46.4464 46.5814 46.5108 47.0903 47.0903 47.1957 46.3112 46.2833 46.2688 46.2688 46.3391 46.8032 46.8032 58.0965 58.0965 58.0184 45.6155 45.6155 46.2750 46.2748 46.2252 46.2170 46.2170 47.2937 47.4343 52.2324 52.3376 52.3376 46.4863 46.5642 46.5873 46.4385 46.3666 46.3666 46.2254 46.0840 46.0840 45.9946 45.9946 45.9313 46.0347 46.0347 46.0086 46.0086 45.9459 46.0185 46.0185 45.9753 45.9753 45.9043 45.9393 45.9393 45.9663 45.9309 45.8678 45.7694 45.7694 45.8746 45.8392
46.4459 46.4459 46.1898 46.1993 46.2341 46.2805 46.2450 46.4086 46.4086 46.5436 46.6163 47.1958 47.1958 47.1604 46.2759 46.2757 46.2612 46.2612 46.3038 46.7680 46.7680 58.0965 58.0965 58.0259 45.6230 45.6230 46.2046 46.2044 46.1548 46.1818 46.1818 47.1806 47.3211 52.1192 52.2671 52.2671 46.4158 46.4585 46.4816 46.3403 46.2684 46.2684 46.2253 46.0839 46.0839 45.9945 45.9945 45.9941 46.0975 46.0975 46.0438 46.0438 45.9811 46.0185 46.0185 45.9828 45.9828 45.9118 45.9041 45.9041 45.9311 45.8957 45.8326 45.7619 45.7619 45.8672 45.8745
46.3478 46.3478 46.3195 46.3291 46.4273 46.4737 46.4382 47.5586 47.5586 48.0479 48.1206 47.7177 47.7177 47.6822 46.4799 46.4797 46.3028 46.3028 46.3455 46.5211 46.5211 48.5648 48.5648 48.4942 47.4262 47.4262 45.9918 45.9917 46.0400 46.0670 46.0670 46.1174 46.2579 47.7541 47.9020 47.9020 47.9267 47.9694 46.4866 46.3453 46.2457 46.2457 46.2026 46.2249 46.2249 45.9776 45.9776 45.9772 46.0826 46.0826 46.1600 46.1600 46.0974 46.0615 46.0615 45.9473 45.9473 45.9118 45.9041 45.9041 45.8957 45.8603 45.9031 45.8324 45.8324 45.9023 45.9095
46.2486 46.2486 46.2203 46.2895 46.3878 46.4341 46.3923 47.5127 47.5127 48.0026 48.0753 47.8310 47.8310 47.7955 46.5150 46.5148 46.3028 46.3028 46.3455 46.5915 46.5915 48.6353 48.6353 48.5646 47.4614 47.4614 46.0270 46.0268 46.0751 46.0317 46.0317 46.0821 46.2930 47.7892 47.9724 47.9724 47.9971 47.8990 46.4162 46.2749 46.1753 46.1753 46.2378 46.2601 46.2601 45.9775 45.9775 46.0123 46.1177 46.1177 46.0896 46.0896 46.0621 46.0263 46.0263 45.9473 45.9473 45.9822 45.9745 45.9745 45.8331 45.7977 45.8405 45.8675 45.8675 45.9022 45.9094
45.7850 45.7850 46.2790 46.3482 46.2885 46.2009 46.1591 47.4291 47.4291 47.7724 47.7808 47.2869 47.2869 47.2041 47.0618 47.0616 46.2452 46.2452 46.2802 46.3405 46.3405 46.4172 46.4172 46.3817 51.7009 51.7009 46.4485 46.4482 46.1308 46.0447 46.0447 46.0521 46.2631 46.2981 46.5442 46.5442 47.1785 47.1584 46.7829 46.6416 46.2220 46.2220 46.2568 46.2323 46.2323 46.0049 46.0049 46.0045 45.9416 45.9416 46.0466 46.0466 46.0192 46.0262 46.0262 45.9825 45.9825 45.9468 45.9114 45.9114 45.8405 45.8329 45.8404 45.8674 45.8674 45.9021 45.9371
45.6999 45.6999 46.1939 46.2591 46.1994 46.1117 46.2123 47.4822 47.4822 47.7693 47.7776 47.2763 47.2763 47.1935 47.0697 47.0695 46.2802 46.2802 46.3152 46.2700 46.2700 46.4796 46.4796 46.4442 51.7361 51.7361 46.4837 46.4482 46.1308 46.0525 46.0525 46.0599 46.1575 46.1926 46.5793 46.5793 47.2136 47.2911 46.9156 46.7120 46.2923 46.2923 46.2568 46.2323 46.2323 45.9776 45.9776 45.9693 45.9064 45.9064 45.9763 45.9763 45.9409 45.9479 45.9479 45.9824 45.9824 45.9115 45.8761 45.8761 45.8405 45.8329 45.8404 46.0082 46.0082 45.8669 45.9019
45.6999 45.6999 46.1939 46.2591 46.1994 46.1117 46.2123 47.4822 47.4822 47.7693 47.7776 47.2763 47.2763 47.1935 47.0697 47.0695 46.2802 46.2802 46.3152 46.2700 46.2700 46.4796 46.4796 46.4442 51.7361 51.7361 46.4837 46.4482 46.1308 46.0525 46.0525 46.0599 46.1575 46.1926 46.5793 46.5793 47.2136 47.2911 46.9156 46.7120 46.2923 46.2923 46.2568 46.2323 46.2323 45.9776 45.9776 45.9693 45.9064 45.9064 45.9763 45.9763 45.9409 45.9479 45.9479 45.9824 45.9824 45.9115 45.8761 45.8761 45.8405 45.8329 45.8404 46.0082 46.0082 45.8669 45.9019
46.2542 46.2542 46.1425 46.2076 46.1491 46.0658 46.1663 46.4448 46.4448 47.1231 47.1256 47.0051 47.0051 47.0085 46.4384 46.3604 46.3436 46.3436 46.2730 46.2282 46.2282 46.7241 46.7241 46.6258 52.8285 52.8285 45.7328 45.6974 46.0801 46.0092 46.0092 46.0998 46.1973 46.2703 46.5867 46.5867 46.7476 46.7120 46.7408 46.6502 46.3736 46.3736 46.3029 46.2673 46.2673 46.0907 46.0907 46.0399 45.8710 45.8710 45.9057 45.9057 45.8704 45.9051 45.9051 45.9824 45.9824 45.9466 45.9816 45.9816 45.8757 45.9033 45.9029 46.0355 46.0355 45.9021 45.9723
46.5701 46.5701 46.4584 46.4221 46.3636 46.2803 46.2559 46.5343 46.5343 47.1313 47.1338 46.9241 46.9241 46.9275 46.4032 46.3252 46.3436 46.3436 46.2730 46.2986 46.2986 46.7241 46.7241 46.6258 52.8558 52.8558 45.7600 45.7325 46.1152 46.1500 46.1500 46.2405 46.2404 46.3134 46.4811 46.4811 46.6421 46.7472 46.7760 46.6423 46.3657 46.3657 46.3028 46.2672 46.2672 46.0554 46.0554 45.9420 45.7731 45.7731 45.8002 45.8002 45.8000 45.8347 45.8347 45.8690 45.8690 45.9114 45.9464 45.9464 45.9460 45.9736 45.9732 45.9729 45.9729 45.9724 46.0426
46.6776 46.6776 46.6195 46.5832 46.5708 46.4737 46.4493 46.6605 46.6605 46.4519 46.4430 47.0328 47.0328 46.9639 46.5192 46.4486 46.2599 46.2599 46.3227 46.3464 46.3464 46.3480 46.3480 46.3478 55.7737 55.7737 53.7363 53.7088 46.3485 46.4539 46.4539 46.3112 46.3110 46.4902 46.6152 46.6152 46.4760 46.5812 46.5601 46.4189 46.2293 46.2293 46.1739 46.1967 46.1967 46.0201 46.0201 45.9493 45.9214 45.9214 45.8000 45.8000 45.7998 45.8697 45.8697 45.8764 45.8764 46.0522 46.0873 46.0873 46.0867 46.0513 45.9806 46.0432 46.0432 46.0073 46.0071
46.6776 46.6776 46.6195 46.5832 46.5708 46.4737 46.4493 46.6605 46.6605 46.4519 46.4430 47.0328 47.0328 46.9639 46.5192 46.4486 46.2599 46.2599 46.3227 46.3464 46.3464 46.3480 46.3480 46.3478 55.7737 55.7737 53.7363 53.7088 46.3485 46.4539 46.4539 46.3112 46.3110 46.4902 46.6152 46.6152 46.4760 46.5812 46.5601 46.4189 46.2293 46.2293 46.1739 46.1967 46.1967 46.0201 46.0201 45.9493 45.9214 45.9214 45.8000 45.8000 45.7998 45.8697 45.8697 45.8764 45.8764 46.0522 46.0873 46.0873 46.0867 46.0513 45.9806 46.0432 46.0432 46.0073 46.0071
46.7316 46.7316 46.6735 46.7005 46.6881 46.5910 46.5205 46.7318 46.7318 46.6601 46.6511 47.2299 47.2299 47.1610 46.6248 46.5541 46.3381 46.3381 46.4009 46.4167 46.4167 46.4184 46.4184 46.4182 55.8792 55.8792 53.8419 53.7792 46.4189 46.4891 46.4891 46.3464 46.4166 46.5957 46.6503 46.6503 46.5111 46.3699 46.3488 46.4541 46.2645 46.2645 46.1739 46.1967 46.1967 46.1257 46.1257 45.9493 45.9214 45.9214 45.7999 45.7999 45.7997 45.8696 45.8696 45.8763 45.8763 45.9818 46.0169 46.0169 46.0163 45.9809 45.9102 45.9728 45.9728 46.0425 46.0423
46.7595 46.7595 46.6240 46.6511 46.6175 46.5869 46.5164 48.8750 48.8750 49.1837 46.8602 46.3388 46.3388 46.2405 46.2048 46.3455 46.5996 46.5996 46.5641 46.5557 46.5557 46.4067 46.4067 46.5121 46.7938 46.7938 49.1111 49.0483 46.4752 46.5175 46.5175 46.4464 46.5166 46.6148 46.6064 46.6064 46.4050 46.3268 46.2935 46.3636 46.4297 46.4297 46.3668 46.1459 46.1459 46.0903 46.0903 45.9491 45.9214 45.9214 45.8349 45.8349 45.8347 45.8344 45.8344 45.7983 45.7983 45.8334 45.8055 45.8055 45.8753 45.9104 46.0510 46.0858 46.0858 46.0852 46.0775
46.8015 46.8015 46.6661 46.6448 46.6112 46.5806 46.5515 48.9100 48.9100 49.1836 46.8601 46.4364 46.4364 46.3381 46.4161 46.5568 46.8460 46.8460 46.8106 46.6341 46.6341 46.5474 46.5474 46.6527 46.8640 46.8640 49.1813 49.0755 46.5024 46.6231 46.6231 46.5521 46.4814 46.5796 46.6496 46.6496 46.4482 46.4323 46.3990 46.3283 46.3944 46.3944 46.3940 46.1731 46.1731 46.1958 46.1958 46.0547 46.0270 46.0270 45.9131 45.9131 45.8347 45.8344 45.8344 45.7631 45.7631 45.8958 45.8679 45.8679 45.8753 45.9103 46.0509 46.1209 46.1209 46.1282 46.1206
56.0471 56.0471 46.7982 46.7769 46.6517 46.6212 46.5920 48.7331 48.7331 49.0071 46.6837 46.5422 46.5422 46.4438 46.3806 46.5213 46.5560 46.5560 46.5206 46.6339 46.6339 46.4416 46.4416 46.5470 46.6170 46.6170 47.9125 47.8067 46.5727 46.6934 46.6934 46.5873 46.5167 46.5242 46.5942 46.5942 46.7703 46.7545 46.3662 46.2954 46.2522 46.2522 46.2518 46.2514 46.2514 46.3016 46.3016 46.1604 46.1248 46.1248 45.9131 45.9131 45.8347 45.7989 45.7989 45.8336 45.8336 45.8604 45.8325 45.8325 45.8400 45.8750 45.9099 45.9800 45.9800 46.1987 46.1911
64.7851 64.7851 47.2410 47.2197 47.0945 46.6279 46.5988 46.7352 46.7352 47.0092 46.9653 46.8238 46.8238 46.7179 46.6547 46.5916 46.6264 46.6264 46.5205 46.6338 46.6338 46.5193 46.5193 46.5116 46.5817 46.5817 47.7365 47.6307 46.3967 46.6582 46.6582 46.5873 46.5167 46.5242 46.5942 46.5942 46.7703 46.7193 46.3310 46.2602 46.2170 46.2170 46.2166 46.2162 46.2162 46.3367 46.3367 46.1604 46.1247 46.1247 45.9205 45.9205 45.8421 45.7988 45.7988 45.8335 45.8335 45.8603 45.8602 45.8602 45.8677 45.8750 45.9098 45.9447 45.9447 46.1634 46.1281
79.6324 79.6324 57.1105 50.0760 51.2081 50.7415 49.9391 47.4082 47.4082 46.8610 46.8170 46.9947 46.9947 46.8889 46.7168 46.6537 46.7297 46.7297 46.6238 46.4924 46.4924 46.4487 46.4487 46.4411 46.3701 46.3701 46.5381 46.4675 46.5376 46.7911 46.7911 47.5661 47.5034 46.7356 46.7704 46.7704 46.9818 47.1147 47.1848 47.2117 46.9999 46.9999 46.8236 46.4275 46.4275 46.3288 46.3288 46.3011 46.3008 46.3008 46.2021 46.2021 46.0963 46.0532 46.0532 45.8685 45.8685 45.8604 45.8603 45.8603 45.8244 45.8317 45.8315 45.9094 45.9094 45.9441 45.9088
87.9862 87.9862 68.9014 61.8670 62.9991 59.9346 59.1323 46.7344 46.7344 46.1873 46.6893 46.8669 46.8669 46.9031 46.7311 46.7388 46.8147 46.8147 46.6943 46.5629 46.5629 46.4840 46.4840 46.4411 46.3701 46.3701 46.4676 46.3970 46.4671 46.6779 46.6779 47.5660 47.5033 46.7355 46.8055 46.8055 47.0169 47.1573 47.2274 47.2116 46.9998 46.9998 46.8587 46.4626 46.4626 46.2862 46.2862 46.3011 46.3008 46.3008 46.1669 46.1669 46.0611 45.9550 45.9550 45.8685 45.8685 45.8604 45.7547 45.7547 45.7188 45.7187 45.7185 45.9094 45.9094 45.9441 45.8735
98.3923 98.3923 79.3075 78.3931 79.5252 76.4608 73.7187 61.3209 61.3209 46.0564 46.5585 46.7686 46.7686 46.8048 46.7427 46.7504 46.6551 46.6551 46.5346 46.5981 46.5981 46.6327 46.6327 46.5898 46.4404 46.4404 46.5379 46.5729 46.6430 46.7483 46.7483 47.6364 47.5033 46.7355 46.8407 46.8407 47.0521 47.0869 47.1570 47.2115 46.9997 46.9997 46.9642 46.5681 46.5681 46.3212 46.3212 46.3363 46.3360 46.3360 46.2373 46.2373 46.2371 46.1311 46.1311 45.8333 45.8333 45.8603 45.7546 45.7546 45.6484 45.6482 45.6480 45.7685 45.7685 45.7328 45.6623
99.3072 99.3072 93.5048 92.5904 92.5900 89.5256 86.7835 70.2658 70.2658 46.0534 46.5555 46.4567 46.4567 46.4929 46.7281 46.7358 46.5849 46.5849 46.4644 46.5979 46.5979 46.5267 46.5267 46.4838 46.2641 46.2641 46.3615 46.3965 46.6077 46.7130 46.7130 47.2837 47.1506 47.7143 47.8195 47.8195 46.8051 46.8399 47.3333 47.3878 47.1053 47.1053 47.0697 46.6033 46.6033 46.3210 46.3210 46.3362 46.3007 46.3007 46.2726 46.2726 46.2724 46.2016 46.2016 45.9743 45.9743 45.9738 45.8681 45.8681 45.8598 45.8596 45.6831 45.8036 45.8036 45.7681 45.6975
101.1343 101.1343 99.3373 98.4230 98.4225 93.8521 91.1100 71.9598 71.9598 47.7474 46.3970 46.2983 46.2983 46.3579 46.5931 46.7146 46.5636 46.5636 46.5429 46.6765 46.6765 46.5958 46.5958 46.4912 46.2714 46.2714 46.3615 46.3965 46.6077 46.6074 46.6074 47.1354 47.0023 47.5660 47.8195 47.8195 46.8051 46.8751 47.3685 47.2896 47.0072 47.0072 46.9290 46.4625 46.4625 46.2506 46.2506 46.2934 46.2580 46.2580 46.0964 46.0964 46.0962 46.1311 46.1311 45.7704 45.7704 45.7700 45.6920 45.6920 45.6837 45.6836 45.5070 45.5849 45.5849 45.5495 45.5919
