regresion/FEBRERO_2003/SeaWiFS/3_Bandas/Composicion (Lt_555).txt
ncols         167
nrows         127
xllcorner     -112.008
yllcorner     26.723
cellsize      0.00893
[rows 29 to 57 of 127, columns 67 to 133 of 167]
27.1137 27.1135 27.0347 26.9845 27.0336 27.0334 26.9871 27.1539 27.1038 27.1038 27.0902 27.1651 27.1734 27.1734 27.1695 27.2733 27.2232 27.2017 27.2773 27.1769 34.1350 34.1637 34.1635 49.6307 49.5767 49.5767 38.2232 38.2480 27.3206 27.2915 27.2915 36.8131 36.8163 36.8163 25.1290 25.1290 27.0934 27.0472 27.0472 28.3336 28.3336 28.3049 34.5882 34.5882 26.3608 26.3608 26.3357 26.8272 26.7805 26.7805 26.9911 26.9659 27.1179 27.1428 27.1428 27.2036 27.2000 26.9247 27.2830 27.2830 39.3615 39.3864 39.4613 37.2208 37.2208 37.2741 49.0924
26.9924 27.0135 26.9632 27.0131 27.0064 27.0062 26.9562 27.1188 27.1475 27.1475 27.2138 27.2387 27.3020 27.3020 27.1518 27.3011 27.3222 27.3007 27.3957 27.3203 30.4085 30.4084 30.4082 46.0308 46.0557 46.0557 39.9377 39.9626 30.4375 30.4623 30.4623 31.1877 31.0870 31.0870 33.5495 33.5495 27.1705 27.1454 27.1454 27.1042 27.1042 27.0756 28.5329 28.5329 26.7491 26.7491 26.7240 26.9473 26.9005 26.9005 26.7670 26.7417 26.8224 26.8474 26.8474 27.0929 27.0892 27.0141 27.2411 27.2411 29.5573 29.5822 29.5283 36.9076 36.9076 36.8859 35.4776
26.9924 27.0135 26.9632 27.0131 27.0064 27.0062 26.9562 27.1188 27.1475 27.1475 27.2138 27.2387 27.3020 27.3020 27.1518 27.3011 27.3222 27.3007 27.3957 27.3203 30.4085 30.4084 30.4082 46.0308 46.0557 46.0557 39.9377 39.9626 30.4375 30.4623 30.4623 31.1877 31.0870 31.0870 33.5495 33.5495 27.1705 27.1454 27.1454 27.1042 27.1042 27.0756 28.5329 28.5329 26.7491 26.7491 26.7240 26.9473 26.9005 26.9005 26.7670 26.7417 26.8224 26.8474 26.8474 27.0929 27.0892 27.0141 27.2411 27.2411 29.5573 29.5822 29.5283 36.9076 36.9076 36.8859 35.4776
27.0425 27.0636 27.0382 27.0882 27.0815 27.1315 27.0814 27.3227 27.3514 27.3514 27.3640 27.3889 27.4021 27.4021 27.2519 27.3011 27.3222 27.3006 27.3956 27.3955 30.4837 30.4836 30.4583 46.0809 46.1309 46.1309 40.0128 40.0126 30.4876 30.5123 30.5123 31.2377 31.2336 31.2336 33.6997 33.6997 27.3459 27.3208 27.3208 27.3046 27.3046 27.0504 28.5078 28.5078 26.7491 26.7491 26.7489 26.9722 26.9256 26.9256 26.7920 26.8169 26.8975 26.8974 26.8974 27.1430 27.1678 27.0927 27.3411 27.3411 29.6573 29.6573 29.6034 36.9326 36.9326 36.9359 35.5276
27.0425 27.0135 27.0152 27.0151 26.9539 27.0039 27.1538 27.2589 27.1838 27.1838 27.2073 27.1359 27.2641 27.2641 27.2640 27.2577 27.2538 27.2322 27.4459 27.3957 31.0391 31.0891 31.0638 54.7954 54.8165 54.8165 45.2315 45.2313 44.3570 44.4318 44.4318 68.9222 68.9220 68.9220 74.1666 74.1666 31.3116 31.2865 31.2865 30.7853 30.7853 30.5311 26.6750 26.6750 26.6872 26.6872 26.6870 26.8818 26.8352 26.8352 26.8993 26.9241 27.0074 27.0073 27.0073 27.1729 27.1977 27.1766 27.5598 27.5598 28.7067 28.7066 28.6315 32.8588 32.8588 32.7582 35.4597
27.2392 27.2103 27.1906 27.1904 27.1292 27.1041 27.2540 27.2840 27.2089 27.2089 27.2322 27.1609 27.2641 27.2641 27.2640 27.2325 27.2286 27.2322 27.4459 27.3706 31.0140 31.0639 31.0638 54.7954 54.8201 54.8201 45.2350 45.2563 44.3821 44.4067 44.4067 68.8972 68.9219 68.9219 74.2167 74.2167 31.3366 31.3115 31.3115 30.8354 30.8354 30.7564 26.9003 26.9003 26.8374 26.8374 26.7371 26.9319 27.0068 27.0068 27.0709 27.0243 27.1076 27.0573 27.0573 27.2229 27.2228 27.2017 27.5348 27.5348 28.6817 28.6565 28.5813 32.9339 32.9339 32.8333 35.5348
27.4606 27.3104 27.2924 27.3386 27.3077 27.2826 27.3575 27.2979 27.1977 27.1977 27.2084 27.1371 27.1499 27.1499 27.1248 27.1879 27.2128 27.2164 27.4531 27.4741 37.2186 37.2935 37.2934 51.3630 51.3627 51.3627 65.3855 65.4068 64.5324 64.4070 64.4070 28.7314 28.8062 28.8062 36.4155 36.4155 27.2986 27.2235 27.2235 29.1752 29.1752 29.0963 27.0184 27.0184 26.8284 26.8284 26.7281 26.7446 26.8196 26.8196 26.8792 26.8326 26.9002 26.8499 26.8499 27.0727 27.0726 27.2766 27.2971 27.2971 27.4623 27.4371 27.3119 33.4091 33.4091 33.3334 31.1320
27.4606 27.3104 27.2924 27.3386 27.3077 27.2826 27.3575 27.2979 27.1977 27.1977 27.2084 27.1371 27.1499 27.1499 27.1248 27.1879 27.2128 27.2164 27.4531 27.4741 37.2186 37.2935 37.2934 51.3630 51.3627 51.3627 65.3855 65.4068 64.5324 64.4070 64.4070 28.7314 28.8062 28.8062 36.4155 36.4155 27.2986 27.2235 27.2235 29.1752 29.1752 29.0963 27.0184 27.0184 26.8284 26.8284 26.7281 26.7446 26.8196 26.8196 26.8792 26.8326 26.9002 26.8499 26.8499 27.0727 27.0726 27.2766 27.2971 27.2971 27.4623 27.4371 27.3119 33.4091 33.4091 33.3334 31.1320
27.5607 27.4105 27.3676 27.4138 27.3829 27.3326 27.4075 27.3730 27.2729 27.2729 27.2084 27.1371 27.1750 27.1750 27.1499 27.2630 27.2879 27.3128 27.5495 27.5492 37.2938 37.3687 37.3434 51.4130 51.4378 51.4378 65.4607 65.4067 64.5323 64.4821 64.4821 28.8065 28.8563 28.8563 36.3904 36.3904 27.3487 27.2735 27.2735 29.2002 29.2002 29.2215 27.1436 27.1436 26.9785 26.9785 26.9283 26.9449 26.9197 26.9197 26.9794 26.9828 27.0503 27.0252 27.0252 27.2480 27.1727 27.3767 27.3221 27.3221 27.4873 27.4872 27.3620 33.4340 33.4340 33.3835 31.1820
27.5106 27.3854 27.4139 27.3137 27.2100 27.1597 27.2308 27.3439 27.2188 27.2188 27.1303 27.1802 27.3045 27.3045 27.2832 27.2969 27.2968 27.3216 27.4250 27.4785 28.8661 28.8622 28.8369 51.3880 51.3627 51.3627 66.9796 66.9257 57.3119 57.3655 57.3655 26.8134 26.7881 26.7881 29.8646 29.8646 26.9797 26.9508 26.9508 27.1128 27.1128 27.1341 27.1052 27.1052 26.9515 26.9515 26.9014 26.8178 26.7926 26.7926 26.9568 26.9602 26.9562 26.9311 26.9311 26.9559 26.8806 26.9555 27.0231 27.0231 27.3021 27.3019 27.2768 28.9269 28.9269 28.8553 27.5196
27.4605 27.3353 27.4138 27.3136 27.2099 27.1847 27.2559 27.3438 27.2187 27.2187 27.2091 27.2591 27.3294 27.3294 27.3081 27.2969 27.2968 27.3216 27.4250 27.5036 28.8911 28.8872 28.8870 51.4380 51.3877 51.3877 67.0046 67.0258 57.4121 57.4155 57.4155 26.8634 26.8632 26.8632 29.9898 29.9898 27.0799 27.0510 27.0510 27.2130 27.2130 27.1627 27.1338 27.1338 26.9766 26.9766 26.9513 26.8678 26.8927 26.8927 27.0569 27.0103 27.0063 27.0311 27.0311 27.0560 27.0308 27.1058 27.1232 27.1232 27.4021 27.4271 27.4020 28.9770 28.9770 28.8516 27.5159
27.4605 27.3353 27.4138 27.3136 27.2099 27.1847 27.2559 27.3438 27.2187 27.2187 27.2091 27.2591 27.3294 27.3294 27.3081 27.2969 27.2968 27.3216 27.4250 27.5036 28.8911 28.8872 28.8870 51.4380 51.3877 51.3877 67.0046 67.0258 57.4121 57.4155 57.4155 26.8634 26.8632 26.8632 29.9898 29.9898 27.0799 27.0510 27.0510 27.2130 27.2130 27.1627 27.1338 27.1338 26.9766 26.9766 26.9513 26.8678 26.8927 26.8927 27.0569 27.0103 27.0063 27.0311 27.0311 27.0560 27.0308 27.1058 27.1232 27.1232 27.4021 27.4271 27.4020 28.9770 28.9770 28.8516 27.5159
27.3604 27.2602 27.2598 27.2098 27.2347 27.2633 27.2345 27.2206 27.2705 27.2705 27.2095 27.2594 27.3113 27.3113 27.1361 27.1954 27.1990 27.1738 27.2889 27.2422 29.4867 29.6330 29.6329 58.3072 58.2319 58.2319 42.4191 42.3903 29.3782 29.3529 29.3529 27.0447 27.2483 27.2483 27.2463 27.2463 27.2308 27.2808 27.2808 27.2648 27.2648 27.2145 27.3000 27.3000 27.0596 27.0596 27.0595 27.0455 26.9953 26.9953 27.0270 26.9805 27.0602 27.0851 27.0851 27.2061 27.2059 27.2058 27.2056 27.2056 27.3769 27.3480 27.4270 27.5193 27.5193 27.2438 27.1789
27.3604 27.2602 27.2598 27.2098 27.2347 27.2633 27.2345 27.2206 27.2705 27.2705 27.2095 27.2594 27.3113 27.3113 27.1361 27.1954 27.1990 27.1738 27.2889 27.2422 29.4867 29.6330 29.6329 58.3072 58.2319 58.2319 42.4191 42.3903 29.3782 29.3529 29.3529 27.0447 27.2483 27.2483 27.2463 27.2463 27.2308 27.2808 27.2808 27.2648 27.2648 27.2145 27.3000 27.3000 27.0596 27.0596 27.0595 27.0455 26.9953 26.9953 27.0270 26.9805 27.0602 27.0851 27.0851 27.2061 27.2059 27.2058 27.2056 27.2056 27.3769 27.3480 27.4270 27.5193 27.5193 27.2438 27.1789
27.4102 27.3389 27.3348 27.2347 27.2596 27.2882 27.3382 27.3763 27.3474 27.3474 27.3198 27.2948 27.2482 27.2482 27.1981 27.2470 27.1756 27.1504 27.1970 27.1503 27.4086 27.3585 27.3583 52.8400 52.7610 52.7610 42.2690 42.2402 27.0284 27.1531 27.1531 27.1210 27.2996 27.2996 27.2578 27.2578 27.3803 27.4052 27.4052 27.2651 27.2651 27.2148 27.3012 27.3012 27.3288 27.3288 27.3287 27.1286 27.0784 27.0784 27.2033 27.1568 27.1567 27.1815 27.1815 27.2560 27.2558 27.2308 27.2556 27.2556 27.1805 27.1516 27.1804 27.2267 27.2267 27.0512 27.0511
27.4352 27.3638 27.3849 27.2847 27.3097 27.2631 27.3130 27.3262 27.2973 27.2973 27.3198 27.2948 27.2482 27.2482 27.1981 27.2470 27.1756 27.0752 27.1218 27.1754 27.4336 27.3835 27.2831 52.7647 52.6608 52.6608 42.1689 42.1937 26.9819 27.1531 27.1531 27.1210 27.2745 27.2745 27.2577 27.2577 27.3302 27.3551 27.3551 27.2399 27.2399 27.2148 27.3012 27.3012 27.3288 27.3288 27.3036 27.1035 27.1034 27.1034 27.2283 27.2031 27.2030 27.1565 27.1565 27.2310 27.2308 27.2057 27.2305 27.2305 27.1553 27.1766 27.2055 27.2516 27.2516 27.2515 27.2514
27.4352 27.3638 27.3849 27.2847 27.3097 27.2631 27.3130 27.3262 27.2973 27.2973 27.3198 27.2948 27.2482 27.2482 27.1981 27.2470 27.1756 27.0752 27.1218 27.1754 27.4336 27.3835 27.2831 52.7647 52.6608 52.6608 42.1689 42.1937 26.9819 27.1531 27.1531 27.1210 27.2745 27.2745 27.2577 27.2577 27.3302 27.3551 27.3551 27.2399 27.2399 27.2148 27.3012 27.3012 27.3288 27.3288 27.3036 27.1035 27.1034 27.1034 27.2283 27.2031 27.2030 27.1565 27.1565 27.2310 27.2308 27.2057 27.2305 27.2305 27.1553 27.1766 27.2055 27.2516 27.2516 27.2515 27.2514
27.3601 27.3600 27.3810 27.3097 27.3700 27.3486 27.3735 27.3632 27.1879 27.1879 27.2768 27.2229 27.2656 27.2656 27.2405 27.1508 27.2007 27.1504 27.1037 27.0320 27.1005 27.1255 27.1040 28.7107 28.7104 28.7104 39.6206 39.6706 25.5661 25.6623 25.6623 27.0325 27.1824 27.1824 27.3484 27.3484 27.3967 27.3715 27.3715 27.3789 27.3789 27.3787 27.3558 27.3558 27.5576 27.5576 27.5287 27.4035 27.4034 27.4034 27.2784 27.2281 27.0529 27.0063 27.0063 26.9311 26.9310 27.1021 27.0804 27.0804 27.0802 27.1264 27.1764 27.2763 27.2763 27.3300 27.3263
27.3601 27.3600 27.3810 27.3097 27.3700 27.3486 27.3735 27.3632 27.1879 27.1879 27.2768 27.2229 27.2656 27.2656 27.2405 27.1508 27.2007 27.1504 27.1037 27.0320 27.1005 27.1255 27.1040 28.7107 28.7104 28.7104 39.6206 39.6706 25.5661 25.6623 25.6623 27.0325 27.1824 27.1824 27.3484 27.3484 27.3967 27.3715 27.3715 27.3789 27.3789 27.3787 27.3558 27.3558 27.5576 27.5576 27.5287 27.4035 27.4034 27.4034 27.2784 27.2281 27.0529 27.0063 27.0063 26.9311 26.9310 27.1021 27.0804 27.0804 27.0802 27.1264 27.1764 27.2763 27.2763 27.3300 27.3263
27.3601 27.4350 27.4560 27.4597 27.5200 27.4986 27.3234 27.3131 27.1128 27.1128 27.2017 27.1979 27.2406 27.2406 27.1905 27.1008 27.1757 27.1254 27.0787 27.1070 27.1756 27.2255 27.2040 28.8107 28.7854 28.7854 39.7243 39.7743 25.6698 25.7623 25.7623 27.1325 27.2074 27.2074 27.1946 27.1946 27.2428 27.3215 27.3215 27.4290 27.4290 27.4288 27.3596 27.3596 27.3825 27.3825 27.3536 27.2784 27.2783 27.2783 27.2745 27.2242 27.0529 27.0063 27.0063 26.8311 26.8310 26.8059 26.7841 26.7841 26.9302 26.9764 27.0513 27.1512 27.1512 27.1510 27.1474
27.2850 27.3599 27.3345 27.3382 27.3845 27.3630 27.1878 27.2376 27.0374 27.0374 27.0620 27.0583 27.1246 27.1246 27.0744 27.0311 27.1060 27.0809 26.9845 27.0629 27.3249 27.3749 27.2783 45.0098 45.0094 45.0094 37.9926 37.9673 28.1638 28.2564 28.2564 27.0656 27.1154 27.1154 27.0913 27.0913 27.0455 27.1242 27.1242 27.2634 27.2634 27.2382 27.3293 27.3293 27.3072 27.3072 27.3535 27.2283 27.2531 27.2531 27.3280 27.3029 27.0528 27.0564 27.0564 26.9061 26.8809 26.8558 26.9057 26.9057 27.0554 27.0051 27.0800 27.2012 27.2012 27.2512 27.2511
27.2850 27.3599 27.3345 27.3382 27.3845 27.3630 27.1878 27.2376 27.0374 27.0374 27.0620 27.0583 27.1246 27.1246 27.0744 27.0311 27.1060 27.0809 26.9845 27.0629 27.3249 27.3749 27.2783 45.0098 45.0094 45.0094 37.9926 37.9673 28.1638 28.2564 28.2564 27.0656 27.1154 27.1154 27.0913 27.0913 27.0455 27.1242 27.1242 27.2634 27.2634 27.2382 27.3293 27.3293 27.3072 27.3072 27.3535 27.2283 27.2531 27.2531 27.3280 27.3029 27.0528 27.0564 27.0564 26.9061 26.8809 26.8558 26.9057 26.9057 27.0554 27.0051 27.0800 27.2012 27.2012 27.2512 27.2511
27.2374 27.2873 27.3932 27.3431 27.3592 27.3590 27.4127 27.3540 26.9786 26.9786 27.0347 27.0095 27.1339 27.1339 27.1551 27.2577 27.3577 27.3825 27.7327 27.7075 27.6323 27.7610 27.6644 33.5123 33.3870 33.3870 27.9600 27.9097 27.3095 27.1803 27.1803 27.0047 27.0259 27.0259 27.0892 27.0892 27.0741 27.0778 27.0778 27.0986 27.0986 27.1235 27.1825 27.1825 27.1785 27.1785 27.1997 27.2532 27.2531 27.2531 27.2279 27.2527 27.1814 27.2351 27.2351 27.1062 27.0810 27.0309 26.9806 26.9806 27.0017 26.9516 27.0265 27.0761 27.0761 27.1759 27.2009
27.2374 27.2873 27.3932 27.3431 27.3592 27.3590 27.4127 27.3540 26.9786 26.9786 27.0347 27.0095 27.1339 27.1339 27.1551 27.2577 27.3577 27.3825 27.7327 27.7075 27.6323 27.7610 27.6644 33.5123 33.3870 33.3870 27.9600 27.9097 27.3095 27.1803 27.1803 27.0047 27.0259 27.0259 27.0892 27.0892 27.0741 27.0778 27.0778 27.0986 27.0986 27.1235 27.1825 27.1825 27.1785 27.1785 27.1997 27.2532 27.2531 27.2531 27.2279 27.2527 27.1814 27.2351 27.2351 27.1062 27.0810 27.0309 26.9806 26.9806 27.0017 26.9516 27.0265 27.0761 27.0761 27.1759 27.2009
27.3412 27.1871 27.3181 27.2929 27.3090 27.2838 27.2337 27.1498 27.0785 27.0785 27.1848 26.9845 27.1590 27.1590 27.2089 27.2865 27.1826 27.2325 27.5827 27.5822 27.5071 27.6820 27.6569 33.5049 33.4369 33.4369 27.9849 28.0099 27.4096 27.3843 27.3843 27.2087 27.2761 27.2761 27.2643 27.2643 27.2242 27.1491 27.1491 27.1986 27.1986 27.2485 27.3326 27.3326 27.2824 27.2824 27.3035 27.2532 27.5534 27.5534 27.5032 27.8286 27.8784 27.4276 27.4276 27.3526 27.2561 27.1560 27.6066 27.6066 27.5064 26.9303 26.9764 26.9761 26.9761 27.4012 27.4262
27.4350 27.2809 27.3593 27.3342 27.2340 27.2089 27.1588 27.1872 27.1159 27.1159 27.1750 26.9747 27.3686 27.3686 27.4185 37.6744 37.5705 37.6204 52.0841 52.0836 42.4659 42.6409 42.6157 39.9926 39.9247 39.9247 26.7050 26.7299 27.3013 27.2760 27.2760 27.2572 27.3246 27.3246 27.2799 27.2799 27.2796 27.2045 27.2045 27.2617 27.2617 27.3115 27.3077 27.3077 27.2823 27.2823 27.3035 27.1995 27.4997 27.4997 27.5032 27.8285 27.8783 27.4276 27.4276 27.4062 27.3097 27.2096 27.6566 27.6566 27.5314 26.9553 27.0014 26.9725 26.9725 27.3977 27.4262
27.4350 27.2809 27.3593 27.3342 27.2340 27.2089 27.1588 27.1872 27.1159 27.1159 27.1750 26.9747 27.3686 27.3686 27.4185 37.6744 37.5705 37.6204 52.0841 52.0836 42.4659 42.6409 42.6157 39.9926 39.9247 39.9247 26.7050 26.7299 27.3013 27.2760 27.2760 27.2572 27.3246 27.3246 27.2799 27.2799 27.2796 27.2045 27.2045 27.2617 27.2617 27.3115 27.3077 27.3077 27.2823 27.2823 27.3035 27.1995 27.4997 27.4997 27.5032 27.8285 27.8783 27.4276 27.4276 27.4062 27.3097 27.2096 27.6566 27.6566 27.5314 26.9553 27.0014 26.9725 26.9725 27.3977 27.4262
27.2599 27.2809 27.3593 27.2842 27.1840 27.1588 27.2837 27.3373 27.1659 27.1659 27.1998 27.1247 27.5186 27.5186 27.5185 37.7780 37.8242 37.8204 52.2841 52.1837 42.5660 42.6409 42.6157 39.9925 39.9248 39.9248 26.7051 26.6798 27.2512 27.2509 27.2509 27.2321 27.1531 27.1531 27.2548 27.2548 27.3296 27.3545 27.3545 27.3117 27.3117 27.2866 27.2327 27.2327 27.3824 27.3824 27.4324 27.4823 27.4533 27.4533 27.3779 28.5543 28.5041 27.8782 27.8782 27.9280 28.7331 28.7369 27.1806 27.1806 27.1305 27.1554 27.1053 27.0763 27.0763 27.0222 27.0507
27.2849 27.3060 27.2556 27.1805 27.2090 27.1838 27.3087 27.3623 27.1909 27.1909 27.2657 27.1905 27.3367 27.3367 27.3366 27.5114 27.5576 27.5537 37.7073 37.6070 27.7072 27.7821 27.7568 27.3564 27.2887 27.2887 27.1384 27.1131 27.2267 27.2265 27.2265 27.1610 27.0819 27.0819 27.1562 27.1562 27.3029 27.3278 27.3278 27.2527 27.2527 27.2276 27.3114 27.3114 27.4074 27.4074 27.4574 27.5073 27.4783 27.4783 27.4493 28.6256 28.4791 27.8531 27.8531 27.9530 28.7581 28.7619 27.2342 27.2342 27.1805 27.2054 27.1552 27.1263 27.1263 27.0722 27.0257
