regresion/FEBRERO_2003/SeaWiFS/3_Bandas/Composicion (Lt_555).txt
ncols         167
nrows         127
xllcorner     -112.008
yllcorner     26.723
cellsize      0.00893
[rows 0 to 28 of 127, columns 67 to 133 of 167]
29.1378 29.1627 27.0106 26.8392 26.8892 26.9140 26.8889 26.8887 26.9386 26.9386 27.0634 26.9595 27.7596 27.7596 27.7595 37.0960 37.0959 37.0421 29.1604 29.1137 27.6374 27.6873 27.6372 31.2595 31.1876 31.1876 28.4107 28.4607 26.8098 26.9096 26.9096 27.0743 27.1954 27.1954 27.2601 27.2601 27.9353 28.1103 28.1103 27.3707 27.3707 27.3741 27.0049 27.0049 27.0297 27.0297 27.2049 27.2167 27.2629 27.2629 27.4584 27.6085 28.0587 27.9583 27.9583 31.3552 31.5591 34.5556 43.4487 43.4487 35.5334 33.1039 28.2043 28.5447 28.5447 28.8264 28.8832
26.7821 26.8070 26.9856 26.8142 26.8141 26.8389 26.8138 26.8923 26.9422 26.9422 27.2885 27.1845 27.5685 27.5685 27.5685 27.5039 27.5037 27.4499 26.9637 26.9170 30.2893 30.3393 30.2891 27.1877 27.1158 27.1158 29.1341 29.1841 27.9039 28.0037 28.0037 29.2577 29.3788 29.3788 29.2086 29.2086 27.2730 27.4480 27.4480 32.5631 32.5631 32.5664 27.1049 27.1049 27.0047 27.0047 27.1799 27.1047 27.1509 27.1509 27.2832 27.4333 27.6583 27.5580 27.5580 27.6329 27.8368 30.8332 35.3337 35.3337 34.8581 32.4287 27.5291 28.0492 28.0492 28.3309 28.6261
26.6570 26.7069 26.8855 26.9854 26.9853 27.0101 26.9389 27.0174 26.9172 26.9172 27.2634 27.2883 27.6724 27.6724 27.5934 27.5288 27.5287 27.4749 26.9887 26.8382 30.2105 30.2642 30.2140 27.1125 27.1408 27.1408 29.2630 29.3130 28.0328 28.0287 28.0287 29.2827 29.3038 29.3038 29.0797 29.0797 27.1441 27.2478 27.2478 32.5880 32.5880 32.5914 27.0587 27.0587 26.9547 26.9547 27.1298 27.0797 27.1259 27.1259 27.1293 27.2795 27.4832 27.3829 27.3829 27.5078 27.7117 27.9618 32.4622 32.4622 30.3076 27.8781 27.6280 28.1482 28.1482 28.3594 28.6546
26.7571 26.8070 26.9319 27.0318 26.9853 27.0101 26.9388 26.9637 26.8636 26.8636 26.9330 26.9579 27.7096 27.7096 27.6307 26.9538 26.9537 26.8747 27.5635 27.4132 26.8406 26.8942 26.8690 32.6700 32.6984 32.6984 30.6222 30.6220 27.1622 27.1081 27.1081 35.4593 35.5842 35.5842 35.7303 35.7303 29.4576 29.5613 29.5613 27.1682 27.1682 27.2468 27.1522 27.1522 27.2792 27.2792 27.2540 27.2118 27.1828 27.1828 27.0200 26.9196 27.7527 27.7276 27.7276 27.1824 27.2072 27.4573 27.8361 27.8361 27.5532 27.4779 27.2278 27.4028 27.4028 27.6993 27.7280
26.7571 26.8070 26.9319 27.0318 26.9853 27.0101 26.9388 26.9637 26.8636 26.8636 26.9330 26.9579 27.7096 27.7096 27.6307 26.9538 26.9537 26.8747 27.5635 27.4132 26.8406 26.8942 26.8690 32.6700 32.6984 32.6984 30.6222 30.6220 27.1622 27.1081 27.1081 35.4593 35.5842 35.5842 35.7303 35.7303 29.4576 29.5613 29.5613 27.1682 27.1682 27.2468 27.1522 27.1522 27.2792 27.2792 27.2540 27.2118 27.1828 27.1828 27.0200 26.9196 27.7527 27.7276 27.7276 27.1824 27.2072 27.4573 27.8361 27.8361 27.5532 27.4779 27.2278 27.4028 27.4028 27.6993 27.7280
26.7857 26.8606 26.9818 26.9066 26.8601 26.9101 26.9388 26.9135 26.8384 26.8384 26.9580 26.9579 27.6845 27.6845 27.6557 26.9537 26.9786 26.9998 27.6887 27.5881 27.0155 27.0442 27.0441 32.8451 32.8198 32.8198 30.6436 30.6720 27.2122 27.1368 27.1368 35.4880 35.4341 35.4341 35.6801 35.6801 29.4576 29.5363 29.5363 27.1933 27.1933 27.4972 27.3526 27.3526 27.2079 27.2079 27.1827 27.1616 27.0326 27.0326 26.8948 26.9196 27.6739 27.7239 27.7239 27.1825 27.1322 27.1571 27.2855 27.2855 27.0564 27.1315 27.1526 27.4277 27.4277 27.8493 27.8780
27.1609 27.2358 27.3069 27.2318 26.9315 26.9815 27.0102 27.0136 26.9384 26.9384 26.9764 26.9763 26.9398 26.9398 26.9109 27.1632 27.1881 27.2094 26.8849 26.7844 26.8351 26.8638 26.8637 27.7119 27.6865 27.6865 28.8622 28.8907 38.9263 38.8510 38.8510 44.0859 44.0319 44.0319 44.0779 44.0779 31.1784 31.2572 31.2572 37.1665 37.1665 37.4704 27.0512 27.0512 27.1399 27.1399 27.1146 27.2109 27.0819 27.0819 27.0108 27.0356 26.9751 27.0251 27.0251 27.1074 27.0571 27.0821 27.0603 27.0603 27.1564 27.2315 27.2526 27.5777 27.5777 27.9993 28.0493
27.2146 27.0607 27.1318 27.1318 26.8315 26.8815 26.9064 26.9097 26.8884 26.8884 26.9264 26.9513 26.9147 26.9147 27.0898 27.3421 27.3131 27.3343 27.0099 26.8344 26.8851 26.9100 26.9099 27.7581 27.7115 27.7115 28.7121 28.7406 38.7762 38.8009 38.8009 44.0359 43.9819 43.9819 43.9528 43.9528 31.0534 31.1783 31.1783 37.1414 37.1414 37.4454 27.0262 27.0262 27.0398 27.0398 27.0146 27.2609 27.1319 27.1319 27.1108 27.1356 27.0001 27.0501 27.0501 27.0073 26.9570 27.0320 27.0102 27.0102 27.1814 27.2565 27.3026 27.6277 27.6277 28.0493 28.0993
27.2396 27.0856 27.1569 27.1568 26.8566 26.8814 26.9063 26.9347 26.9134 26.9134 26.9513 26.9762 26.9899 26.9899 27.1649 27.3921 27.3631 27.3343 27.0099 26.9596 27.0103 27.0352 26.9600 27.8082 27.7366 27.7366 28.7372 28.7656 38.8012 38.8260 38.8260 44.0609 43.9317 43.9317 43.9528 43.9528 31.0282 31.1532 31.1532 37.0914 37.0914 37.4203 27.0012 27.0012 27.0649 27.0649 26.9895 27.2358 27.0854 27.0854 27.0642 27.1857 27.0502 27.0750 27.0750 27.0322 27.0321 27.1071 27.0102 27.0102 27.1814 27.2313 27.2775 27.5777 27.5777 27.8990 27.9490
26.8679 26.7140 26.8316 26.8316 26.8315 26.8564 26.8813 26.9061 26.8847 26.8847 26.9418 26.9667 26.9395 26.9395 27.1145 27.1100 27.0811 27.0523 27.1773 27.1269 27.1859 27.2109 27.1356 27.1873 27.1157 27.1157 27.5612 27.5896 41.4240 41.4488 41.4488 37.3717 37.2425 37.2425 49.1963 49.1963 26.0591 26.1840 26.1840 30.9698 30.9698 31.2988 27.4213 27.4213 27.0674 27.0674 26.9920 27.2923 27.1418 27.1418 27.2555 27.3770 27.2752 27.3001 27.3001 27.1203 27.1202 27.1951 27.1603 27.1603 27.0601 27.1100 27.1561 27.6277 27.6277 27.9491 27.8990
26.9181 26.9180 27.0106 27.0317 27.0317 27.0064 27.0313 27.1061 27.2810 27.2810 27.2881 27.1418 27.1146 27.1146 27.1395 27.0599 27.0348 26.9845 27.1095 27.1770 27.2360 27.1359 27.0355 27.0872 26.9368 26.9368 27.4611 27.5145 41.3490 41.3738 41.3738 37.2967 37.1962 37.1962 49.1211 49.1211 25.9589 25.9838 25.9838 30.9158 30.9158 30.9158 26.9920 26.9920 26.9171 26.9171 26.8919 27.0709 27.0958 27.0958 27.3058 27.1768 27.2500 27.2499 27.2499 27.1164 27.0661 27.0698 27.1853 27.1853 26.9850 27.0099 27.0598 27.7567 27.7567 27.6775 27.6274
26.8987 26.8986 26.9942 27.0153 27.1066 27.0814 27.1063 27.1561 27.3310 27.3310 27.3094 27.1631 27.1415 27.1415 27.1664 27.1160 27.0909 27.0406 27.0905 27.1580 27.0790 26.9789 26.8785 26.8793 26.7290 26.7290 26.7628 26.8163 27.8647 27.8895 27.8895 32.6430 32.5426 32.5426 29.8779 29.8779 31.6033 31.6282 31.6282 42.3287 42.3287 42.3286 28.1016 28.1016 27.7891 27.7891 27.7640 26.9779 27.0027 27.0027 27.2529 27.1238 27.3250 27.3249 27.3249 27.3748 27.3245 27.3282 27.6106 27.6106 27.2352 27.2600 27.3100 27.7297 27.7297 27.6505 27.5667
26.9487 26.9987 26.9940 26.9901 27.0814 27.1314 27.4064 27.4061 27.1809 27.1809 27.1556 27.2595 27.2163 27.2163 26.9911 26.9908 26.9907 26.9404 26.9904 27.1079 27.0288 26.9537 26.9536 26.9545 26.7539 26.7539 26.7377 26.6410 27.6895 27.8394 27.8394 32.5928 32.6427 32.6427 30.0064 30.0064 31.7282 31.6781 31.6781 42.2286 42.2286 42.2285 28.2015 28.2015 27.7137 27.7137 27.7386 26.8524 26.8524 26.8524 26.8811 26.9524 27.0999 27.0246 27.0246 27.0994 27.0743 27.1742 27.5030 27.5030 27.2564 27.2850 27.3599 27.5042 27.5042 27.3287 27.2449
26.9487 26.9987 26.9940 26.9901 27.0814 27.1314 27.4064 27.4061 27.1809 27.1809 27.1556 27.2595 27.2163 27.2163 26.9911 26.9908 26.9907 26.9404 26.9904 27.1079 27.0288 26.9537 26.9536 26.9545 26.7539 26.7539 26.7377 26.6410 27.6895 27.8394 27.8394 32.5928 32.6427 32.6427 30.0064 30.0064 31.7282 31.6781 31.6781 42.2286 42.2286 42.2285 28.2015 28.2015 27.7137 27.7137 27.7386 26.8524 26.8524 26.8524 26.8811 26.9524 27.0999 27.0246 27.0246 27.0994 27.0743 27.1742 27.5030 27.5030 27.2564 27.2850 27.3599 27.5042 27.5042 27.3287 27.2449
26.9681 27.0180 26.9889 26.9850 27.0100 27.0600 27.3350 27.3561 27.1309 27.1309 27.1056 27.2094 27.1599 27.1599 26.9346 36.9990 36.9989 36.9486 27.5531 27.6707 28.5047 28.4295 28.4294 27.0038 26.8033 26.8033 26.6090 26.5123 29.6909 29.8408 29.8408 27.1705 27.2203 27.2203 26.7038 26.7038 28.0020 27.9519 27.9519 52.7155 52.7155 52.7153 25.6105 25.6105 30.8560 30.8560 30.8809 26.7093 26.7092 26.7092 29.5202 29.5915 26.8137 26.7384 26.7384 27.0099 26.9848 27.0847 27.5741 27.5741 29.1076 29.1362 29.2111 27.5599 27.5599 27.3845 27.2781
26.9678 27.0428 27.1677 27.0425 27.0675 27.0887 27.3598 27.3310 27.1308 27.1308 27.1305 27.1554 27.0809 27.0809 27.2098 37.2740 37.1238 37.1237 27.7283 27.5492 28.3832 28.3793 28.3542 26.9285 26.9284 26.9284 26.7805 26.6551 29.8337 29.7157 29.7157 27.0454 27.0702 27.0702 26.5325 26.5325 27.8056 27.9268 27.9268 52.5905 52.5905 52.5652 25.4566 25.4566 30.7808 30.7808 30.8057 26.7092 26.7341 26.7341 29.6201 29.5699 26.6671 26.6884 26.6884 26.9848 26.9596 26.9345 27.4740 27.4740 29.1076 29.1611 29.1610 27.3847 27.3847 27.4845 27.3781
26.9678 27.0428 27.1677 27.0425 27.0675 27.0887 27.3598 27.3310 27.1308 27.1308 27.1305 27.1554 27.0809 27.0809 27.2098 37.2740 37.1238 37.1237 27.7283 27.5492 28.3832 28.3793 28.3542 26.9285 26.9284 26.9284 26.7805 26.6551 29.8337 29.7157 29.7157 27.0454 27.0702 27.0702 26.5325 26.5325 27.8056 27.9268 27.9268 52.5905 52.5905 52.5652 25.4566 25.4566 30.7808 30.7808 30.8057 26.7092 26.7341 26.7341 29.6201 29.5699 26.6671 26.6884 26.6884 26.9848 26.9596 26.9345 27.4740 27.4740 29.1076 29.1611 29.1610 27.3847 27.3847 27.4845 27.3781
26.8603 26.9392 27.0803 27.1552 27.1759 27.1971 27.1470 27.0451 27.1411 27.1411 27.2756 27.2505 28.3701 28.3701 28.2950 27.6122 27.6660 27.6909 28.0160 27.9908 28.0158 28.0407 27.9617 27.1574 27.0033 27.0033 27.1134 27.1883 26.9803 26.8836 26.8836 26.9508 26.7790 26.7790 26.7547 26.7547 26.9198 27.0698 27.0698 29.0767 29.0767 29.0516 28.4762 28.4762 34.4775 34.4775 34.4809 26.9236 26.9235 26.9235 30.1022 30.1020 30.7425 30.7639 30.7639 27.8298 27.8296 27.8545 27.2066 27.2066 28.3602 28.4387 28.4424 27.3251 27.3251 27.3749 27.5756
26.8603 26.9392 27.0803 27.1552 27.1759 27.1971 27.1470 27.0451 27.1411 27.1411 27.2756 27.2505 28.3701 28.3701 28.2950 27.6122 27.6660 27.6909 28.0160 27.9908 28.0158 28.0407 27.9617 27.1574 27.0033 27.0033 27.1134 27.1883 26.9803 26.8836 26.8836 26.9508 26.7790 26.7790 26.7547 26.7547 26.9198 27.0698 27.0698 29.0767 29.0767 29.0516 28.4762 28.4762 34.4775 34.4775 34.4809 26.9236 26.9235 26.9235 30.1022 30.1020 30.7425 30.7639 30.7639 27.8298 27.8296 27.8545 27.2066 27.2066 28.3602 28.4387 28.4424 27.3251 27.3251 27.3749 27.5756
26.9089 26.9878 26.9911 27.0660 27.0967 27.1179 27.0678 26.9109 27.0069 27.0069 27.1584 27.1332 27.1705 27.1705 27.0954 27.3501 27.4039 27.4288 33.2202 33.1950 32.1440 32.1689 32.0900 29.9334 29.7792 29.7792 30.1018 30.1767 26.7635 26.6667 26.6667 26.8560 26.6842 26.6842 26.7626 26.7626 26.9340 27.0840 27.0840 27.5560 27.5560 27.5309 28.0011 28.0011 36.0030 36.0030 36.0064 27.4107 27.4106 27.4106 27.3361 27.3359 27.7610 27.7824 27.7824 29.0293 29.0291 29.0541 30.2996 30.2996 32.5750 32.6535 32.6572 27.2894 27.2894 27.3392 28.1347
26.9590 26.9878 26.9909 26.9658 26.9965 26.9928 27.2929 27.1861 27.1570 27.1570 27.2834 27.1333 27.1920 27.1920 27.2669 27.5251 27.3288 27.3037 33.0951 33.0448 31.9938 32.1938 32.1150 29.9584 29.8291 29.8291 30.2517 30.2766 26.8634 26.9418 26.9418 27.1311 26.9346 26.9346 26.9378 26.9378 27.0125 27.0875 27.0875 27.6060 27.6060 27.6058 28.0510 28.0510 36.0530 36.0530 36.0313 27.6108 27.6107 27.6107 27.4862 27.4860 27.7861 27.8074 27.8074 28.9542 29.0292 29.2042 30.4246 30.4246 32.6249 32.6534 32.7034 27.2604 27.2604 27.2890 28.0845
26.9590 26.9878 26.9909 26.9658 26.9965 26.9928 27.2929 27.1861 27.1570 27.1570 27.2834 27.1333 27.1920 27.1920 27.2669 27.5251 27.3288 27.3037 33.0951 33.0448 31.9938 32.1938 32.1150 29.9584 29.8291 29.8291 30.2517 30.2766 26.8634 26.9418 26.9418 27.1311 26.9346 26.9346 26.9378 26.9378 27.0125 27.0875 27.0875 27.6060 27.6060 27.6058 28.0510 28.0510 36.0530 36.0530 36.0313 27.6108 27.6107 27.6107 27.4862 27.4860 27.7861 27.8074 27.8074 28.9542 29.0292 29.2042 30.4246 30.4246 32.6249 32.6534 32.7034 27.2604 27.2604 27.2890 28.0845
26.9603 26.9890 26.9830 26.9579 26.9097 26.8844 27.1845 27.2725 27.2434 27.2434 27.2888 27.1386 30.6927 30.6927 30.7676 27.2747 27.0784 27.0532 36.3402 36.3149 37.5271 37.7271 37.6231 29.3373 29.1830 29.1830 27.2801 27.2299 27.7713 27.8498 27.8498 28.4117 28.2652 28.2652 27.2812 27.2812 26.9649 27.0399 27.0399 27.3800 27.3800 27.3548 29.2444 29.2444 28.9076 28.9076 28.8610 27.3346 27.3594 27.3594 27.4078 27.4077 27.3164 27.3878 27.3878 27.7785 27.7032 27.8781 44.9075 44.9075 37.9053 37.8801 37.9300 35.4535 35.4535 35.4570 30.4255
27.0353 27.0602 27.0542 27.1080 27.0598 27.0345 27.0594 27.1474 27.0472 27.0472 27.0925 27.0385 30.5926 30.5926 30.6425 27.1496 27.0745 27.0493 36.3363 36.3399 37.5521 37.5520 37.4480 29.1622 29.0869 29.0869 27.4051 27.3548 27.8963 27.8247 27.8247 28.3866 28.4114 28.4114 27.2812 27.2812 26.9649 26.9899 26.9899 27.3088 27.3088 27.2836 29.2694 29.2694 28.8826 28.8826 28.8360 27.3057 27.3306 27.3306 27.4327 27.4326 27.2914 27.3627 27.3627 27.8071 27.7319 27.7281 44.7575 44.7575 37.8053 37.7801 37.8550 35.3785 35.3785 35.4070 30.3755
27.0603 27.0852 26.9789 27.0327 26.9845 26.9593 26.9842 27.0471 26.9469 26.9469 27.0925 27.0385 30.5925 30.5925 30.6424 27.1245 27.0494 27.0743 36.3612 36.3649 37.5771 37.5770 37.4981 29.2123 29.1369 29.1369 27.4552 27.4049 27.9464 27.7710 27.7710 28.3329 28.3112 28.3112 27.1809 27.1809 26.8146 26.8396 26.8396 27.1835 27.1835 27.1834 29.1693 29.1693 28.8325 28.8325 28.8609 27.3307 27.3306 27.3306 27.4327 27.3825 27.2412 27.2160 27.2160 27.6605 27.6818 27.6780 44.6572 44.6572 37.7051 37.7050 37.7799 35.3033 35.3033 35.3569 30.3254
27.0603 27.2602 27.1528 27.0527 27.0542 27.0290 26.9328 27.0191 26.9440 26.9440 27.0151 26.9899 27.0634 27.0634 27.1094 27.0853 27.1102 27.1351 27.5328 27.5327 32.6094 32.6132 32.5342 38.1987 38.1234 38.1234 32.5145 32.4642 28.7113 28.7321 28.7321 28.0244 28.0277 28.0277 27.3388 27.3388 27.0087 26.9124 26.9124 29.6118 29.6118 29.6117 34.1381 34.1381 27.3330 27.3330 27.3614 27.3200 27.3199 27.3199 27.3789 27.3286 27.1661 27.1410 27.1410 27.4797 27.5011 27.3509 27.5814 27.5814 33.5813 33.5812 33.6812 38.5819 38.5819 38.7318 36.3781
27.0603 27.2602 27.1528 27.0527 27.0542 27.0290 26.9328 27.0191 26.9440 26.9440 27.0151 26.9899 27.0634 27.0634 27.1094 27.0853 27.1102 27.1351 27.5328 27.5327 32.6094 32.6132 32.5342 38.1987 38.1234 38.1234 32.5145 32.4642 28.7113 28.7321 28.7321 28.0244 28.0277 28.0277 27.3388 27.3388 27.0087 26.9124 26.9124 29.6118 29.6118 29.6117 34.1381 34.1381 27.3330 27.3330 27.3614 27.3200 27.3199 27.3199 27.3789 27.3286 27.1661 27.1410 27.1410 27.4797 27.5011 27.3509 27.5814 27.5814 33.5813 33.5812 33.6812 38.5819 38.5819 38.7318 36.3781
27.1139 27.3138 27.1597 27.0595 27.1086 27.1335 27.0373 27.1789 27.1038 27.1038 27.0653 27.0401 26.9983 26.9983 27.0443 27.1481 27.1730 27.1766 27.2522 27.2519 34.2100 34.2138 34.1636 49.6307 49.5767 49.5767 38.1481 38.1230 27.1956 27.1663 27.1663 36.6879 36.6412 36.6412 25.0038 25.0038 26.9682 26.8719 26.8719 28.1299 28.1299 28.1297 34.4631 34.4631 26.3108 26.3108 26.2856 26.7272 26.7305 26.7305 26.9412 26.9161 26.9218 26.9216 26.9216 26.9285 26.9499 26.7998 27.1829 27.1829 39.3366 39.3364 39.4363 37.2244 37.2244 37.3491 49.1674
27.1639 27.1638 27.0096 26.9595 27.0085 27.0335 26.9872 27.1289 27.0787 27.0787 27.0402 27.1151 27.0733 27.0733 27.0693 27.1731 27.1230 27.1266 27.2022 27.1769 34.1350 34.1637 34.1135 49.5807 49.5267 49.5267 38.1731 38.1479 27.2205 27.1163 27.1163 36.6379 36.6911 36.6911 25.0038 25.0038 26.9681 26.9219 26.9219 28.2299 28.2299 28.2298 34.5131 34.5131 26.3108 26.3108 26.2856 26.7772 26.7805 26.7805 26.9911 26.9660 27.1180 27.1178 27.1178 27.1786 27.2000 26.9248 27.3080 27.3080 39.3866 39.3864 39.4613 37.2494 37.2494 37.2991 49.1174
