regresion/FEBRERO_2003/SeaWiFS/3_Bandas/Composicion (Lt_490).txt
ncols         167
nrows         127
xllcorner     -112.008
yllcorner     26.723
cellsize      0.00893
[rows 87 to 115 of 127, columns 67 to 133 of 167]
45.5639 45.6341 45.6688 45.6686 45.6684 45.7035 45.6955 45.7226 45.7577 45.7577 45.8202 45.8904 45.8194 45.8194 45.8271 45.7638 45.7637 45.7357 45.6651 45.6294 45.4180 45.4804 45.4802 45.4727 45.6759 45.6759 45.6756 45.7107 45.7457 45.7533 45.7533 45.7957 45.5487 45.5487 45.6614 45.6614 45.6962 45.7234 45.7234 45.7860 45.7860 45.8132 45.8481 45.8481 45.9609 45.9609 45.9608 45.8975 46.0458 46.0458 46.0808 46.0807 45.9947 45.7125 45.7125 45.5011 45.5285 45.5284 45.7744 45.7744 45.7191 45.8245 45.9651 45.9647 45.9647 45.6905 45.7608
45.5639 45.6341 45.6688 45.6686 45.6684 45.7035 45.6955 45.7226 45.7577 45.7577 45.8202 45.8904 45.8194 45.8194 45.8271 45.7638 45.7637 45.7357 45.6651 45.6294 45.4180 45.4804 45.4802 45.4727 45.6759 45.6759 45.6756 45.7107 45.7457 45.7533 45.7533 45.7957 45.5487 45.5487 45.6614 45.6614 45.6962 45.7234 45.7234 45.7860 45.7860 45.8132 45.8481 45.8481 45.9609 45.9609 45.9608 45.8975 46.0458 46.0458 46.0808 46.0807 45.9947 45.7125 45.7125 45.5011 45.5285 45.5284 45.7744 45.7744 45.7191 45.8245 45.9651 45.9647 45.9647 45.6905 45.7608
45.5135 45.5563 45.4574 45.5277 45.5979 45.6330 45.5976 45.7026 45.7298 45.7298 45.7848 45.8550 45.7137 45.7137 45.7839 45.5372 45.5449 45.5170 45.4537 45.4181 45.4180 45.4179 45.4177 45.4176 45.5073 45.5073 45.4997 45.5348 45.6050 45.8508 45.8508 46.0618 45.9284 45.9284 45.8022 45.8022 45.8722 45.9425 45.9425 45.8212 45.8212 45.8484 46.0240 46.0240 45.9529 45.9529 45.9528 45.7920 45.9402 45.9402 46.1160 46.1158 46.0803 45.7981 45.7981 45.7473 45.7746 45.7041 45.8798 45.8798 45.7740 45.8793 45.8168 45.9295 45.9295 45.8664 45.8311
45.6192 45.6620 45.5632 45.6334 45.7037 45.5976 45.5622 45.7026 45.7298 45.7298 45.7142 45.7844 45.7137 45.7137 45.7839 45.5722 45.5800 45.5522 45.4890 45.4181 45.4180 45.4179 45.4880 45.4879 45.5073 45.5073 45.4997 45.5346 45.6048 45.7804 45.7804 45.9913 45.9284 45.9284 45.8374 45.8374 45.8370 45.9072 45.9072 45.8210 45.8210 45.8836 46.0592 46.0592 46.0234 46.0234 46.1287 45.9679 45.9402 45.9402 46.1160 46.0804 46.0449 45.8686 45.8686 45.8178 45.7470 45.6765 45.9501 45.9501 45.8443 45.8793 45.8168 45.9647 45.9647 45.8310 45.7957
45.5840 45.6268 45.6262 45.6965 45.7389 45.6328 45.5974 45.6674 45.6946 45.6946 45.6512 45.7214 45.5729 45.5729 45.6431 45.5370 45.5448 45.5170 45.5872 45.5164 45.4180 45.4178 45.4879 45.5230 45.5424 45.5424 45.7182 45.7531 45.8862 46.0618 46.0618 46.0616 45.9987 45.9987 45.7947 45.7947 45.7665 45.8367 45.8367 45.9691 45.9691 46.0317 46.0592 46.0592 46.0233 46.0233 46.1287 45.9252 45.8976 45.8976 46.0808 46.0452 46.0097 45.8334 45.8334 45.7900 45.7192 45.6487 45.8797 45.8797 45.8443 45.8793 45.8168 45.8868 45.8868 45.7531 45.7597
45.5408 45.5836 45.6614 45.6613 45.7037 45.7738 45.8089 45.7027 45.8003 45.8003 45.7217 45.7215 45.6785 45.6785 45.6783 45.5020 45.4666 45.4387 45.5089 45.4811 45.3827 45.3474 45.4528 45.4878 45.5227 45.5227 45.6906 45.6826 45.8158 45.7449 45.7449 45.7448 45.8501 45.8501 46.1817 46.1817 46.1890 46.1184 46.1184 46.0474 46.0474 46.0042 45.8830 45.8830 45.9177 45.9177 45.9526 45.8116 45.8465 45.8465 45.8265 45.8341 45.8690 45.5868 45.5868 45.7977 45.7623 45.6487 45.8444 45.8444 45.7035 45.8088 45.7032 45.7381 45.7381 45.7883 45.7949
45.5408 45.5836 45.6614 45.6613 45.7037 45.7738 45.8089 45.7027 45.8003 45.8003 45.7217 45.7215 45.6785 45.6785 45.6783 45.5020 45.4666 45.4387 45.5089 45.4811 45.3827 45.3474 45.4528 45.4878 45.5227 45.5227 45.6906 45.6826 45.8158 45.7449 45.7449 45.7448 45.8501 45.8501 46.1817 46.1817 46.1890 46.1184 46.1184 46.0474 46.0474 46.0042 45.8830 45.8830 45.9177 45.9177 45.9526 45.8116 45.8465 45.8465 45.8265 45.8341 45.8690 45.5868 45.5868 45.7977 45.7623 45.6487 45.8444 45.8444 45.7035 45.8088 45.7032 45.7381 45.7381 45.7883 45.7949
45.4703 45.5131 45.6262 45.6260 45.6258 45.6960 45.7311 45.6674 45.7650 45.7650 45.5807 45.5806 45.6506 45.6506 45.6504 45.5371 45.5017 45.4738 45.4737 45.4459 45.3475 45.3122 45.4175 45.5934 45.6283 45.6283 45.8314 45.8234 45.8509 45.7801 45.7801 45.7800 45.8853 45.8853 46.1113 46.1113 46.1537 46.0832 46.0832 46.1178 46.1178 46.0746 45.9255 45.9255 45.9177 45.9177 45.9526 45.8116 45.8465 45.8465 45.7838 45.7914 45.9041 45.6219 45.6219 45.8329 45.7975 45.6838 45.7815 45.7815 45.6682 45.7736 45.6679 45.7029 45.7029 45.7531 45.7530
46.1045 46.1747 46.2526 46.3306 46.3305 46.0483 46.0481 45.8080 45.7727 45.7727 45.6590 45.7917 45.7560 45.7560 45.5800 45.4312 45.3608 45.3606 45.3605 45.4107 45.3123 45.3473 45.3824 45.5583 45.6985 45.6985 45.9720 45.9289 45.9565 45.8152 45.8152 45.8151 45.6739 45.6739 45.8297 45.8297 45.9072 46.2238 46.2238 46.2586 46.2586 46.2583 46.1092 46.1092 46.0232 46.0232 45.9526 45.9875 46.0576 46.0576 45.7486 45.7207 45.8687 45.6923 45.6923 45.9033 45.7972 45.6133 45.6758 45.6758 45.6330 45.7383 45.8086 45.8786 45.8786 45.6473 45.6472
46.1045 46.1747 46.2526 46.3306 46.3305 46.0483 46.0481 45.8080 45.7727 45.7727 45.6590 45.7917 45.7560 45.7560 45.5800 45.4312 45.3608 45.3606 45.3605 45.4107 45.3123 45.3473 45.3824 45.5583 45.6985 45.6985 45.9720 45.9289 45.9565 45.8152 45.8152 45.8151 45.6739 45.6739 45.8297 45.8297 45.9072 46.2238 46.2238 46.2586 46.2586 46.2583 46.1092 46.1092 46.0232 46.0232 45.9526 45.9875 46.0576 46.0576 45.7486 45.7207 45.8687 45.6923 45.6923 45.9033 45.7972 45.6133 45.6758 45.6758 45.6330 45.7383 45.8086 45.8786 45.8786 45.6473 45.6472
46.0763 46.1113 46.3228 46.2875 46.2873 46.8157 46.8234 46.8304 46.7598 46.7598 45.6667 45.7721 45.5879 45.5879 45.6150 45.6424 45.5015 45.4661 45.4308 45.4380 45.3675 45.3751 45.4100 45.8044 45.8744 45.8744 45.8390 45.7957 45.8308 45.9633 45.9633 45.9909 46.0961 46.0961 46.0251 46.0251 46.0325 45.8291 45.8291 46.0471 46.0471 46.0822 45.8355 45.8355 45.8544 45.8544 45.8893 46.1280 46.1983 46.1983 46.1277 46.1351 46.1429 45.8255 45.8255 45.8326 45.7973 45.7619 45.7892 45.7892 45.5699 45.6402 45.8160 45.8785 45.8785 45.8781 45.9483
46.0763 46.1113 46.3228 46.2875 46.2873 46.8157 46.8234 46.8304 46.7598 46.7598 45.6667 45.7721 45.5879 45.5879 45.6150 45.6424 45.5015 45.4661 45.4308 45.4380 45.3675 45.3751 45.4100 45.8044 45.8744 45.8744 45.8390 45.7957 45.8308 45.9633 45.9633 45.9909 46.0961 46.0961 46.0251 46.0251 46.0325 45.8291 45.8291 46.0471 46.0471 46.0822 45.8355 45.8355 45.8544 45.8544 45.8893 46.1280 46.1983 46.1983 46.1277 46.1351 46.1429 45.8255 45.8255 45.8326 45.7973 45.7619 45.7892 45.7892 45.5699 45.6402 45.8160 45.8785 45.8785 45.8781 45.9483
46.2169 46.2519 46.7727 46.7374 46.7372 51.4686 51.4763 47.4574 47.3869 47.3869 45.8076 45.9130 46.4331 46.4331 46.4603 46.5657 46.4248 45.4733 45.5363 45.4028 45.4026 45.4103 45.4099 45.7617 45.9372 45.9372 45.8036 45.8740 45.9090 46.0689 46.0689 46.0335 45.9628 45.9628 45.8491 45.8491 45.9267 45.7233 45.7233 46.0397 46.0397 45.9689 45.7297 45.7297 45.8896 45.8896 45.9245 46.1353 46.1350 46.1350 46.0571 46.0998 46.2484 46.0718 46.0718 45.9308 45.7896 45.7542 45.7263 45.7263 45.5422 45.5343 45.7101 45.8859 45.8859 46.0616 46.0188
46.2169 46.2519 46.7727 46.7726 46.7724 51.5037 51.4762 47.4574 47.4924 47.4924 45.9131 45.9834 46.5035 46.5035 46.6089 46.7143 46.6711 45.7196 45.7826 45.6139 45.6137 45.4455 45.4451 45.7969 45.7260 45.7260 45.6276 45.6979 45.7330 45.8304 45.8304 45.7950 46.1034 46.1034 46.0249 46.0249 46.1025 46.1024 46.1024 46.1453 46.1453 46.0745 45.8705 45.8705 45.9328 45.9328 45.9677 45.9946 45.9943 45.9943 45.9515 45.9942 46.1699 45.9934 45.9934 46.0011 45.8599 45.8246 45.7966 45.7966 45.5852 45.5773 45.7101 45.8859 45.8859 46.0264 45.9836
46.2169 46.2519 46.7727 46.7726 46.7724 51.5037 51.4762 47.4574 47.4924 47.4924 45.9131 45.9834 46.5035 46.5035 46.6089 46.7143 46.6711 45.7196 45.7826 45.6139 45.6137 45.4455 45.4451 45.7969 45.7260 45.7260 45.6276 45.6979 45.7330 45.8304 45.8304 45.7950 46.1034 46.1034 46.0249 46.0249 46.1025 46.1024 46.1024 46.1453 46.1453 46.0745 45.8705 45.8705 45.9328 45.9328 45.9677 45.9946 45.9943 45.9943 45.9515 45.9942 46.1699 45.9934 45.9934 46.0011 45.8599 45.8246 45.7966 45.7966 45.5852 45.5773 45.7101 45.8859 45.8859 46.0264 45.9836
46.8389 46.7605 47.0127 46.9774 46.8995 48.2962 48.3312 48.4012 48.5144 48.5144 47.5271 47.4917 45.8694 45.8694 45.9748 45.9744 46.0367 45.8956 45.9306 45.7540 45.8521 45.7816 45.8244 46.0002 45.8668 45.8668 45.7258 45.6197 45.6270 45.5838 45.5838 45.5837 45.5753 45.5753 45.6805 45.6805 45.7507 45.7858 45.7858 45.8282 45.8282 45.8280 45.8982 45.8982 45.9326 45.9326 45.9324 46.0650 46.0646 46.0646 45.9588 45.8881 45.9157 45.8879 45.8879 45.9308 45.7543 45.6486 45.6482 45.6482 45.8314 45.7885 45.7100 45.8857 45.8857 46.4488 46.4487
46.8389 46.7605 47.0127 46.9774 46.8995 48.2962 48.3312 48.4012 48.5144 48.5144 47.5271 47.4917 45.8694 45.8694 45.9748 45.9744 46.0367 45.8956 45.9306 45.7540 45.8521 45.7816 45.8244 46.0002 45.8668 45.8668 45.7258 45.6197 45.6270 45.5838 45.5838 45.5837 45.5753 45.5753 45.6805 45.6805 45.7507 45.7858 45.7858 45.8282 45.8282 45.8280 45.8982 45.8982 45.9326 45.9326 45.9324 46.0650 46.0646 46.0646 45.9588 45.8881 45.9157 45.8879 45.8879 45.9308 45.7543 45.6486 45.6482 45.6482 45.8314 45.7885 45.7100 45.8857 45.8857 46.4488 46.4487
47.3521 47.2737 47.9778 47.9425 47.8646 46.9565 46.9915 47.3437 47.4570 47.4570 47.1039 47.0686 47.4091 47.4091 47.5145 46.2210 46.2833 46.0363 46.0714 45.7892 45.8873 45.8168 45.8947 46.0705 45.9020 45.9020 45.7610 45.6550 45.6622 45.5486 45.5486 45.5484 45.6105 45.6105 45.7860 45.7860 45.7860 45.8210 45.8210 45.8634 45.8634 45.8984 45.9685 45.9685 45.9403 45.9403 45.9322 46.0648 46.0646 46.0646 45.9588 45.8176 45.8452 45.8525 45.8525 45.8954 45.8248 45.7191 45.6130 45.6130 45.7962 45.8235 45.7451 45.6744 45.6744 46.2373 46.2372
47.2464 47.1758 47.8799 47.8719 47.8365 46.9285 46.9635 47.3083 47.3082 47.3082 46.8848 46.9628 47.3664 47.3664 47.3663 46.1506 46.1856 45.9387 46.0441 45.7893 45.9652 46.0002 46.0781 46.0001 45.9294 45.9294 45.9018 45.7957 45.8307 45.7523 45.7523 45.7243 45.6183 45.6183 45.7859 45.7859 45.7933 45.7932 45.7932 45.7852 45.7852 45.8201 45.6869 45.6869 45.7920 45.7920 45.7840 45.8615 45.8614 45.8614 46.0995 45.9583 45.9580 45.9654 45.9654 45.8873 45.8167 45.7894 45.7537 45.7537 45.8239 45.8512 45.7807 45.7175 45.7175 46.0965 46.1681
47.2464 47.1758 47.8799 47.8719 47.8365 46.9285 46.9635 47.3083 47.3082 47.3082 46.8848 46.9628 47.3664 47.3664 47.3663 46.1506 46.1856 45.9387 46.0441 45.7893 45.9652 46.0002 46.0781 46.0001 45.9294 45.9294 45.9018 45.7957 45.8307 45.7523 45.7523 45.7243 45.6183 45.6183 45.7859 45.7859 45.7933 45.7932 45.7932 45.7852 45.7852 45.8201 45.6869 45.6869 45.7920 45.7920 45.7840 45.8615 45.8614 45.8614 46.0995 45.9583 45.9580 45.9654 45.9654 45.8873 45.8167 45.7894 45.7537 45.7537 45.8239 45.8512 45.7807 45.7175 45.7175 46.0965 46.1681
49.7798 49.7796 48.7785 48.7002 48.7352 48.6983 48.7685 48.6273 48.5919 48.5919 49.8100 49.8528 46.9972 46.9972 47.0322 50.7931 50.8633 47.4810 47.5234 46.4936 46.3526 46.3525 45.9372 45.9370 45.8308 45.8308 45.9014 45.9013 45.9363 45.8929 45.8929 45.8576 45.8573 45.8573 45.8640 45.8640 45.7932 45.8203 45.8203 45.7220 45.7220 45.7922 45.8198 45.8198 45.7214 45.7214 45.7136 45.7837 45.7130 45.7130 45.9313 45.8959 45.8525 45.8246 45.8246 45.8243 45.7183 45.7182 45.7809 45.7809 45.6478 45.7885 45.7180 46.0269 46.0269 46.1322 46.1396
49.7798 49.7796 48.7785 48.7002 48.7352 48.6983 48.7685 48.6273 48.5919 48.5919 49.8100 49.8528 46.9972 46.9972 47.0322 50.7931 50.8633 47.4810 47.5234 46.4936 46.3526 46.3525 45.9372 45.9370 45.8308 45.8308 45.9014 45.9013 45.9363 45.8929 45.8929 45.8576 45.8573 45.8573 45.8640 45.8640 45.7932 45.8203 45.8203 45.7220 45.7220 45.7922 45.8198 45.8198 45.7214 45.7214 45.7136 45.7837 45.7130 45.7130 45.9313 45.8959 45.8525 45.8246 45.8246 45.8243 45.7183 45.7182 45.7809 45.7809 45.6478 45.7885 45.7180 46.0269 46.0269 46.1322 46.1396
47.7901 47.7899 46.3703 46.2920 46.3271 46.3635 46.4337 46.8815 46.8462 46.8462 50.1357 50.1785 45.7272 45.7272 45.7622 47.9393 48.0096 48.4321 48.4746 47.0923 46.9513 46.9511 45.9724 45.9723 45.9365 45.9365 46.0072 46.1478 46.1828 46.1825 46.1825 46.1472 45.8571 45.8571 45.8640 45.8640 45.7932 45.8203 45.8203 45.6866 45.6866 45.6512 45.6788 45.6788 45.6157 45.6157 45.6431 45.7133 45.6778 45.6778 45.8961 45.7901 45.7467 45.7818 45.7818 45.7815 45.7183 45.7182 45.8160 45.8160 45.6829 45.6475 45.5770 46.0269 46.0269 47.0829 47.0902
47.7548 47.7899 46.6093 46.5387 46.5460 46.5824 46.6448 47.0222 46.9516 46.9516 50.3541 50.3187 45.7193 45.7193 45.7622 47.9041 47.9392 48.3617 48.2912 46.9167 46.8536 46.9863 46.0076 46.0426 45.9013 45.9013 45.8658 46.0065 46.0341 46.0769 46.0769 46.0767 45.8922 45.8922 45.8566 45.8566 45.6875 45.6443 45.6443 45.7921 45.7921 45.7567 45.7565 45.7565 45.6156 45.6156 45.6430 45.9243 45.8888 45.8888 45.8885 45.7826 45.7114 45.7465 45.7465 45.6407 45.5775 45.5423 45.6123 45.6123 45.7180 45.6827 45.6825 46.1324 46.1324 47.0829 47.1179
46.2287 46.2638 48.1239 48.0533 48.0606 46.4983 46.5607 46.7443 46.6738 46.6738 47.5877 47.5524 46.4992 46.4992 46.5421 50.0531 50.0881 52.2243 52.1538 48.8917 48.8286 48.9613 46.0994 46.1344 46.1837 46.1837 46.1482 46.6269 46.6545 46.1695 46.1695 46.1694 45.8922 45.8922 45.8212 45.8212 45.6171 45.5739 45.5739 45.6864 45.6864 45.6861 45.6859 45.6859 45.5804 45.5804 45.5096 45.7908 45.8183 45.8183 45.8181 45.7826 45.7114 45.7111 45.7111 45.6053 45.5775 45.5423 45.5770 45.5770 45.6828 45.7177 45.7176 45.7803 45.7803 46.8716 46.9066
46.2287 46.2638 48.1239 48.0533 48.0606 46.4983 46.5607 46.7443 46.6738 46.6738 47.5877 47.5524 46.4992 46.4992 46.5421 50.0531 50.0881 52.2243 52.1538 48.8917 48.8286 48.9613 46.0994 46.1344 46.1837 46.1837 46.1482 46.6269 46.6545 46.1695 46.1695 46.1694 45.8922 45.8922 45.8212 45.8212 45.6171 45.5739 45.5739 45.6864 45.6864 45.6861 45.6859 45.6859 45.5804 45.5804 45.5096 45.7908 45.8183 45.8183 45.8181 45.7826 45.7114 45.7111 45.7111 45.6053 45.5775 45.5423 45.5770 45.5770 45.6828 45.7177 45.7176 45.7803 45.7803 46.8716 46.9066
46.0097 46.0173 47.8775 47.7717 47.7363 46.1741 46.2795 46.4706 46.6386 46.6386 47.5173 47.4468 46.3658 46.3658 46.3305 49.7988 49.8768 52.0130 51.9777 48.7156 48.7506 48.8209 45.9590 46.0014 46.1836 46.1836 46.2538 46.7324 46.7323 46.2746 46.2746 46.2318 45.8569 45.8569 45.7507 45.7507 45.6800 45.6799 45.6799 45.4401 45.4401 45.4397 45.4747 45.4747 45.6854 45.6854 45.6146 45.7908 45.8183 45.8183 45.7125 45.6770 45.5082 45.5079 45.5079 45.5701 45.5423 45.6829 45.6825 45.6825 45.7100 45.7449 45.7880 45.8858 45.8858 46.9067 46.9418
46.5919 46.5995 49.3321 49.2263 49.1910 47.1333 47.2387 45.7677 45.9358 45.9358 46.5311 46.4606 45.9075 45.9075 45.8721 45.8779 45.9559 50.6866 50.6513 46.3177 46.3528 46.4230 45.9297 45.9721 46.6937 46.6937 46.7638 47.6826 47.6825 46.3615 46.3615 46.3187 45.7792 45.7792 45.6320 45.6320 45.6094 45.6093 45.6093 45.4401 45.4401 45.3692 45.4043 45.4043 45.6500 45.6500 45.6498 45.8261 45.7829 45.7829 45.6771 45.7825 45.6137 45.6135 45.6135 45.6758 45.5774 45.7180 45.7177 45.7177 45.7453 45.7449 45.7880 45.9208 45.9208 46.0967 46.1318
46.5289 46.5012 49.2968 49.2614 49.1909 47.1331 47.2386 45.7249 45.6819 45.6819 46.2847 46.2495 45.6611 45.6611 45.7313 45.7797 45.7873 50.5180 50.5457 46.2121 46.2823 46.2822 45.7888 45.7887 46.6510 46.6510 46.6933 47.6121 47.6120 46.2558 46.2558 46.2557 45.7083 45.7083 45.5617 45.5617 45.5742 45.4685 45.4685 45.4327 45.4327 45.3619 45.3339 45.3339 45.7203 45.7203 45.7202 45.5717 45.5286 45.5286 45.5010 45.6064 45.5709 45.5708 45.5708 45.7188 45.6204 45.6476 45.6825 45.6825 45.7175 45.7172 45.7522 45.8425 45.8425 46.0967 46.2021
