regresion/FEBRERO_2003/SeaWiFS/3_Bandas/Composicion (Lt_490).txt
ncols         167
nrows         127
xllcorner     -112.008
yllcorner     26.723
cellsize      0.00893
[rows 0 to 28 of 127, columns 0 to 66 of 167]
46.7706 46.7706 47.6433 47.5375 46.3386 46.5220 46.2830 46.2118 46.2118 46.5285 46.5282 48.0879 48.0879 47.9392 46.3510 46.2451 49.6514 49.6514 49.6588 46.4120 46.4120 46.3762 46.3762 46.4464 46.6651 46.6651 46.3477 46.4531 46.3116 46.2408 46.2408 46.3108 46.3732 46.3023 46.2038 46.2038 46.1606 46.0193 45.9837 46.0967 46.1317 46.1317 46.3703 46.3424 46.3424 46.1658 46.1658 46.1576 46.1572 46.1572 46.2268 46.2268 46.2970 46.2262 46.2262 46.1628 46.1628 46.1974 46.3305 46.3305 46.5491 47.4640 47.4283 46.8217 46.8217 46.7861 48.7655
46.9114 46.9114 47.7136 47.6078 46.4089 46.5847 46.3457 46.2823 46.2823 46.5989 46.5282 48.0879 48.0879 47.9392 46.3510 46.2803 49.6866 49.6866 49.6864 46.4396 46.4396 46.4113 46.4113 46.4463 46.6650 46.6650 46.2847 46.3901 46.2486 46.2056 46.2056 46.2052 46.2676 46.1967 46.1259 46.1259 46.0826 46.0193 45.9837 46.0967 46.1317 46.1317 46.3426 46.3147 46.3147 46.0953 46.0953 46.1575 46.1571 46.1571 46.0784 46.0784 46.1486 46.1908 46.1908 46.1979 46.1979 46.2326 46.2325 46.2325 46.4510 46.6545 46.6188 46.6809 46.6809 46.6453 46.6451
46.9466 46.9466 47.7488 47.6781 46.4791 46.6549 46.4435 46.3800 46.3800 46.5285 46.4578 48.1583 48.1583 48.0096 46.2101 46.1395 46.4131 46.4131 46.4128 46.4394 46.4394 46.3408 46.3408 46.3758 46.6297 46.6297 46.2495 46.2493 46.1078 46.0999 46.0999 46.0996 46.0916 46.0206 46.0906 46.0906 46.0473 46.0192 45.9836 46.0263 46.0613 46.0613 46.1665 46.1386 46.1386 46.1657 46.1657 46.2278 46.2274 46.2274 46.1487 46.1487 46.1837 46.2259 46.2259 46.2332 46.2332 46.3382 46.3381 46.3381 46.4510 46.6545 46.6188 46.5480 46.5480 46.6100 46.6098
47.6166 47.6166 51.7080 51.6374 53.6569 53.7623 53.5508 46.2762 46.2762 46.4088 46.2676 47.8053 47.8053 47.6994 47.3816 47.2683 46.3777 46.3777 46.4127 46.3337 46.3337 46.6856 46.6856 46.7282 47.2643 47.2643 46.2414 46.2412 46.1078 46.0721 46.0721 46.1347 46.1266 46.0910 46.1609 46.1609 46.1177 46.0468 46.0464 46.0967 46.0612 46.0612 46.2017 46.2796 46.2796 46.2085 46.2085 46.1926 46.1922 46.1922 46.1212 46.1212 46.1562 46.2535 46.2535 46.3036 46.3036 46.3382 46.9718 46.9718 47.0847 46.4859 46.4855 46.4071 46.4071 46.4692 46.5394
47.6166 47.6166 51.7080 51.6374 53.6569 53.7623 53.5508 46.2762 46.2762 46.4088 46.2676 47.8053 47.8053 47.6994 47.3816 47.2683 46.3777 46.3777 46.4127 46.3337 46.3337 46.6856 46.6856 46.7282 47.2643 47.2643 46.2414 46.2412 46.1078 46.0721 46.0721 46.1347 46.1266 46.0910 46.1609 46.1609 46.1177 46.0468 46.0464 46.0967 46.0612 46.0612 46.2017 46.2796 46.2796 46.2085 46.2085 46.1926 46.1922 46.1922 46.1212 46.1212 46.1562 46.2535 46.2535 46.3036 46.3036 46.3382 46.9718 46.9718 47.0847 46.4859 46.4855 46.4071 46.4071 46.4692 46.5394
48.1738 48.1738 48.4313 47.1209 55.0802 55.1856 54.9244 47.9460 47.9460 47.3494 47.2083 53.7056 53.7056 53.5998 48.8295 48.7162 46.8288 46.8288 46.8638 45.9958 45.9958 46.0849 46.0849 46.1275 46.6573 46.6573 46.1279 46.1706 46.1430 46.0722 46.0722 46.0640 46.0638 46.0283 46.2313 46.2313 46.2231 46.1875 46.1873 46.2648 46.2291 46.2291 46.2015 46.1660 46.1660 46.1379 46.1379 46.1299 46.0945 46.0945 46.0506 46.0506 46.1208 46.1830 46.1830 46.3657 46.3657 46.3733 47.0069 47.0069 46.9788 46.3800 46.3798 46.4071 46.4071 46.4338 46.5040
48.2517 48.2517 48.5016 47.1912 55.1505 55.2208 54.9596 47.9383 47.9383 47.3417 47.3140 53.8113 53.8113 53.6350 48.8647 48.7588 46.8714 46.8714 46.8989 46.0309 46.0309 46.0848 46.0848 46.1198 46.6496 46.6496 46.0925 46.1353 46.1077 46.0722 46.0722 46.0716 46.0713 46.0359 46.2313 46.2313 46.2231 46.1875 46.1873 46.2572 46.2216 46.2216 46.1661 46.1307 46.1307 46.0673 46.0673 46.0669 46.0315 46.0315 46.0857 46.0857 46.1559 46.1829 46.1829 46.3229 46.3229 46.3304 46.6900 46.6900 46.6619 46.3448 46.3446 46.3795 46.3795 46.4062 46.7152
47.0561 47.0561 47.3060 47.1944 55.1537 55.2240 56.7352 49.7139 49.7139 54.4071 54.3793 48.4232 48.4232 48.2469 48.8481 48.7422 46.7955 46.7955 46.8230 46.0926 46.0926 46.1530 46.1530 46.1880 46.9717 46.9717 46.4146 46.1761 46.1485 46.1073 46.1073 46.1067 46.1064 46.0710 46.2743 46.2743 46.2660 46.1875 46.1873 46.2220 46.1864 46.1864 46.2287 46.1932 46.1932 46.0320 46.0320 46.1020 46.0666 46.0666 46.1991 46.1991 46.1911 46.2181 46.2181 46.2877 46.2877 46.3928 46.7524 46.7524 46.7675 46.4504 46.4502 46.4146 46.4146 46.3437 46.6527
46.9613 46.9613 46.9883 46.8767 51.7339 51.8041 53.3153 48.9082 48.9082 54.4646 54.4368 48.5640 48.5640 48.3877 46.6631 46.5573 46.6211 46.6211 46.6486 46.2478 46.2478 46.1833 46.1833 46.2183 46.7247 46.7247 47.7893 47.5509 46.3951 46.3540 46.3540 46.2125 46.2122 46.0002 46.2035 46.2035 46.2386 46.1600 46.1518 46.1866 46.1511 46.1511 46.1934 46.1930 46.1930 45.9967 45.9967 46.0668 46.0313 46.0313 46.1991 46.1991 46.1911 46.2534 46.2534 46.3582 46.3582 46.4279 46.7875 46.7875 46.8303 46.5132 46.5205 46.4850 46.4850 46.2379 46.5469
47.0318 47.0318 47.1368 47.0252 51.8824 51.8744 53.3856 48.8377 48.8377 54.3940 54.2882 48.4155 48.4155 48.3876 46.6630 46.6277 46.6915 46.6915 46.5504 46.1496 46.1496 46.2185 46.2185 46.1831 46.6895 46.6895 47.7818 47.5433 46.3876 46.3891 46.3891 46.1771 46.1769 45.9649 46.1405 46.1405 46.1756 46.1599 46.1517 46.1513 46.1158 46.1158 46.1859 46.1855 46.1855 45.9967 45.9967 46.1020 46.0665 46.0665 46.1714 46.1714 46.1633 46.2182 46.2182 46.2878 46.2878 46.3575 46.3925 46.3925 46.4353 46.4779 46.4852 46.4144 46.4144 46.1674 46.3081
47.3491 47.3491 47.0310 46.9955 47.0226 47.0147 46.9009 47.0767 47.0767 47.0758 46.9699 46.8283 46.8283 46.8005 46.7103 46.6750 47.0977 47.0977 46.9566 47.5557 47.5557 46.3489 46.3489 46.3135 46.3330 46.3330 46.6245 46.4720 46.4718 46.4164 46.4164 46.1771 46.3530 46.2115 46.2463 46.2463 46.2461 46.1951 46.1868 46.1512 46.1158 46.1158 46.2914 46.2558 46.2558 46.1728 46.1728 46.2077 46.1720 46.1720 46.1714 46.1714 46.2337 46.2256 46.2256 46.3228 46.3228 46.2166 46.2516 46.2516 46.3649 46.4074 46.3443 46.3087 46.3087 46.2026 46.3432
47.4194 47.4194 47.0310 46.9955 47.0226 46.9519 46.8382 47.0063 47.0063 47.0054 47.0051 46.8635 46.8635 46.8281 46.7379 46.6396 47.0624 47.0624 46.9565 47.5556 47.5556 46.3563 46.3563 46.3133 46.3328 46.3328 46.6245 46.4720 46.4718 46.3737 46.3737 46.1771 46.3530 46.2115 46.2111 46.2111 46.2109 46.2026 46.1944 46.1512 46.1158 46.1158 46.2209 46.1853 46.1853 46.2709 46.2709 46.1723 46.1367 46.1367 46.1713 46.1713 46.2336 46.2330 46.2330 46.2877 46.2877 46.1814 46.2868 46.2868 46.4001 46.4351 46.3719 46.2963 46.2963 46.1902 46.3377
49.3545 49.3545 49.6363 49.6220 47.1876 47.1169 47.0294 47.4365 47.4365 46.8573 46.8571 46.8407 46.8407 46.8052 46.8352 46.7369 46.7093 46.7093 46.6034 46.6383 46.6383 47.8281 47.8281 47.7851 46.4725 46.4725 46.4015 46.2605 46.4717 46.5417 46.5417 46.3450 46.5639 46.5284 46.5985 46.5985 46.4570 46.3862 46.4135 46.1864 46.2212 46.2212 46.0448 46.0446 46.0446 46.1219 46.1219 46.1016 46.1014 46.1014 45.9597 45.9597 45.9596 45.9592 45.9592 46.0762 46.0762 46.0758 46.1812 46.1812 46.2509 46.2859 46.2582 46.2961 46.2961 46.2251 46.3727
49.3545 49.3545 49.6363 49.6220 47.1876 47.1169 47.0294 47.4365 47.4365 46.8573 46.8571 46.8407 46.8407 46.8052 46.8352 46.7369 46.7093 46.7093 46.6034 46.6383 46.6383 47.8281 47.8281 47.7851 46.4725 46.4725 46.4015 46.2605 46.4717 46.5417 46.5417 46.3450 46.5639 46.5284 46.5985 46.5985 46.4570 46.3862 46.4135 46.1864 46.2212 46.2212 46.0448 46.0446 46.0446 46.1219 46.1219 46.1016 46.1014 46.1014 45.9597 45.9597 45.9596 45.9592 45.9592 46.0762 46.0762 46.0758 46.1812 46.1812 46.2509 46.2859 46.2582 46.2961 46.2961 46.2251 46.3727
49.3468 49.3468 49.6362 49.6219 47.1875 47.0111 46.9236 47.4088 47.4088 46.8296 46.8569 46.8406 46.8406 47.0165 47.0464 46.7293 46.7017 46.7017 46.6034 46.6383 46.6383 47.7928 47.7928 47.7926 46.4800 46.4800 46.4366 46.2955 46.5068 46.5416 46.5416 46.3021 46.5211 46.4856 46.5632 46.5632 46.4217 46.3157 46.3429 46.1234 46.1583 46.1583 46.0800 46.0798 46.0798 46.0867 46.0867 46.1645 46.1644 46.1644 45.9597 45.9597 45.9596 45.9944 45.9944 46.1540 46.1540 46.1536 46.1811 46.1811 46.2508 46.2506 46.2229 46.2830 46.2830 46.2120 46.3429
47.2306 47.2306 48.7651 48.7371 50.3947 50.2184 50.2697 46.9456 46.9456 47.5439 47.5713 47.1146 47.1146 47.2905 47.0816 46.7646 46.9131 46.9131 46.8148 46.6027 46.6027 46.8135 46.8135 46.8133 46.9104 46.9104 46.6909 46.5772 46.6472 46.6820 46.6820 46.5485 46.5483 46.4773 46.4220 46.4220 46.4570 46.4918 46.4483 46.3071 46.2717 46.2717 46.1504 46.0443 46.0443 46.0437 46.0437 46.0784 46.0860 46.0860 46.1357 46.1357 46.2059 46.2053 46.2053 46.1266 46.1266 46.2236 46.2511 46.2511 46.2860 46.2858 46.2579 46.2396 46.2396 46.1768 46.3077
47.2306 47.2306 48.7651 48.7371 50.3947 50.2184 50.2697 46.9456 46.9456 47.5439 47.5713 47.1146 47.1146 47.2905 47.0816 46.7646 46.9131 46.9131 46.8148 46.6027 46.6027 46.8135 46.8135 46.8133 46.9104 46.9104 46.6909 46.5772 46.6472 46.6820 46.6820 46.5485 46.5483 46.4773 46.4220 46.4220 46.4570 46.4918 46.4483 46.3071 46.2717 46.2717 46.1504 46.0443 46.0443 46.0437 46.0437 46.0784 46.0860 46.0860 46.1357 46.1357 46.2059 46.2053 46.2053 46.1266 46.1266 46.2236 46.2511 46.2511 46.2860 46.2858 46.2579 46.2396 46.2396 46.1768 46.3077
48.6562 48.6562 51.0153 50.9042 48.1375 47.9336 48.0978 49.1465 49.1465 47.6555 47.6553 47.0073 47.0073 46.9995 46.9350 46.7940 46.8341 46.8341 46.9043 46.8415 46.8415 46.8483 46.8483 46.9187 46.9807 46.9807 46.8746 46.8662 47.1478 47.0342 47.0342 46.6892 46.5481 46.4772 46.3441 46.3441 46.3439 46.5974 46.4912 46.3499 46.4124 46.4124 46.3688 46.3332 46.3332 46.4307 46.4307 46.3599 46.2615 46.2615 46.1985 46.1985 46.1279 46.0292 46.0292 46.1266 46.1266 46.1532 46.1883 46.1883 46.1527 46.1801 46.1445 46.0034 46.0034 46.0810 46.1864
48.6562 48.6562 51.0153 50.9042 48.1375 47.9336 48.0978 49.1465 49.1465 47.6555 47.6553 47.0073 47.0073 46.9995 46.9350 46.7940 46.8341 46.8341 46.9043 46.8415 46.8415 46.8483 46.8483 46.9187 46.9807 46.9807 46.8746 46.8662 47.1478 47.0342 47.0342 46.6892 46.5481 46.4772 46.3441 46.3441 46.3439 46.5974 46.4912 46.3499 46.4124 46.4124 46.3688 46.3332 46.3332 46.4307 46.4307 46.3599 46.2615 46.2615 46.1985 46.1985 46.1279 46.0292 46.0292 46.1266 46.1266 46.1532 46.1883 46.1883 46.1527 46.1801 46.1445 46.0034 46.0034 46.0810 46.1864
48.6561 48.6561 50.9096 50.7984 48.0317 47.8907 48.0548 49.1112 49.1112 47.6202 47.6200 46.9720 46.9720 46.9014 46.8370 46.7588 46.7989 46.7989 46.8690 46.8063 46.8063 46.8409 46.8409 46.8833 46.9454 46.9454 46.8040 46.7957 47.0773 47.0768 47.0768 46.7242 46.5832 46.5123 46.3440 46.3440 46.3438 46.4843 46.3781 46.3499 46.4124 46.4124 46.3336 46.2980 46.2980 46.3677 46.3677 46.3599 46.2615 46.2615 46.1985 46.1985 46.1279 46.0568 46.0568 46.1265 46.1265 46.1531 46.1882 46.1882 46.1526 46.1524 46.1168 46.0033 46.0033 46.0809 46.1533
49.7172 49.7172 49.1276 49.0570 48.2912 48.1501 48.1228 51.5539 51.5539 47.3373 47.3372 47.3368 47.3368 47.2662 46.8698 46.7917 46.8693 46.8693 46.9394 46.9389 46.9389 46.9110 46.9110 46.9535 47.5612 47.5612 46.8742 46.8740 46.9795 47.0061 47.0061 46.8217 46.7863 46.7234 46.6526 46.6526 46.6874 46.5192 46.7306 46.5968 46.2712 46.2712 46.3413 46.3059 46.3059 46.1210 46.1210 46.2187 46.1910 46.1910 46.2254 46.2254 46.2331 46.2328 46.2328 46.0986 46.0986 45.9850 46.0200 46.0200 46.0116 46.0114 46.0817 46.1793 46.1793 46.2567 46.3292
49.7172 49.7172 49.1276 49.0570 48.2912 48.1501 48.1228 51.5539 51.5539 47.3373 47.3372 47.3368 47.3368 47.2662 46.8698 46.7917 46.8693 46.8693 46.9394 46.9389 46.9389 46.9110 46.9110 46.9535 47.5612 47.5612 46.8742 46.8740 46.9795 47.0061 47.0061 46.8217 46.7863 46.7234 46.6526 46.6526 46.6874 46.5192 46.7306 46.5968 46.2712 46.2712 46.3413 46.3059 46.3059 46.1210 46.1210 46.2187 46.1910 46.1910 46.2254 46.2254 46.2331 46.2328 46.2328 46.0986 46.0986 45.9850 46.0200 46.0200 46.0116 46.0114 46.0817 46.1793 46.1793 46.2567 46.3292
71.1023 71.1023 51.5047 51.4340 52.1248 51.9837 51.9564 57.7793 57.7793 47.7471 47.6840 47.3195 47.3195 47.3193 47.1207 47.0852 46.9634 46.9634 46.9557 47.1503 47.1503 46.9461 46.9461 46.9812 47.4744 47.4744 46.8390 46.8387 46.7678 46.8297 46.8297 47.1112 47.0758 46.6954 46.6523 46.6523 46.5463 46.3427 46.4129 46.2716 46.1579 46.1579 46.2355 46.2703 46.2703 46.1561 46.1561 46.2261 46.1552 46.1552 46.2254 46.2254 46.2332 46.2678 46.2678 46.1691 46.1691 46.0200 46.0198 46.0198 46.0468 46.0466 46.0463 46.1439 46.1439 46.2215 46.2917
71.0318 71.0318 51.4342 51.3636 52.0544 51.9133 52.0972 57.9202 57.9202 47.6767 47.6135 47.3546 47.3546 47.3544 47.1910 47.1555 46.9986 46.9986 46.9909 47.1855 47.1855 46.9461 46.9461 46.9812 47.5448 47.5448 46.9093 46.9091 46.8381 46.8377 46.8377 47.1192 47.1814 46.8010 46.7579 46.7579 46.6519 46.4755 46.5456 46.3421 46.2284 46.2284 46.2706 46.3054 46.3054 46.1992 46.1992 46.2613 46.1904 46.1904 46.2254 46.2254 46.1548 46.1895 46.1895 46.2043 46.2043 46.2664 46.2662 46.2662 46.3363 46.3361 46.3357 46.2846 46.2846 46.2215 46.2917
70.1168 70.1168 49.5316 49.4610 58.5832 58.4421 58.6260 54.0398 54.0398 51.3544 51.2913 47.0566 47.0566 47.0564 47.3174 47.2820 46.9706 46.9706 46.9629 46.9528 46.9528 46.9133 46.9133 46.9484 46.9275 46.9275 47.4380 47.4378 46.7677 46.7672 46.7672 46.9078 46.9699 46.9421 46.8989 46.8989 46.7224 46.5460 46.6161 46.4126 46.3419 46.3419 46.3841 46.3054 46.3054 46.1992 46.1992 46.2613 46.2962 46.2962 46.2254 46.2254 46.1548 46.1895 46.1895 46.2395 46.2395 46.2664 46.2662 46.2662 46.2658 46.2656 46.2652 46.2141 46.2141 46.2567 46.3269
70.2927 70.2927 49.7151 49.6797 58.8018 58.5827 58.7232 54.1724 54.1724 51.6361 51.5655 46.9787 46.9787 46.9860 47.3153 47.2446 47.0408 47.0408 47.1110 47.1714 47.1714 47.0106 47.0106 47.0456 46.9274 46.9274 47.4657 47.5358 46.8657 46.9080 46.9080 47.0133 46.9344 46.9066 47.0044 47.0044 46.8279 46.6163 46.6864 46.5534 46.4827 46.4827 46.3137 46.2350 46.2350 46.1992 46.1992 46.1204 46.1553 46.1553 46.1900 46.1900 46.2602 46.2948 46.2948 46.3375 46.3375 46.2588 46.2309 46.2309 46.1953 46.2303 46.2299 46.3271 46.3271 46.2993 46.3268
70.2927 70.2927 49.7151 49.6797 58.8018 58.5827 58.7232 54.1724 54.1724 51.6361 51.5655 46.9787 46.9787 46.9860 47.3153 47.2446 47.0408 47.0408 47.1110 47.1714 47.1714 47.0106 47.0106 47.0456 46.9274 46.9274 47.4657 47.5358 46.8657 46.9080 46.9080 47.0133 46.9344 46.9066 47.0044 47.0044 46.8279 46.6163 46.6864 46.5534 46.4827 46.4827 46.3137 46.2350 46.2350 46.1992 46.1992 46.1204 46.1553 46.1553 46.1900 46.1900 46.2602 46.2948 46.2948 46.3375 46.3375 46.2588 46.2309 46.2309 46.1953 46.2303 46.2299 46.3271 46.3271 46.2993 46.3268
77.6782 77.6782 73.1225 73.0870 67.5936 66.4210 66.5616 65.4642 65.4642 53.1087 53.0836 47.9875 47.9875 47.9662 47.1555 47.0809 47.0998 47.0998 47.1700 47.1900 47.1900 47.0006 47.0006 47.0004 46.8891 46.8891 47.3268 47.3970 46.8657 46.9432 46.9432 47.0131 46.9342 47.4708 47.4703 47.4703 47.0467 46.9333 46.6157 46.4123 46.4472 46.4472 46.3059 46.2980 46.2980 46.3046 46.3046 46.2258 46.2256 46.2256 46.2678 46.2678 46.3380 46.2949 46.2949 46.3021 46.3021 46.2588 46.2586 46.2586 46.2228 46.1949 46.1947 46.2919 46.2919 46.2562 46.3264
77.7255 77.7255 73.1698 73.0870 67.5936 66.4210 66.4208 65.3234 65.3234 53.3468 53.3217 48.0689 48.0689 48.0476 47.2725 47.1979 47.0369 47.0369 47.1071 47.0578 47.0578 47.1048 47.1048 47.1046 47.0227 47.0227 47.4604 47.4457 46.9144 50.7398 50.7398 50.8097 46.4274 46.9640 48.3150 48.3150 47.8914 47.3204 47.0028 47.9878 48.0227 48.0227 46.2706 46.2627 46.2627 46.3045 46.3045 46.2690 46.2688 46.2688 46.3030 46.3030 46.3028 46.2597 46.2597 46.2940 46.2940 46.2235 46.2233 46.2233 46.1522 46.1244 46.1242 46.1238 46.1238 46.2210 46.2912
