regresion/FEBRERO_2003/SeaWiFS/3_Bandas/Composicion (Lt_490).txt
ncols         167
nrows         127
xllcorner     -112.008
yllcorner     26.723
cellsize      0.00893
[rows 29 to 57 of 127, columns 67 to 133 of 167]
46.3691 46.4041 46.3609 46.3607 46.3877 46.3874 46.3600 46.4310 46.3956 46.3956 46.3857 46.5616 46.5642 46.5642 46.5912 46.6051 46.6402 46.6476 46.6168 46.5107 53.6407 53.7189 53.6833 70.7243 70.6812 70.6812 58.8113 58.8109 46.2008 46.1220 46.1220 56.9157 57.0637 57.0637 46.3881 46.3881 46.7834 46.7562 46.7562 48.1192 48.1192 48.1114 53.6115 53.6115 46.3445 46.3445 46.2739 46.3377 46.2745 46.2745 46.5852 46.5848 46.9167 46.9517 46.9517 47.0346 47.0267 46.8858 46.9330 46.9330 59.5783 59.6132 59.6130 58.6526 58.6526 58.6599 68.7364
46.2009 46.2632 46.2980 46.2626 46.2822 46.2818 46.3169 46.3815 46.4597 46.4597 46.4658 46.5712 46.5362 46.5362 46.4656 46.4789 46.4355 46.4430 46.4614 46.3553 49.9455 49.9454 49.9098 64.9903 65.1312 65.1312 58.6565 58.6561 50.6928 50.6572 50.6572 50.9034 51.0434 51.0434 58.8768 58.8768 46.8677 46.8323 46.8323 46.7316 46.7316 46.7238 47.9682 47.9682 46.5625 46.5625 46.4919 46.4386 46.3754 46.3754 46.3349 46.3346 46.2996 46.3347 46.3347 46.6592 46.6513 46.6159 47.0385 47.0385 49.6293 49.6642 49.6561 56.7312 56.7312 56.7387 54.6497
46.2009 46.2632 46.2980 46.2626 46.2822 46.2818 46.3169 46.3815 46.4597 46.4597 46.4658 46.5712 46.5362 46.5362 46.4656 46.4789 46.4355 46.4430 46.4614 46.3553 49.9455 49.9454 49.9098 64.9903 65.1312 65.1312 58.6565 58.6561 50.6928 50.6572 50.6572 50.9034 51.0434 51.0434 58.8768 58.8768 46.8677 46.8323 46.8323 46.7316 46.7316 46.7238 47.9682 47.9682 46.5625 46.5625 46.4919 46.4386 46.3754 46.3754 46.3349 46.3346 46.2996 46.3347 46.3347 46.6592 46.6513 46.6159 47.0385 47.0385 49.6293 49.6642 49.6561 56.7312 56.7312 56.7387 54.6497
46.2009 46.2632 46.2625 46.2272 46.2467 46.2465 46.2816 46.2480 46.3262 46.3262 46.3953 46.5007 46.5008 46.5008 46.4302 46.4437 46.4003 46.4075 46.4260 46.3201 49.9103 49.9101 49.8745 64.9550 65.0960 65.0960 58.6213 58.5857 50.6223 50.6218 50.6218 50.8680 50.9300 50.9300 58.7709 58.7709 46.7972 46.7618 46.7618 46.6611 46.6611 46.7237 47.9680 47.9680 46.5273 46.5273 46.5269 46.4737 46.4106 46.4106 46.3701 46.4051 46.3701 46.4051 46.4051 46.7297 46.7294 46.6940 47.1440 47.1440 49.7348 49.6994 49.6913 56.7312 56.7312 56.7385 54.6495
46.1656 46.1927 46.1587 46.1585 46.1114 46.1112 46.2869 46.2896 46.2894 46.2894 46.3051 46.3129 46.3241 46.3241 46.2888 46.3489 46.3056 46.3129 46.3038 46.1979 50.6240 50.5182 50.4826 74.8246 74.8871 74.8871 66.7458 66.7102 64.8834 64.8829 64.8829 89.5684 89.6033 89.6033 91.4995 91.4995 58.5205 58.5556 58.5556 52.8610 52.8610 52.9235 46.3748 46.3748 46.3541 46.3541 46.3537 46.4883 46.4253 46.4253 46.4923 46.5272 46.6339 46.6690 46.6690 46.7361 46.7358 46.6382 47.1641 47.1641 48.6082 48.5729 48.4671 52.4797 52.4797 52.3381 54.9781
46.0522 46.0793 46.0882 46.0880 46.0409 46.0054 46.1812 46.2896 46.2894 46.2894 46.2697 46.2775 46.2889 46.2889 46.2536 46.3488 46.3054 46.3129 46.3038 46.1624 50.5885 50.4828 50.4826 74.8246 74.8593 74.8593 66.7180 66.7102 64.8834 64.8829 64.8829 89.5684 89.6031 89.6031 91.4995 91.4995 58.5204 58.5554 58.5554 52.8610 52.8610 52.9235 46.3748 46.3748 46.3188 46.3188 46.3537 46.4883 46.4880 46.4880 46.5550 46.5625 46.6692 46.7041 46.7041 46.7712 46.7710 46.6735 47.1993 47.1993 48.6435 48.5727 48.4670 52.5502 52.5502 52.3381 54.9781
46.0798 46.0796 46.1294 46.1214 46.0868 46.0514 46.2271 46.1432 46.0726 46.0726 46.1998 46.1019 46.1685 46.1685 45.9923 46.0362 46.0712 46.0786 45.6147 45.5710 55.7639 55.8693 55.8691 71.2972 71.3320 71.3320 85.0525 85.0447 84.1310 84.0600 84.0600 48.7465 48.8516 48.8516 54.1405 54.1405 46.5876 46.4819 46.4819 47.4115 47.4115 47.4741 46.3786 46.3786 46.2316 46.2316 46.2665 46.3620 46.3617 46.3617 46.5101 46.5175 46.4915 46.5264 46.5264 46.5799 46.5797 46.8341 46.8971 46.8971 46.6440 46.5732 46.4323 53.2188 53.2188 53.0772 50.4369
46.0798 46.0796 46.1294 46.1214 46.0868 46.0514 46.2271 46.1432 46.0726 46.0726 46.1998 46.1019 46.1685 46.1685 45.9923 46.0362 46.0712 46.0786 45.6147 45.5710 55.7639 55.8693 55.8691 71.2972 71.3320 71.3320 85.0525 85.0447 84.1310 84.0600 84.0600 48.7465 48.8516 48.8516 54.1405 54.1405 46.5876 46.4819 46.4819 47.4115 47.4115 47.4741 46.3786 46.3786 46.2316 46.2316 46.2665 46.3620 46.3617 46.3617 46.5101 46.5175 46.4915 46.5264 46.5264 46.5799 46.5797 46.8341 46.8971 46.8971 46.6440 46.5732 46.4323 53.2188 53.2188 53.0772 50.4369
46.1853 46.1851 46.1647 46.1566 46.1221 46.0865 46.2622 46.2137 46.1431 46.1431 46.1998 46.1019 46.2037 46.2037 46.0276 46.0714 46.1064 46.1765 45.7126 45.6768 55.8696 55.9750 55.9042 71.3323 71.4025 71.4025 85.1230 85.0798 84.1660 84.1657 84.1657 48.8522 48.9221 48.9221 54.1758 54.1758 46.6229 46.5172 46.5172 47.4466 47.4466 47.4741 46.3786 46.3786 46.2314 46.2314 46.2665 46.3620 46.3617 46.3617 46.5101 46.5174 46.4914 46.4912 46.4912 46.5446 46.6148 46.8691 46.8619 46.8619 46.6088 46.6084 46.4675 53.2539 53.2539 53.1125 50.4721
46.2909 46.2555 46.1922 46.0864 46.0099 45.9743 46.0717 46.1552 45.9439 45.9439 45.8538 45.9591 46.1513 46.1513 46.0887 46.1506 46.1152 46.1853 46.1980 46.2405 48.0967 48.0886 48.0177 71.3675 71.4728 71.4728 86.8710 86.8278 75.8688 75.9468 75.9468 49.4761 49.4404 49.4404 50.3816 50.3816 45.9232 46.0208 46.0208 46.0813 46.0813 46.1087 46.2545 46.2545 46.3089 46.3089 46.3439 46.3371 46.3368 46.3368 46.5331 46.5404 46.5672 46.5671 46.5671 46.6020 46.6722 46.7072 46.7267 46.7267 46.8755 46.8752 46.8398 48.3172 48.3172 48.2189 47.6006
46.2204 46.1850 46.2978 46.1920 46.1155 46.0801 46.1775 46.1903 45.9790 45.9790 46.0024 46.1078 46.1863 46.1863 46.1238 46.1858 46.1504 46.1853 46.1980 46.2405 48.0967 48.0886 48.0882 71.4380 71.4726 71.4726 86.8708 86.8983 75.9392 75.9818 75.9818 49.5111 49.5109 49.5109 50.5224 50.5224 46.0290 46.1265 46.1265 46.1165 46.1165 46.1162 46.2620 46.2620 46.2736 46.2736 46.2733 46.2665 46.3016 46.3016 46.4979 46.5051 46.5320 46.6021 46.6021 46.6371 46.6369 46.6720 46.7618 46.7618 46.9105 46.9456 46.9103 48.3524 48.3524 48.2111 47.5928
46.2204 46.1850 46.2978 46.1920 46.1155 46.0801 46.1775 46.1903 45.9790 45.9790 46.0024 46.1078 46.1863 46.1863 46.1238 46.1858 46.1504 46.1853 46.1980 46.2405 48.0967 48.0886 48.0882 71.4380 71.4726 71.4726 86.8708 86.8983 75.9392 75.9818 75.9818 49.5111 49.5109 49.5109 50.5224 50.5224 46.0290 46.1265 46.1265 46.1165 46.1165 46.1162 46.2620 46.2620 46.2736 46.2736 46.2733 46.2665 46.3016 46.3016 46.4979 46.5051 46.5320 46.6021 46.6021 46.6371 46.6369 46.6720 46.7618 46.7618 46.9105 46.9456 46.9103 48.3524 48.3524 48.2111 47.5928
46.1851 46.0441 46.0436 45.9379 45.9729 45.9804 45.9724 45.9502 46.0907 46.0907 46.0389 46.0739 46.1370 46.1370 46.0313 46.0245 46.0322 46.0321 46.0590 45.9957 48.6859 48.7835 48.7833 74.1788 74.1079 74.1079 60.3319 60.2888 47.8945 47.7533 47.7533 45.9900 45.9622 45.9622 45.7908 45.7908 45.9097 46.0151 46.0151 46.1490 46.1490 46.1134 46.1718 46.1718 46.0505 46.0505 46.0503 46.0964 46.0608 46.0608 46.2396 46.1765 46.5048 46.5750 46.5750 46.6370 46.6366 46.6013 46.6362 46.6362 46.7338 46.7963 46.9100 46.8165 46.8165 46.7808 46.7733
46.1851 46.0441 46.0436 45.9379 45.9729 45.9804 45.9724 45.9502 46.0907 46.0907 46.0389 46.0739 46.1370 46.1370 46.0313 46.0245 46.0322 46.0321 46.0590 45.9957 48.6859 48.7835 48.7833 74.1788 74.1079 74.1079 60.3319 60.2888 47.8945 47.7533 47.7533 45.9900 45.9622 45.9622 45.7908 45.7908 45.9097 46.0151 46.0151 46.1490 46.1490 46.1134 46.1718 46.1718 46.0505 46.0505 46.0503 46.0964 46.0608 46.0608 46.2396 46.1765 46.5048 46.5750 46.5750 46.6370 46.6366 46.6013 46.6362 46.6362 46.7338 46.7963 46.9100 46.8165 46.8165 46.7808 46.7733
46.1845 46.0515 46.0435 45.9377 46.0079 46.0155 46.1209 46.1565 46.1484 46.1484 46.1125 46.1124 46.1475 46.1475 46.0066 46.0015 46.0092 46.0090 45.9842 45.9209 46.0160 45.9103 45.9101 69.3014 69.2931 69.2931 62.8969 62.8538 47.4874 47.5221 47.5221 46.0191 45.9913 45.9913 45.8627 45.8627 45.9751 46.0101 46.0101 46.0591 46.0591 46.0235 46.1074 46.1074 46.2443 46.2443 46.2442 46.1738 46.1382 46.1382 46.1732 46.1102 46.3563 46.4265 46.4265 46.7073 46.7069 46.6716 46.7065 46.7065 46.6711 46.7336 46.7416 46.7688 46.7688 46.7332 46.5923
46.2548 46.1218 46.0435 45.9377 46.0079 45.9800 46.0854 46.1212 46.1131 46.1131 46.0772 46.0771 46.1828 46.1828 46.0419 45.9662 45.9739 45.9736 45.9488 45.9561 46.0513 45.9455 45.9099 69.3012 69.2931 69.2931 62.8969 62.8965 47.5301 47.5573 47.5573 46.0543 45.9561 45.9561 45.8273 45.8273 45.9046 45.9396 45.9396 46.0237 46.0237 46.0588 46.1427 46.1427 46.2443 46.2443 46.2088 46.1384 46.1735 46.1735 46.2084 46.2081 46.4542 46.4265 46.4265 46.7073 46.6717 46.6364 46.7064 46.7064 46.6710 46.6984 46.7064 46.7335 46.7335 46.6980 46.5571
46.2548 46.1218 46.0435 45.9377 46.0079 45.9800 46.0854 46.1212 46.1131 46.1131 46.0772 46.0771 46.1828 46.1828 46.0419 45.9662 45.9739 45.9736 45.9488 45.9561 46.0513 45.9455 45.9099 69.3012 69.2931 69.2931 62.8969 62.8965 47.5301 47.5573 47.5573 46.0543 45.9561 45.9561 45.8273 45.8273 45.9046 45.9396 45.9396 46.0237 46.0237 46.0588 46.1427 46.1427 46.2443 46.2443 46.2088 46.1384 46.1735 46.1735 46.2084 46.2081 46.4542 46.4265 46.4265 46.7073 46.6717 46.6364 46.7064 46.7064 46.6710 46.6984 46.7064 46.7335 46.7335 46.6980 46.5571
46.1491 46.2194 46.1762 46.0431 46.0262 45.9985 46.0335 46.0335 45.8925 45.8925 45.9877 45.9445 46.0429 46.0429 46.0076 45.9986 46.0688 45.9980 45.9850 45.8163 45.7599 45.7950 45.7672 48.0163 48.0862 48.0862 60.9987 60.9985 45.5049 45.6376 45.6376 45.8130 45.8479 45.8479 45.9262 45.9262 45.9291 45.9642 45.9642 46.2100 46.2100 46.2096 46.2078 46.2078 46.1816 46.1816 46.2089 46.2789 46.2083 46.2083 46.3843 46.3488 46.2781 46.2854 46.2854 46.1443 46.1442 46.3472 46.4248 46.4248 46.4598 46.4870 46.5222 46.5571 46.5571 46.7758 46.6273
46.1491 46.2194 46.1762 46.0431 46.0262 45.9985 46.0335 46.0335 45.8925 45.8925 45.9877 45.9445 46.0429 46.0429 46.0076 45.9986 46.0688 45.9980 45.9850 45.8163 45.7599 45.7950 45.7672 48.0163 48.0862 48.0862 60.9987 60.9985 45.5049 45.6376 45.6376 45.8130 45.8479 45.8479 45.9262 45.9262 45.9291 45.9642 45.9642 46.2100 46.2100 46.2096 46.2078 46.2078 46.1816 46.1816 46.2089 46.2789 46.2083 46.2083 46.3843 46.3488 46.2781 46.2854 46.2854 46.1443 46.1442 46.3472 46.4248 46.4248 46.4598 46.4870 46.5222 46.5571 46.5571 46.7758 46.6273
46.2195 46.1841 46.1409 46.2191 46.2021 46.1744 46.0334 46.0334 45.8572 45.8572 45.9524 45.9797 46.0781 46.0781 45.9724 45.9634 46.0336 45.9628 45.9498 45.9219 45.8655 45.9006 45.8727 48.1218 48.1917 48.1917 61.2176 61.2175 45.7238 45.7784 45.7784 45.9538 45.9182 45.9182 45.9887 45.9887 45.9916 45.9994 45.9994 46.2100 46.2100 46.2096 46.3564 46.3564 46.3223 46.3223 46.3495 46.2437 46.1731 46.1731 46.2707 46.2352 46.2078 46.2150 46.2150 46.2851 46.2850 46.1440 46.2217 46.2217 46.2135 46.2408 46.3462 46.3811 46.3811 46.4159 46.2673
46.1490 46.1136 46.1131 46.1913 46.2189 46.1557 46.0147 45.9791 45.8029 45.8029 45.8728 45.9001 45.9364 45.9364 45.8307 45.7521 45.8223 45.8222 45.7509 45.7582 45.7138 45.7489 45.7210 64.7858 64.8205 64.8205 60.2539 60.2184 47.0377 47.0572 47.0572 45.8618 45.8614 45.8614 45.8344 45.8344 45.8031 45.8108 45.8108 45.9028 45.9028 45.8672 46.0732 46.0732 46.0754 46.0754 46.1382 46.1027 46.1376 46.1376 46.2077 46.2075 46.2077 46.2150 46.2150 46.2499 46.2496 46.1086 46.1435 46.1435 46.1783 46.2132 46.3186 46.5218 46.5218 46.5568 46.5566
46.1490 46.1136 46.1131 46.1913 46.2189 46.1557 46.0147 45.9791 45.8029 45.8029 45.8728 45.9001 45.9364 45.9364 45.8307 45.7521 45.8223 45.8222 45.7509 45.7582 45.7138 45.7489 45.7210 64.7858 64.8205 64.8205 60.2539 60.2184 47.0377 47.0572 47.0572 45.8618 45.8614 45.8614 45.8344 45.8344 45.8031 45.8108 45.8108 45.9028 45.9028 45.8672 46.0732 46.0732 46.0754 46.0754 46.1382 46.1027 46.1376 46.1376 46.2077 46.2075 46.2077 46.2150 46.2150 46.2499 46.2496 46.1086 46.1435 46.1435 46.1783 46.2132 46.3186 46.5218 46.5218 46.5568 46.5566
46.1120 46.1470 46.1408 46.1055 46.0738 46.1087 46.1869 46.1795 45.8625 45.8625 45.9569 45.9215 45.8772 45.8772 45.8340 46.0395 46.1097 46.1798 46.7782 46.8131 46.5665 46.5742 46.4405 51.1478 51.1475 51.1475 46.6430 46.6427 46.0795 46.0006 46.0006 45.7852 45.8477 45.8477 45.9205 45.9205 45.8155 45.8233 45.8233 45.8501 45.8501 45.8852 45.8633 45.8633 45.8568 45.8568 45.8489 45.9617 45.9615 45.9615 46.1372 46.2074 46.2503 46.2577 46.2577 46.1794 46.1439 46.0382 46.1434 46.1434 46.1704 46.2055 46.2054 46.2753 46.2753 46.3805 46.4156
46.1120 46.1470 46.1408 46.1055 46.0738 46.1087 46.1869 46.1795 45.8625 45.8625 45.9569 45.9215 45.8772 45.8772 45.8340 46.0395 46.1097 46.1798 46.7782 46.8131 46.5665 46.5742 46.4405 51.1478 51.1475 51.1475 46.6430 46.6427 46.0795 46.0006 46.0006 45.7852 45.8477 45.8477 45.9205 45.9205 45.8155 45.8233 45.8233 45.8501 45.8501 45.8852 45.8633 45.8633 45.8568 45.8568 45.8489 45.9617 45.9615 45.9615 46.1372 46.2074 46.2503 46.2577 46.2577 46.1794 46.1439 46.0382 46.1434 46.1434 46.1704 46.2055 46.2054 46.2753 46.2753 46.3805 46.4156
46.1903 46.0061 45.9998 45.9644 45.9328 45.9678 46.0028 46.0305 45.9679 45.9679 46.0625 45.9567 45.9829 45.9829 46.0531 46.2586 46.1450 46.1446 46.7430 46.7425 46.4959 46.6013 46.6011 51.3084 51.0416 51.0416 46.6076 46.6074 46.0442 46.0790 46.0790 45.8636 45.9533 45.9533 45.9911 45.9911 45.9211 45.8858 45.8858 45.9910 45.9910 46.0612 46.0041 46.0041 46.0409 46.0409 46.0329 46.0674 46.3489 46.3489 46.5598 46.8415 46.9115 46.3829 46.3829 46.3830 46.2848 46.2495 46.6366 46.6366 46.6715 46.2131 46.1698 46.3456 46.3456 46.5918 46.6269
46.1843 46.0002 46.0071 45.9717 45.9715 46.0066 46.0416 46.0135 45.9510 45.9510 45.9275 45.8217 45.5117 45.5117 45.5819 55.7171 55.6034 55.6031 69.4628 69.4623 64.8935 64.9989 64.9987 58.2543 57.9875 57.9875 45.8114 45.8113 45.8848 45.9196 45.9196 45.9398 46.0296 46.0296 46.0349 46.0349 45.9640 45.9287 45.9287 46.0493 46.0493 46.1195 46.0061 46.0061 46.0408 46.0408 46.0328 46.0246 46.3061 46.3061 46.5246 46.8062 46.9115 46.3828 46.3828 46.4257 46.3275 46.2922 46.6366 46.6366 46.6011 46.1427 46.0994 46.3028 46.3028 46.5490 46.5917
46.1843 46.0002 46.0071 45.9717 45.9715 46.0066 46.0416 46.0135 45.9510 45.9510 45.9275 45.8217 45.5117 45.5117 45.5819 55.7171 55.6034 55.6031 69.4628 69.4623 64.8935 64.9989 64.9987 58.2543 57.9875 57.9875 45.8114 45.8113 45.8848 45.9196 45.9196 45.9398 46.0296 46.0296 46.0349 46.0349 45.9640 45.9287 45.9287 46.0493 46.0493 46.1195 46.0061 46.0061 46.0408 46.0408 46.0328 46.0246 46.3061 46.3061 46.5246 46.8062 46.9115 46.3828 46.3828 46.4257 46.3275 46.2922 46.6366 46.6366 46.6011 46.1427 46.0994 46.3028 46.3028 46.5490 46.5917
45.9379 45.8946 45.9367 45.9366 45.9364 45.9360 46.0414 46.0488 46.0565 46.0565 46.0329 45.9623 45.6172 45.6172 45.5819 55.7950 55.8925 55.8846 69.7443 69.6031 65.0343 65.0341 64.9985 58.2541 58.2341 58.2341 45.8820 45.7759 45.8494 45.7786 45.7786 45.7989 45.7908 45.7908 45.9642 45.9642 46.0343 45.9989 45.9989 46.1196 46.1196 46.0842 45.9356 45.9356 46.0759 46.0759 46.1110 46.1107 46.1379 46.1379 46.3484 47.8275 47.8624 46.9112 46.9112 46.9813 47.3413 47.4196 46.2841 46.2841 46.3191 46.2483 46.2482 46.3457 46.3457 46.4431 46.4858
45.9379 45.8946 45.8941 45.8939 45.9012 45.9008 46.0062 46.0136 46.0213 46.0213 46.1264 46.0558 46.1887 46.1887 46.1534 46.4695 46.5671 46.5592 58.7196 58.5784 46.5662 46.5660 46.5305 46.1782 46.1582 46.1582 45.9466 45.8405 45.8398 45.7690 45.7690 45.7946 45.7865 45.7865 45.8186 45.8186 46.1380 46.1027 46.1027 46.1302 46.1302 46.0948 46.0488 46.0488 46.1111 46.1111 46.1462 46.1811 46.2083 46.2083 46.2353 47.7143 47.9328 46.9816 46.9816 47.0165 47.3765 47.4548 46.3268 46.3268 46.3190 46.2482 46.2481 46.3808 46.3808 46.4782 46.4858
