regresion/FEBRERO_2003/SeaWiFS/3_Bandas/Composicion (Lt_555).txt
ncols         167
nrows         127
xllcorner     -112.008
yllcorner     26.723
cellsize      0.00893
[rows 58 to 86 of 127, columns 67 to 133 of 167]
27.3098 27.3309 27.2556 27.1805 27.2090 27.2088 27.3338 27.4124 27.2410 27.2410 27.2907 27.2156 27.3366 27.3366 27.3365 27.5364 27.5826 27.5787 37.7323 37.6320 27.7322 27.8071 27.8069 27.4065 27.3137 27.3137 27.1634 27.1632 27.2768 27.3015 27.3015 27.2360 27.1571 27.1571 27.2813 27.2813 27.3279 27.3528 27.3528 27.3241 27.3241 27.2776 27.3614 27.3614 27.4575 27.4575 27.3321 27.3820 27.4032 27.4032 27.3742 27.3740 27.2274 27.5276 27.5276 27.6275 29.7097 29.7135 27.8852 27.8852 27.8315 27.3556 27.3055 27.3554 27.3554 26.9219 26.8754
27.2847 27.2095 27.1343 27.2304 27.2553 27.2551 27.2551 27.3374 27.3123 27.3123 27.3370 27.2906 27.3153 27.3153 27.3152 27.4114 27.4613 27.4574 28.3326 28.4286 27.5031 27.5281 27.5278 27.5314 27.5099 27.5099 27.3886 27.3884 27.4383 27.3129 27.3129 27.3341 27.3052 27.3052 27.1511 27.1511 27.0759 27.2008 27.2008 27.4292 27.4292 27.3827 27.3113 27.3113 27.3861 27.3861 27.2607 27.4319 27.4531 27.4531 27.2991 27.2990 28.1990 28.4992 28.4992 27.5025 29.5847 29.6385 27.8852 27.8852 27.7064 27.2305 27.2054 27.2553 27.2553 26.8969 26.8718
27.2847 27.2095 27.1343 27.2304 27.2553 27.2551 27.2551 27.3374 27.3123 27.3123 27.3370 27.2906 27.3153 27.3153 27.3152 27.4114 27.4613 27.4574 28.3326 28.4286 27.5031 27.5281 27.5278 27.5314 27.5099 27.5099 27.3886 27.3884 27.4383 27.3129 27.3129 27.3341 27.3052 27.3052 27.1511 27.1511 27.0759 27.2008 27.2008 27.4292 27.4292 27.3827 27.3113 27.3113 27.3861 27.3861 27.2607 27.4319 27.4531 27.4531 27.2991 27.2990 28.1990 28.4992 28.4992 27.5025 29.5847 29.6385 27.8852 27.8852 27.7064 27.2305 27.2054 27.2553 27.2553 26.8969 26.8718
27.2346 27.1094 27.0341 27.0840 27.1089 27.1088 27.1550 27.2334 27.2833 27.2833 27.3119 27.4368 27.4866 27.4866 27.3152 27.3862 27.3362 27.3072 28.1825 28.2072 27.2818 27.5280 27.5279 27.5315 27.4849 27.4849 27.4346 27.4596 27.5095 27.3629 27.3629 27.3842 27.5090 27.5090 27.3299 27.3299 27.2546 27.1757 27.1757 27.3542 27.3542 27.3577 27.3075 27.3075 27.3861 27.3861 27.2106 27.2317 27.2028 27.2028 27.2527 27.2776 28.1238 28.1987 28.1987 27.2020 27.8777 27.9026 27.7060 27.7060 27.5561 27.1302 27.1301 27.3053 27.3053 26.8507 26.8256
27.1632 27.0380 27.0341 27.0840 27.1339 27.1338 27.1800 27.2547 27.3047 27.3047 27.4119 27.5369 27.4365 27.4365 27.2651 27.2898 27.2397 27.2108 27.2071 27.2318 27.2567 27.5029 27.5028 27.5778 27.5312 27.5312 27.4346 27.4595 27.4845 27.3379 27.3379 27.3629 27.4877 27.4877 27.3299 27.3299 27.3296 27.2507 27.2507 27.3041 27.3041 27.3077 27.1824 27.1824 27.4861 27.4861 27.3106 27.4318 27.4029 27.4029 27.3027 27.3276 27.2486 27.3235 27.3235 27.1269 27.8026 27.8275 27.6560 27.6560 27.5346 27.1087 27.1087 27.3303 27.3303 26.8757 26.8756
27.2170 27.0918 27.0091 27.0590 27.1089 27.1337 27.1799 27.2297 27.2796 27.2796 27.4369 27.5618 27.4365 27.4365 27.2651 27.2397 27.1896 27.2108 27.2071 27.2068 27.2317 27.4779 27.4777 27.5526 27.5024 27.5024 27.4058 27.4344 27.4593 27.3880 27.3880 27.4129 27.4877 27.4877 27.3299 27.3299 27.3546 27.2758 27.2758 27.2790 27.2790 27.2827 27.1574 27.1574 27.3608 27.3608 27.3106 27.4318 27.3564 27.3564 27.2563 27.3526 27.2736 27.3486 27.3486 27.1520 27.4271 27.4520 27.3554 27.3554 27.2340 27.6346 27.6345 27.0798 27.0798 26.8506 26.8506
27.1919 27.0917 27.0090 27.0589 27.1088 27.1337 27.2049 27.2547 27.2046 27.2046 27.3619 27.4618 27.3365 27.3365 27.4152 27.3898 27.2396 27.2608 27.2570 27.2317 27.2566 27.4778 27.4776 27.5526 27.3523 27.3523 27.2308 27.2593 27.2843 27.4630 27.4630 27.4880 27.3376 27.3376 27.4299 27.4299 27.4547 27.2757 27.2757 27.1789 27.1789 27.1826 27.2074 27.2074 27.3320 27.3320 27.2818 27.5568 27.4815 27.4815 27.1312 27.2275 27.2274 27.3024 27.3024 27.1770 27.4521 27.5270 27.4304 27.4304 27.1802 27.5807 27.5594 27.0047 27.0047 26.7756 26.7755
27.2169 27.1167 27.1126 27.1626 27.1088 27.1337 27.2049 27.1797 27.1296 27.1296 27.1581 27.2580 27.3114 27.3114 27.3902 27.3398 27.1896 27.2108 27.1356 27.1103 27.1066 27.3278 27.3276 27.3525 27.1522 27.1522 27.1771 27.2057 27.2092 27.3880 27.3880 27.4129 27.2625 27.2625 27.5049 27.5049 27.4546 27.2757 27.2757 27.0252 27.0252 27.0289 27.2073 27.2073 27.2068 27.2068 27.1567 27.3104 27.2351 27.2351 27.1562 27.2525 27.4024 27.4774 27.4774 27.2484 27.5235 27.5985 27.4054 27.4054 27.2802 27.6808 27.6595 26.9832 26.9832 26.7541 26.8005
27.2131 27.1417 27.2879 27.2628 27.2091 27.0836 27.1586 27.1333 27.1294 27.1294 27.1079 27.0578 27.1362 27.1362 27.3111 27.3109 27.2396 27.1893 27.1142 27.1603 27.1566 27.1815 27.1813 27.2063 27.2772 27.2772 27.1520 27.1556 27.1592 27.3839 27.3839 27.4089 27.2375 27.2375 27.4798 27.4798 27.4296 27.4796 27.4796 27.0252 27.0252 26.9749 27.1034 27.1034 27.1568 27.1568 27.1065 27.1351 27.1601 27.1601 27.2312 27.3025 27.3273 27.6776 27.6776 27.5236 27.1981 27.1731 27.0550 27.0550 27.0548 27.4553 27.4340 27.0083 27.0083 26.6789 26.7253
27.2631 27.1917 27.3129 27.2878 27.2627 27.1373 27.2122 27.1332 27.1294 27.1294 27.1079 27.0578 27.0325 27.0325 27.2074 27.2108 27.1395 27.0892 27.1392 27.1853 27.2102 27.2351 27.2349 27.0812 27.1521 27.1521 27.2270 27.2306 27.2092 27.4340 27.4340 27.3588 27.1874 27.1874 27.2833 27.2833 27.3796 27.4296 27.4296 27.0002 27.0002 26.9499 27.0998 27.0998 27.0817 27.0817 27.0314 27.1101 27.1350 27.1350 27.1599 27.2311 27.2273 27.5776 27.5776 27.4986 27.1731 27.1480 27.0514 27.0514 27.0298 27.4303 27.4090 26.9582 26.9582 26.6289 26.6788
27.2381 27.1667 27.2627 27.2376 27.2125 27.1873 27.2623 27.1583 27.1544 27.1544 27.1542 27.1041 27.0074 27.0074 27.1824 27.1606 27.0893 27.0391 27.0891 27.0850 27.1100 27.1349 27.1348 26.9810 27.1521 27.1521 27.2270 27.2306 27.2092 27.4089 27.4089 27.3338 27.1623 27.1623 27.3121 27.3121 27.3544 27.4044 27.4044 27.1003 27.1003 27.0250 27.1749 27.1749 27.0566 27.0566 27.0565 27.1351 27.1349 27.1349 27.1598 27.1560 27.1522 27.2271 27.2271 27.1481 27.2481 27.2230 27.2767 27.2767 27.2552 27.2550 27.2337 26.8079 26.8079 26.6575 26.7075
27.2130 27.1629 27.2589 27.2876 27.2625 27.2374 27.3123 27.2083 27.0831 27.0831 27.0829 27.1041 27.0074 27.0074 27.0073 26.9856 27.1105 27.0603 27.1102 27.0350 27.0599 27.0348 27.0347 26.8809 26.9808 26.9808 27.3020 27.3056 27.2842 27.2089 27.2089 27.1338 27.2085 27.2085 27.2121 27.2121 27.2544 27.3544 27.3544 27.2041 27.2041 27.1288 27.1498 27.1498 27.0815 27.0815 27.0814 27.1313 27.1311 27.1311 27.1098 27.1060 27.2022 27.2771 27.2771 27.0019 27.1018 27.1980 27.2517 27.2517 27.2551 27.2549 27.2549 26.8291 26.8291 26.7075 26.7575
27.2592 27.2091 27.1626 27.1913 27.1161 27.1121 27.1871 27.1582 27.0330 27.0330 27.0328 27.0540 27.0825 27.0825 27.0824 26.9355 27.0604 27.0853 27.1102 27.0350 27.1100 27.0849 27.0596 27.1059 27.1058 27.1058 27.1518 27.2017 27.1016 27.0301 27.0301 27.0336 27.1585 27.1585 27.1869 27.1869 27.1830 27.2829 27.2829 27.2038 27.2038 27.2037 27.2498 27.2498 27.1528 27.1528 27.2027 27.1813 27.1812 27.1812 27.1598 27.1810 27.1808 27.1557 27.1557 27.0268 27.0517 27.1479 26.8975 26.8975 27.0474 27.0510 27.0509 26.9291 26.9291 26.6823 26.6072
27.2592 27.2841 27.2376 27.2162 27.1411 27.1371 27.2371 27.2082 27.0830 27.0830 27.0828 27.0039 27.0324 27.0324 27.0324 26.8855 26.9354 26.9602 26.9852 27.0100 27.0850 27.0849 27.0596 27.1059 27.1057 27.1057 27.2268 27.2767 27.1766 27.0301 27.0301 27.0336 27.2084 27.2084 27.1869 27.1869 27.1830 27.1829 27.1829 27.2289 27.2289 27.2288 27.1748 27.1748 27.0528 27.0528 27.1027 27.1062 27.1061 27.1061 27.1060 27.1271 27.1057 27.0806 27.0806 27.0768 27.1017 27.0979 26.8475 26.8475 27.0474 27.0510 27.0259 26.9041 26.9041 26.7785 26.7034
27.2592 27.2841 27.2376 27.2162 27.1411 27.1371 27.2371 27.2082 27.0830 27.0830 27.0828 27.0039 27.0324 27.0324 27.0324 26.8855 26.9354 26.9602 26.9852 27.0100 27.0850 27.0849 27.0596 27.1059 27.1057 27.1057 27.2268 27.2767 27.1766 27.0301 27.0301 27.0336 27.2084 27.2084 27.1869 27.1869 27.1830 27.1829 27.1829 27.2289 27.2289 27.2288 27.1748 27.1748 27.0528 27.0528 27.1027 27.1062 27.1061 27.1061 27.1060 27.1271 27.1057 27.0806 27.0806 27.0768 27.1017 27.0979 26.8475 26.8475 27.0474 27.0510 27.0259 26.9041 26.9041 26.7785 26.7034
27.1342 27.1591 27.1374 27.1161 27.1410 27.1370 27.2370 27.2617 27.1365 27.1365 27.1077 27.0288 27.0572 27.0572 27.0571 26.9819 27.0318 27.0566 26.9851 26.9849 27.0098 27.0097 27.0846 27.0345 27.0092 27.0092 27.3268 27.3267 27.2016 27.0550 27.0550 27.1049 27.2047 27.2047 27.2369 27.2369 27.1078 27.1077 27.1077 27.2825 27.2825 27.2072 27.0496 27.0496 27.1030 27.1030 26.9525 26.9774 27.1024 27.1024 27.5562 27.5561 27.1344 27.1556 27.1556 27.1804 27.1803 27.1765 26.7725 26.7725 26.9473 26.9258 26.9007 26.9756 26.9756 26.8500 26.7534
27.2342 27.2091 27.1874 27.1874 27.2123 27.2083 27.3121 27.3368 27.2366 27.2366 27.2078 27.1076 27.1360 27.1360 27.1071 27.0318 26.9817 27.0066 26.9351 26.9061 26.9310 27.0097 27.0846 27.0345 27.0342 27.0342 27.2055 27.2054 27.0803 27.2050 27.2050 27.2549 27.2297 27.2297 27.3331 27.3331 27.2040 27.0826 27.0826 27.2074 27.2074 27.1321 27.0783 27.0783 27.1530 27.1530 27.0025 26.9024 27.0274 27.0274 27.5312 27.5311 27.1344 27.1556 27.1556 27.1304 27.1303 27.1553 26.7512 26.7512 26.8723 26.8508 26.9257 27.0006 27.0006 26.8249 26.7284
27.2842 27.2591 27.2337 27.2337 27.2372 27.2083 27.3120 27.2617 27.1615 27.1615 27.1112 27.0110 27.0860 27.0860 27.0571 27.1318 27.0817 27.0566 27.0064 26.9560 26.9096 26.9883 27.0596 26.9844 27.1343 27.1343 27.2092 27.1339 27.0802 27.2050 27.2050 27.3300 27.3297 27.3297 27.1793 27.1793 27.1539 27.0325 27.0325 27.1073 27.1073 27.1071 27.1319 27.1319 27.0490 27.0490 26.9775 26.9273 27.0524 27.0524 27.0522 27.0520 27.1093 27.1306 27.1306 27.0804 27.0051 27.0300 26.8547 26.8547 26.7472 26.8007 26.8757 26.8503 26.8503 26.8250 26.9000
27.2842 27.2591 27.2337 27.2337 27.2372 27.2083 27.3120 27.2617 27.1615 27.1615 27.1112 27.0110 27.0860 27.0860 27.0571 27.1318 27.0817 27.0566 27.0064 26.9560 26.9096 26.9883 27.0596 26.9844 27.1343 27.1343 27.2092 27.1339 27.0802 27.2050 27.2050 27.3300 27.3297 27.3297 27.1793 27.1793 27.1539 27.0325 27.0325 27.1073 27.1073 27.1071 27.1319 27.1319 27.0490 27.0490 26.9775 26.9273 27.0524 27.0524 27.0522 27.0520 27.1093 27.1306 27.1306 27.0804 27.0051 27.0300 26.8547 26.8547 26.7472 26.8007 26.8757 26.8503 26.8503 26.8250 26.9000
27.3342 27.2341 27.2087 27.2086 27.2121 27.1832 27.2331 27.1828 27.0364 27.0364 26.9860 26.9860 27.0610 27.0610 27.0859 27.1606 27.1567 27.1316 27.0815 26.9811 26.9346 26.9345 27.0058 26.9306 27.2344 27.2344 27.2342 27.1589 27.1052 27.1087 27.1087 27.2337 27.2297 27.2297 27.2044 27.2044 27.1789 27.1288 27.1288 26.9822 26.9822 26.9820 27.0569 27.0569 27.0778 27.0778 27.0062 27.0273 27.1523 27.1523 27.1272 27.1270 27.0555 27.0767 27.0767 27.0804 27.0051 26.9550 26.7797 26.7797 26.6759 26.7295 26.8007 26.7753 26.7753 26.7750 26.8500
27.3590 27.2589 27.2087 27.2086 27.2085 27.2045 27.2544 27.2328 27.0864 27.0864 27.0861 27.0860 27.0608 27.0608 27.0857 27.1105 27.1067 27.0564 26.9812 26.8809 26.8558 26.8557 26.9019 26.9055 27.1592 27.1592 27.1090 27.1339 27.0587 27.0122 27.0122 27.0835 27.0044 27.0044 27.0539 27.0539 27.0788 27.0287 27.0287 26.7568 26.7568 26.6566 26.7315 26.7315 26.9563 26.9563 27.0348 27.0772 27.0271 27.0271 27.4520 27.6271 27.0768 27.0479 27.0479 27.0302 26.9800 26.9299 26.7045 26.7045 26.6793 26.7330 26.8042 26.8753 26.8753 26.8499 26.8498
27.2377 27.3089 27.2587 27.2086 27.2085 27.2045 27.2294 27.2078 27.1614 27.1614 27.1611 27.0860 27.0607 27.0607 27.1857 27.2105 27.2066 27.1563 27.0812 27.0059 26.9808 26.8807 26.9269 26.9305 27.1342 27.1342 27.1841 27.2089 27.1338 27.0872 27.0872 27.1586 27.0044 27.0044 27.1039 27.1039 27.1288 27.0287 27.0287 26.8568 26.8568 26.7566 26.7815 26.7815 26.8312 26.8312 26.9098 27.0272 26.9771 26.9771 27.4520 27.6271 27.0518 27.0229 27.0229 26.9801 26.9300 27.0049 26.7795 26.7795 26.8544 26.9080 26.8579 26.9291 26.9291 26.7499 26.7498
27.2127 27.2839 27.2085 27.1584 27.1583 27.1331 27.1580 27.2077 27.1613 27.1613 27.1110 27.0359 26.9605 26.9605 27.0855 27.1855 27.1816 27.1062 27.0311 26.9808 26.9557 26.8556 26.8769 26.8804 27.1341 27.1341 27.1840 27.1588 27.0837 27.0834 27.0834 27.1548 27.0294 27.0294 27.1290 27.1290 27.0786 26.9785 26.9785 26.8068 26.8068 26.6814 26.7063 26.7063 26.7060 26.7060 26.9098 27.0272 26.9269 26.9269 27.4018 27.5019 26.9266 27.0517 27.0517 27.0089 26.8798 26.9548 26.8045 26.8045 26.8794 26.9794 26.9293 26.9792 26.9792 26.7749 26.7748
27.1913 27.2625 27.1835 27.1334 27.0833 27.0581 27.0830 27.1790 27.1327 27.1327 27.0860 27.0109 26.8604 26.8604 26.9854 27.0140 27.0101 26.9347 26.9811 26.9307 27.0057 26.9056 26.9269 26.8268 27.0805 27.0805 27.0838 27.0587 27.0836 27.0833 27.0833 27.0833 26.9579 26.9579 27.0539 27.0539 27.0535 26.9534 26.9534 26.8031 26.8031 26.6778 26.6813 26.6813 26.6810 26.6810 26.8847 27.0059 26.9055 26.9055 26.9767 27.0768 26.9016 27.0266 27.0266 27.0552 26.9262 27.0012 26.8796 26.8796 26.8044 26.9043 26.8542 26.7576 26.7576 26.5534 26.8249
27.1413 27.1912 27.0871 27.1333 27.0832 27.0830 27.0329 27.1290 27.2039 27.2039 27.1571 27.0608 26.9355 26.9355 27.0104 26.8385 26.8384 26.8634 26.9097 27.0308 27.1057 27.0806 27.0555 26.9553 27.0265 27.0265 27.0337 27.0836 27.1085 27.1083 27.1083 27.1082 27.0867 27.0867 26.9039 26.9039 26.9035 26.9284 26.9284 26.8242 26.8242 26.7740 26.7563 26.7563 27.0312 27.0312 26.9596 27.0345 27.0343 27.0343 27.0017 27.1017 27.1516 27.2266 27.2266 27.2265 27.2226 27.2013 27.0546 27.0546 26.8794 26.9293 27.0043 26.7824 26.7824 26.6283 26.8998
27.0161 27.0660 27.0156 27.0618 27.1331 27.1330 27.0829 26.9539 27.0288 27.0288 26.9784 26.8821 26.8353 26.8353 26.9103 26.7885 26.7884 26.8133 26.8633 26.9843 27.0557 27.0306 27.0054 27.0053 27.0766 27.0766 27.0552 27.1050 27.0585 27.0583 27.0583 27.0832 27.0617 27.0617 26.8824 26.8824 26.8535 26.8784 26.8784 26.7992 26.7992 26.7490 26.7526 26.7526 26.9812 26.9812 26.9096 26.9595 26.9593 26.9593 26.9303 27.0303 27.1015 27.1765 27.1765 27.1764 27.1726 27.1513 27.0010 27.0010 26.7793 26.8293 26.9042 26.7574 26.7574 26.6033 26.7718
26.9411 27.0160 26.9656 26.9868 27.0581 27.0580 27.0579 26.9288 27.0538 27.0538 27.0034 27.0033 26.9566 26.9566 26.9102 26.7884 26.7883 26.8133 26.8632 26.9880 27.0595 27.0556 27.0304 27.0304 27.1766 27.1766 27.1014 27.1512 27.1047 27.0083 27.0083 27.0332 27.0866 27.0866 26.9862 26.9862 26.9573 26.7784 26.7784 26.7741 26.7741 26.7240 26.8239 26.8239 27.0312 27.0312 26.9596 27.0845 27.0843 27.0843 27.1592 27.2592 27.1515 27.2265 27.2265 27.2264 27.2225 27.1724 27.0221 27.0221 26.8543 26.9043 27.0042 26.8574 26.8574 26.7072 26.8757
26.8658 26.9408 26.9155 26.9367 27.0080 26.9577 26.9576 26.8788 27.0037 27.0037 26.9533 26.9532 26.9314 26.9314 26.8851 26.8599 26.8598 26.7881 26.8381 26.9129 26.9843 26.9804 27.0554 27.0553 27.1515 27.1515 27.0763 27.1012 27.0546 26.9831 26.9831 27.0081 27.0866 27.0866 26.9611 26.9611 26.9823 26.8034 26.8034 26.9029 26.9029 26.7489 26.8488 26.8488 26.8309 26.8309 26.8808 27.0057 27.1094 27.1094 27.1843 27.1340 27.0263 27.2264 27.2264 27.2263 27.2225 27.1724 26.9721 26.9721 26.8042 26.8791 26.9791 26.9325 26.9325 26.7321 26.9006
26.8408 26.9157 26.9405 26.9617 26.9616 26.9113 26.9112 26.9288 27.0537 27.0537 26.9033 26.9032 26.9029 26.9029 26.8565 26.8599 26.8598 26.7881 26.8631 26.9379 26.8878 26.8839 26.9589 26.9552 27.0515 27.0515 27.0513 27.0761 27.0510 26.9795 26.9795 26.9830 27.0616 27.0616 26.9860 26.9860 26.9608 26.7819 26.7819 26.8779 26.8779 26.7239 26.7487 26.7487 26.8273 26.8273 26.8771 27.0057 27.1093 27.1093 27.1592 27.1090 27.0763 27.2765 27.2765 27.1763 27.1725 27.1224 26.9721 26.9721 26.8292 26.9041 27.0041 26.9075 26.9075 26.7071 26.8071
