regresion/FEBRERO_2003/SeaWiFS/3_Bandas/Composicion (Lt_555).txt
ncols         167
nrows         127
xllcorner     -112.008
yllcorner     26.723
cellsize      0.00893
[rows 29 to 57 of 127, columns 0 to 66 of 167]
33.8880 33.8880 50.4283 50.4019 47.7865 47.4137 47.6137 41.4529 41.4529 33.5585 33.4963 29.8346 29.8346 29.7949 26.7789 26.7602 27.1323 27.1323 27.1822 27.2103 27.2103 27.1893 27.1893 27.2892 27.8660 27.8660 28.3731 28.8641 28.1025 29.4878 29.4878 29.6377 28.0457 28.2208 28.0160 28.0160 28.3956 28.2167 27.7403 28.7655 28.7654 28.7654 27.2434 27.2144 27.2144 27.1174 27.1174 27.1172 27.1421 27.1421 27.1917 27.1917 27.1665 27.1376 27.1376 27.2873 27.2873 27.3408 27.3907 27.3907 27.2116 27.2401 27.2149 27.1396 27.1396 27.2105 27.1854
35.7586 35.7586 52.4560 52.5331 49.9176 47.3895 47.5036 41.2830 41.2830 33.8252 33.9284 32.6547 32.6547 32.5512 26.9700 26.9583 27.3172 27.3172 27.2671 26.9527 26.9527 27.0973 27.0973 27.1937 27.9239 27.9239 28.4059 29.7799 29.0183 60.3385 60.3385 60.4670 79.7038 79.8789 49.2985 49.2985 49.6781 39.1262 38.6499 40.3440 40.3438 40.3438 26.5378 26.5087 26.5087 27.0256 27.0256 27.0562 27.0810 27.0810 27.1039 27.1039 27.1164 27.1410 27.1410 27.2622 27.2622 27.2118 27.2868 27.2868 27.1365 27.2364 27.2111 27.1896 27.1896 27.0893 27.0641
35.7586 35.7586 52.4560 52.5331 49.9176 47.3895 47.5036 41.2830 41.2830 33.8252 33.9284 32.6547 32.6547 32.5512 26.9700 26.9583 27.3172 27.3172 27.2671 26.9527 26.9527 27.0973 27.0973 27.1937 27.9239 27.9239 28.4059 29.7799 29.0183 60.3385 60.3385 60.4670 79.7038 79.8789 49.2985 49.2985 49.6781 39.1262 38.6499 40.3440 40.3438 40.3438 26.5378 26.5087 26.5087 27.0256 27.0256 27.0562 27.0810 27.0810 27.1039 27.1039 27.1164 27.1410 27.1410 27.2622 27.2622 27.2118 27.2868 27.2868 27.1365 27.2364 27.2111 27.1896 27.1896 27.0893 27.0641
40.5445 40.5445 44.5755 44.6526 43.7860 41.2579 41.3719 46.5383 46.5383 28.3751 28.4782 31.1785 31.1785 31.0751 28.1531 28.1414 27.3038 27.3038 27.2536 27.0062 27.0062 27.1480 27.1480 27.2444 28.0304 28.0304 27.8089 29.1828 28.9933 60.3135 60.3135 60.3919 79.6287 79.7787 49.1983 49.1983 49.1017 38.5499 38.6499 40.3440 40.3689 40.3689 26.5628 26.5338 26.5338 27.0757 27.0757 27.1063 27.0810 27.0810 27.1002 27.1002 27.1126 27.1661 27.1661 27.2873 27.2873 27.2369 27.3118 27.3118 27.1866 27.2865 27.2612 27.2397 27.2397 27.1644 27.1393
37.4438 37.4438 42.2044 42.2042 41.3376 41.4125 41.5334 46.5380 46.5380 28.0632 28.1346 29.3611 29.3611 29.2859 27.7590 27.7338 27.5067 27.5067 27.4601 27.0804 27.0804 33.4675 33.4675 33.5675 33.7806 33.7806 33.5805 29.2531 29.0636 42.7997 42.7997 42.8745 41.9997 42.1498 28.9458 28.9458 28.8491 31.3704 31.4704 30.0445 30.0694 30.0694 27.1377 27.1086 27.1086 27.0012 27.0012 26.9829 26.9576 26.9576 26.9678 26.9678 27.0274 27.0808 27.0808 27.1260 27.1260 27.1154 27.1867 27.1867 27.2115 27.2864 27.2612 27.3110 27.3110 27.2608 27.1392
35.7647 35.7647 32.8365 32.8364 54.4764 54.5513 54.6722 57.9250 57.9250 33.0744 33.1458 32.6899 32.6899 32.6147 27.1835 27.1583 31.3460 31.3460 31.2994 27.1365 27.1365 34.0636 34.0636 34.1636 33.7140 33.7140 33.6593 29.3319 29.0886 42.8247 42.8247 42.8744 41.9996 42.0997 28.8957 28.8957 28.9242 31.4455 31.4955 30.0695 30.0693 30.0693 27.1376 27.1374 27.1374 27.0011 27.0011 26.9827 26.9325 26.9325 26.9426 26.9426 27.0022 27.0558 27.0558 27.1008 27.1008 27.0903 27.1617 27.1617 27.2365 27.3114 27.3113 27.3611 27.3611 27.3859 27.2643
33.7737 33.7737 30.9420 32.5825 54.2225 54.3762 54.4306 57.8336 57.8336 32.9718 32.8215 31.8672 31.8672 31.8885 27.6885 27.7384 31.3683 31.3683 31.3432 27.1679 27.1679 27.8892 27.8892 27.8891 29.3616 29.3616 29.2355 27.6345 27.3912 27.7377 27.7377 27.7873 27.6516 27.7516 27.4603 27.4603 27.4889 27.6216 27.6716 27.2918 27.2915 27.2915 27.0088 27.0086 27.0086 27.1702 27.1702 27.1547 27.1045 27.1045 26.9627 26.9627 26.9376 27.0698 27.0698 27.1277 27.1277 27.2154 27.2903 27.2903 27.2863 27.3075 27.3074 27.3861 27.3861 27.4609 27.4858
33.7737 33.7737 30.9420 32.5825 54.2225 54.3762 54.4306 57.8336 57.8336 32.9718 32.8215 31.8672 31.8672 31.8885 27.6885 27.7384 31.3683 31.3683 31.3432 27.1679 27.1679 27.8892 27.8892 27.8891 29.3616 29.3616 29.2355 27.6345 27.3912 27.7377 27.7377 27.7873 27.6516 27.7516 27.4603 27.4603 27.4889 27.6216 27.6716 27.2918 27.2915 27.2915 27.0088 27.0086 27.0086 27.1702 27.1702 27.1547 27.1045 27.1045 26.9627 26.9627 26.9376 27.0698 27.0698 27.1277 27.1277 27.2154 27.2903 27.2903 27.2863 27.3075 27.3074 27.3861 27.3861 27.4609 27.4858
31.3482 31.3482 33.5228 35.1633 48.0909 48.2446 48.2991 47.3225 47.3225 38.2098 38.0595 29.9787 29.9787 30.0001 30.4773 30.5272 31.2908 31.2908 31.2656 29.5506 29.5506 27.4727 27.4727 27.4726 29.4066 29.4066 29.4059 27.8049 27.5915 27.9380 27.9380 27.7873 27.6516 27.7014 27.4101 27.4101 27.3849 27.5177 27.6464 27.2666 27.3416 27.3416 27.0589 27.0336 27.0336 27.1702 27.1702 27.1547 27.1043 27.1043 26.9877 26.9877 26.9627 27.0947 27.0947 27.1026 27.1026 27.2153 27.2902 27.2902 27.3150 27.3363 27.3574 27.4361 27.4361 27.4859 27.5108
39.5206 39.5206 41.6702 33.8307 46.7584 46.7832 47.6960 46.8482 46.8482 38.0456 37.8953 29.6329 29.6329 29.6078 29.9050 29.9014 30.4927 30.4927 30.5426 29.2682 29.2682 27.3754 27.3754 27.3788 27.6163 27.6163 27.6657 27.6531 27.4397 38.6226 38.6226 38.4934 27.1687 27.2186 27.2521 27.2521 27.2270 27.2927 27.4214 26.9973 27.0724 27.0724 27.1928 27.1675 27.1675 27.2635 27.2635 27.1847 27.1343 27.1343 27.0378 27.0378 27.1377 27.2412 27.2412 27.3945 27.3945 27.2652 27.3152 27.3152 27.3150 27.5151 27.5362 27.4322 27.4322 27.4358 27.4607
35.9827 35.9827 42.2462 34.4068 37.1148 37.1397 38.0525 41.5923 41.5923 63.9134 63.7631 31.4875 31.4875 31.4623 33.2371 33.2335 43.0131 43.0131 43.0630 36.5806 36.5806 27.6794 27.6794 27.6828 28.2914 28.2914 27.5275 27.5149 27.5187 38.7015 38.7015 38.6187 27.2939 27.1935 27.2271 27.2271 27.2270 27.2927 27.3713 26.9472 27.0223 27.0223 27.1427 27.1675 27.1675 27.2384 27.2384 27.1596 27.1093 27.1093 27.0378 27.0378 27.1377 27.2124 27.2124 27.3945 27.3945 27.2402 27.2901 27.2901 27.3150 27.5151 27.5362 27.4322 27.4322 27.3856 27.4106
35.9827 35.9827 42.2462 34.4068 37.1148 37.1397 38.0525 41.5923 41.5923 63.9134 63.7631 31.4875 31.4875 31.4623 33.2371 33.2335 43.0131 43.0131 43.0630 36.5806 36.5806 27.6794 27.6794 27.6828 28.2914 28.2914 27.5275 27.5149 27.5187 38.7015 38.7015 38.6187 27.2939 27.1935 27.2271 27.2271 27.2270 27.2927 27.3713 26.9472 27.0223 27.0223 27.1427 27.1675 27.1675 27.2384 27.2384 27.1596 27.1093 27.1093 27.0378 27.0378 27.1377 27.2124 27.2124 27.3945 27.3945 27.2402 27.2901 27.2901 27.3150 27.5151 27.5362 27.4322 27.4322 27.3856 27.4106
31.0450 31.0450 29.8943 31.6672 33.6712 33.6961 32.4064 32.3367 32.3367 44.1431 44.0715 41.3460 41.3460 41.2958 36.5386 36.6135 37.1765 37.1765 37.2729 30.9510 30.9510 27.5687 27.5687 27.4935 27.9272 27.9272 27.2854 27.4314 27.6305 30.2815 30.2815 30.1695 27.3931 27.4354 27.4190 27.4190 27.3293 26.9983 27.0462 27.2221 27.3722 27.3722 27.2531 27.2530 27.2530 27.2695 27.2695 27.1667 27.1128 27.1128 27.1376 27.1376 27.1625 27.3624 27.3624 27.4407 27.4407 27.3115 27.3401 27.3401 27.4398 27.4397 27.4359 27.4357 27.4357 27.3393 27.3605
31.0450 31.0450 29.8943 31.6672 33.6712 33.6961 32.4064 32.3367 32.3367 44.1431 44.0715 41.3460 41.3460 41.2958 36.5386 36.6135 37.1765 37.1765 37.2729 30.9510 30.9510 27.5687 27.5687 27.4935 27.9272 27.9272 27.2854 27.4314 27.6305 30.2815 30.2815 30.1695 27.3931 27.4354 27.4190 27.4190 27.3293 26.9983 27.0462 27.2221 27.3722 27.3722 27.2531 27.2530 27.2530 27.2695 27.2695 27.1667 27.1128 27.1128 27.1376 27.1376 27.1625 27.3624 27.3624 27.4407 27.4407 27.3115 27.3401 27.3401 27.4398 27.4397 27.4359 27.4357 27.4357 27.3393 27.3605
30.9548 30.9548 29.7889 30.2124 32.2164 32.2216 30.1179 30.0305 30.0305 43.8649 43.9241 41.2774 41.2774 43.6194 41.9150 46.9232 50.6379 50.6379 42.6607 30.1288 30.1288 27.5436 27.5436 27.4184 27.6519 27.6519 27.0316 27.1316 27.3307 27.5051 27.5051 27.4432 27.1929 27.2353 27.0349 27.0349 26.9452 27.0453 27.0932 27.2431 27.3932 27.3932 27.3431 27.3430 27.3430 27.1669 27.1669 27.2168 27.1628 27.1628 27.1874 27.1874 27.2161 27.3874 27.3874 27.4406 27.4406 27.4654 27.4403 27.4403 27.5112 27.5397 27.5359 27.6358 27.6358 27.4355 27.4103
30.3034 30.3034 37.0300 37.4535 28.9933 28.9985 26.8948 28.7521 28.7521 31.2644 31.3236 52.6638 52.6638 55.0059 64.2987 69.3069 51.9797 51.9797 44.0026 28.8427 28.8427 29.0407 29.0407 28.9155 26.9766 26.9766 27.0067 27.1067 27.0192 27.1936 27.1936 27.5052 27.2550 27.1602 26.9598 26.9598 26.9617 27.0618 27.0643 27.2142 27.3431 27.3431 27.2930 27.3428 27.3428 27.1920 27.1920 27.2418 27.1627 27.1627 27.1874 27.1874 27.2161 27.3622 27.3622 27.4406 27.4406 27.4904 27.4652 27.4652 27.5112 27.5397 27.5145 27.6143 27.6143 27.4355 27.4103
30.3034 30.3034 37.0300 37.4535 28.9933 28.9985 26.8948 28.7521 28.7521 31.2644 31.3236 52.6638 52.6638 55.0059 64.2987 69.3069 51.9797 51.9797 44.0026 28.8427 28.8427 29.0407 29.0407 28.9155 26.9766 26.9766 27.0067 27.1067 27.0192 27.1936 27.1936 27.5052 27.2550 27.1602 26.9598 26.9598 26.9617 27.0618 27.0643 27.2142 27.3431 27.3431 27.2930 27.3428 27.3428 27.1920 27.1920 27.2418 27.1627 27.1627 27.1874 27.1874 27.2161 27.3622 27.3622 27.4406 27.4406 27.4904 27.4652 27.4652 27.5112 27.5397 27.5145 27.6143 27.6143 27.4355 27.4103
27.4441 27.4441 28.5341 28.5375 30.3664 30.3663 30.6097 29.0476 29.0476 32.4530 32.5780 55.4948 55.4948 56.6205 65.1820 70.1663 66.4120 66.4120 59.7007 30.2190 30.2190 34.4220 34.4220 34.1886 27.5412 27.5412 26.6618 27.0116 26.9074 26.7404 26.7404 26.9090 26.7926 26.8380 26.8579 26.8579 26.8608 26.9895 26.9928 27.1141 27.1678 27.1678 27.0926 27.1926 27.1926 27.1672 27.1672 27.2418 27.1627 27.1627 27.3624 27.3624 27.4624 27.4370 27.4370 27.2905 27.2905 27.3902 27.3652 27.3652 27.3650 27.3935 27.2931 27.2390 27.2390 27.3603 27.3352
27.4441 27.4441 28.5341 28.5375 30.3664 30.3663 30.6097 29.0476 29.0476 32.4530 32.5780 55.4948 55.4948 56.6205 65.1820 70.1663 66.4120 66.4120 59.7007 30.2190 30.2190 34.4220 34.4220 34.1886 27.5412 27.5412 26.6618 27.0116 26.9074 26.7404 26.7404 26.9090 26.7926 26.8380 26.8579 26.8579 26.8608 26.9895 26.9928 27.1141 27.1678 27.1678 27.0926 27.1926 27.1926 27.1672 27.1672 27.2418 27.1627 27.1627 27.3624 27.3624 27.4624 27.4370 27.4370 27.2905 27.2905 27.3902 27.3652 27.3652 27.3650 27.3935 27.2931 27.2390 27.2390 27.3603 27.3352
27.4060 27.4060 28.4960 28.4073 30.2362 30.2360 30.3649 28.8028 28.8028 32.4123 32.5372 55.3615 55.3615 56.4872 54.5678 59.5521 56.8817 56.8817 50.1704 28.9183 28.9183 34.3664 34.3664 34.1330 27.5444 27.5444 26.6650 26.7900 26.6858 26.6671 26.6671 26.8357 26.8402 26.8855 26.8829 26.8829 26.8858 26.9856 26.9890 27.0141 27.0678 27.0678 27.0425 27.1425 27.1425 27.2673 27.2673 27.2168 27.1376 27.1376 27.2623 27.2623 27.4873 27.4620 27.4620 27.3905 27.3905 27.3152 27.2901 27.2901 27.1148 27.1433 27.0429 27.2390 27.2390 27.3603 27.3352
29.4750 29.4750 27.5030 27.4143 30.1288 30.1286 30.2575 29.0694 29.0694 31.8072 31.7536 30.9747 30.9747 31.0746 33.6643 33.6642 37.5639 37.5639 37.5423 30.9258 30.9258 30.9497 30.9497 30.9246 37.8027 37.8027 29.3403 29.4653 26.2299 26.2797 26.2797 26.8498 26.8542 26.9034 26.9234 26.9234 26.9553 27.0051 27.0068 27.0855 27.1462 27.1462 27.1425 27.1925 27.1925 27.2921 27.2921 27.2667 27.1877 27.1877 27.3123 27.3123 27.5373 27.5621 27.5621 27.3867 27.3867 27.2901 27.2650 27.2650 27.0895 27.1645 27.1393 27.2640 27.2640 27.3102 27.2600
29.4750 29.4750 27.5030 27.4143 30.1288 30.1286 30.2575 29.0694 29.0694 31.8072 31.7536 30.9747 30.9747 31.0746 33.6643 33.6642 37.5639 37.5639 37.5423 30.9258 30.9258 30.9497 30.9497 30.9246 37.8027 37.8027 29.3403 29.4653 26.2299 26.2797 26.2797 26.8498 26.8542 26.9034 26.9234 26.9234 26.9553 27.0051 27.0068 27.0855 27.1462 27.1462 27.1425 27.1925 27.1925 27.2921 27.2921 27.2667 27.1877 27.1877 27.3123 27.3123 27.5373 27.5621 27.5621 27.3867 27.3867 27.2901 27.2650 27.2650 27.0895 27.1645 27.1393 27.2640 27.2640 27.3102 27.2600
28.3742 28.3742 27.6072 27.4820 34.6331 34.6615 34.6363 29.6296 29.6296 29.6047 29.6546 28.1001 28.1001 28.0965 28.1251 28.1250 40.2439 40.2439 40.1688 25.4487 25.4487 27.7183 27.7183 27.8184 43.1430 43.1430 26.5257 26.4042 26.9904 27.0402 27.0402 27.5654 27.6404 26.8727 26.8222 26.8222 26.9143 26.9391 26.9138 27.0136 27.0773 27.0773 27.2024 27.2172 27.2172 27.3421 27.3421 27.4670 27.3665 27.3665 27.4373 27.4373 27.4372 27.4618 27.4618 27.2114 27.2114 27.0684 27.0647 27.0647 27.0645 27.0644 27.0641 27.1614 27.1614 27.2788 27.1875
28.3742 28.3742 27.6072 27.4820 34.6331 34.6615 34.6363 29.6296 29.6296 29.6047 29.6546 28.1001 28.1001 28.0965 28.1251 28.1250 40.2439 40.2439 40.1688 25.4487 25.4487 27.7183 27.7183 27.8184 43.1430 43.1430 26.5257 26.4042 26.9904 27.0402 27.0402 27.5654 27.6404 26.8727 26.8222 26.8222 26.9143 26.9391 26.9138 27.0136 27.0773 27.0773 27.2024 27.2172 27.2172 27.3421 27.3421 27.4670 27.3665 27.3665 27.4373 27.4373 27.4372 27.4618 27.4618 27.2114 27.2114 27.0684 27.0647 27.0647 27.0645 27.0644 27.0641 27.1614 27.1614 27.2788 27.1875
28.1271 28.1271 28.9744 28.8954 27.6675 27.6960 27.6459 30.3514 30.3514 32.4120 32.4619 26.3819 26.3819 26.3782 26.8879 26.8878 27.0217 27.0217 26.9466 33.7026 33.7026 24.8479 24.8479 24.9479 31.0494 31.0494 30.8256 30.7291 28.7533 28.7531 28.7531 28.2048 28.1546 26.7001 26.9999 26.9999 27.0745 27.0243 27.0295 27.0043 27.0295 27.0295 27.1045 27.2291 27.2291 27.3921 27.3921 27.3418 27.3165 27.3165 27.2910 27.2910 27.3371 27.3618 27.3618 27.0112 27.0112 27.0146 27.0109 27.0109 27.1895 27.1894 27.2143 27.1864 27.1864 27.4363 27.3450
28.1771 28.1771 28.9743 28.8953 27.6675 27.6924 27.6423 30.3763 30.3763 32.4369 32.3868 26.3068 26.3068 26.4032 26.9130 26.8628 26.9967 26.9967 26.9466 33.7026 33.7026 24.8479 24.8479 25.0480 31.1494 31.1494 30.9792 30.8827 28.9069 28.7280 28.7280 28.1797 28.1295 26.6751 27.0963 27.0963 27.1709 27.0743 27.0795 27.0043 27.0295 27.0295 27.1331 27.2577 27.2577 27.4421 27.4421 27.3918 27.3665 27.3665 27.2623 27.2623 27.3084 27.9373 27.9373 27.1113 27.1113 27.1147 27.0145 27.0145 27.1930 27.1893 27.2142 27.1640 27.1640 27.4139 27.4388
28.1771 28.1771 28.9743 28.8953 27.6675 27.6924 27.6423 30.3763 30.3763 32.4369 32.3868 26.3068 26.3068 26.4032 26.9130 26.8628 26.9967 26.9967 26.9466 33.7026 33.7026 24.8479 24.8479 25.0480 31.1494 31.1494 30.9792 30.8827 28.9069 28.7280 28.7280 28.1797 28.1295 26.6751 27.0963 27.0963 27.1709 27.0743 27.0795 27.0043 27.0295 27.0295 27.1331 27.2577 27.2577 27.4421 27.4421 27.3918 27.3665 27.3665 27.2623 27.2623 27.3084 27.9373 27.9373 27.1113 27.1113 27.1147 27.0145 27.0145 27.1930 27.1893 27.2142 27.1640 27.1640 27.4139 27.4388
28.2315 28.2315 28.2225 28.1223 28.6733 28.6982 28.4441 29.5252 29.5252 26.9342 26.8841 26.6363 26.6363 26.7327 26.6995 26.6493 26.7122 26.7122 26.6621 28.6458 28.6458 26.8165 26.8165 27.0166 27.5421 27.5421 33.8108 33.6606 35.1891 35.0639 35.0639 25.9400 25.9899 27.6995 27.9245 27.9245 27.0410 27.0406 27.0475 27.1973 27.2289 27.2289 27.1287 27.2170 27.2170 27.3168 27.3168 27.4167 27.4166 27.4166 27.3373 27.3373 27.1833 27.8123 27.8123 27.0862 27.0862 27.1610 27.0608 27.0608 27.2682 27.2644 27.2643 27.2141 27.2141 27.2388 27.2637
28.2227 28.2227 28.2308 28.1305 28.6816 28.6981 28.4440 29.5252 29.5252 26.9342 26.9340 26.6863 26.6863 26.7362 26.7030 26.6493 26.7122 26.7122 26.7120 28.6958 28.6958 26.9381 26.9381 27.0166 27.5421 27.5421 33.8358 33.6856 35.2141 35.1926 35.1926 25.8900 25.9399 27.6495 27.8744 27.8744 26.9909 27.0870 27.0939 27.2723 27.3039 27.3039 27.1286 27.2169 27.2169 27.4205 27.4205 27.4417 27.4416 27.4416 27.4373 27.4373 27.2833 27.2330 27.2330 27.1362 27.1362 27.2111 27.1359 27.1359 27.3432 27.2430 27.2429 27.2141 27.2141 27.2388 27.2887
