regresion/ABRIL_2003_CORREGIDOS/SeaWiFS/Composicion (B490).txt
ncols         167
nrows         127
xllcorner     -112.014
yllcorner     26.717
cellsize      0.00899
[rows 0 to 28 of 127, columns 0 to 66 of 167]
51.8542 51.9534 51.9201 51.9464 51.8276 51.8274 51.8009 51.8007 51.7745 51.7869 51.7473 51.7467 51.7732 51.7198 51.7463 51.7463 51.6934 51.7461 51.7331 51.6668 51.6668 51.7197 51.7724 51.7989 51.7985 51.8315 51.8176 51.8507 51.8237 51.8238 51.8498 51.8763 51.8495 51.8694 51.7970 51.6910 51.7173 51.6906 51.6113 51.5582 51.5052 51.5712 51.5712 51.6103 51.6103 51.6367 51.6367 51.6232 51.6232 51.6497 51.6693 51.7952 51.7685 51.7419 51.7420 51.5899 51.5168 51.4436 51.3374 51.3109 51.1852 51.2378 51.0466 50.9602 50.9867 51.0597 51.0597
51.8740 51.9403 51.9071 51.9334 51.9332 51.9330 51.9129 51.9127 51.8139 51.8727 51.8266 51.7994 51.8525 51.7461 51.7990 51.8452 51.7592 51.7264 51.7200 51.6933 51.6932 51.6930 51.8053 51.8581 51.8840 51.8973 51.8770 51.9035 51.8502 51.8503 51.8233 51.8168 51.8561 51.8562 51.7437 51.7702 51.7438 51.6644 51.5915 51.5251 51.4721 51.6044 51.6044 51.6632 51.6632 51.6632 51.6632 51.6499 51.6499 51.6695 51.6957 51.8216 51.8214 51.8013 51.7018 51.5696 51.5234 51.4238 51.3176 51.2911 51.2380 51.3104 51.1189 51.0593 51.0067 51.0795 51.0795
51.8148 51.9138 51.8807 51.9334 51.9332 51.9330 51.9129 51.9190 51.8203 51.8461 51.7999 51.7730 51.8260 51.7461 51.7990 51.8452 51.7793 51.7465 51.6936 51.6669 51.6666 51.6664 51.8051 51.8580 51.9168 51.9301 51.9299 51.9564 51.9030 51.9031 51.8760 51.8695 51.8497 51.8498 51.7701 51.7966 51.7702 51.6908 51.6444 51.5780 51.4781 51.6105 51.6105 51.7160 51.7160 51.7425 51.7425 51.6763 51.6763 51.6368 51.6630 51.7950 51.7948 51.7485 51.6490 51.5696 51.5234 51.4238 51.3176 51.2910 51.2378 51.2839 51.0924 51.1122 51.0596 51.0267 51.0267
51.7819 51.9338 51.8807 51.9334 51.9926 51.9924 51.9923 51.9984 51.8530 51.9055 51.9057 51.8457 51.8459 51.8454 51.8390 51.7857 51.7528 51.7462 51.6405 51.6405 51.6402 51.6464 51.7786 51.8446 51.9299 51.9828 51.9559 51.9296 51.9493 51.9231 51.8960 51.9159 51.8233 51.8234 51.7174 51.6709 51.6708 51.6775 51.7103 51.6306 51.5308 51.6367 51.6367 51.6898 51.6898 51.6763 51.6763 51.7224 51.7224 51.7423 51.7686 51.9071 51.8870 51.8605 51.7083 51.6290 51.4436 51.3705 51.3969 51.3373 51.1983 51.2246 51.1125 51.1123 51.0596 50.9803 50.9803
51.8084 51.9338 51.8807 51.9334 51.9926 52.0451 52.0450 52.0247 51.8793 51.9055 51.9057 51.8457 51.8459 51.8655 51.8590 51.8058 51.7528 51.7462 51.5874 51.5875 51.6138 51.6200 51.8113 51.8773 51.9299 51.9828 51.9823 51.9561 51.9756 51.9494 51.9161 51.9360 51.9026 51.9027 51.7967 51.7502 51.6972 51.7040 51.7164 51.6367 51.6366 51.7425 51.7425 51.8220 51.8220 51.7556 51.7556 51.7691 51.7691 51.7686 51.7948 51.8014 51.7813 51.7812 51.6291 51.6352 51.4499 51.4232 51.4496 51.3637 51.2247 51.2510 51.1390 51.1325 51.0798 51.0594 51.0594
51.8149 51.9139 51.9404 51.9931 52.0719 52.1244 52.1309 52.1106 52.0576 52.0571 51.9781 51.9779 51.9187 51.9118 51.9583 51.9580 51.9051 51.7526 51.6466 51.6467 51.6797 51.7323 51.7381 51.7447 51.9496 52.0026 52.0816 52.0817 52.0285 51.9957 51.9295 51.9032 51.7443 51.7444 51.6977 51.5982 51.5189 51.5188 51.4783 51.5048 51.5047 51.6039 51.6039 51.7560 51.7560 51.7228 51.7228 51.5842 51.5842 51.5708 51.5706 51.7354 51.7882 51.8145 51.7876 51.7673 51.6084 51.5487 51.3568 51.3039 51.2975 51.2711 51.2444 51.2644 51.1326 51.1451 51.1451
51.6563 51.9139 51.9404 52.0193 52.0982 52.1044 52.1108 52.1371 52.0840 52.0571 51.9781 51.9515 51.8923 51.8590 51.9054 51.9052 51.8785 51.7260 51.6731 51.6731 51.7061 51.7587 51.7116 51.7183 51.9232 51.9762 52.0550 52.0551 52.0487 52.0158 51.9295 51.9032 51.7179 51.7180 51.6713 51.5717 51.4986 51.4984 51.5312 51.5577 51.5840 51.6832 51.6832 51.8089 51.8089 51.7692 51.7692 51.6633 51.6633 51.5973 51.5970 51.7090 51.7618 51.7414 51.7145 51.7407 51.5818 51.5751 51.3833 51.3832 51.3768 51.3177 51.2911 51.2906 51.1588 51.1187 51.1187
51.7557 51.9671 51.9669 52.0458 52.1581 52.1643 52.1636 52.1899 52.1368 52.0833 51.9977 51.9710 51.9448 51.9711 51.8594 51.8591 51.8061 51.8057 51.7593 51.6798 51.7325 51.7059 51.6323 51.6589 51.7644 51.7646 51.9493 51.9692 51.9361 51.8834 51.8569 51.8570 51.6715 51.6782 51.7042 51.6245 51.6106 51.6303 51.6566 51.6304 51.6567 51.6501 51.6501 51.7823 51.7823 51.7958 51.7958 51.6963 51.6963 51.6762 51.6762 51.6298 51.7091 51.6624 51.6025 51.5957 51.5951 51.5951 51.4624 51.4623 51.3500 51.3173 51.3437 51.3564 51.1720 51.1188 51.1188
51.8877 52.0462 52.0460 52.0522 52.1645 52.1643 52.1636 52.1899 52.1368 52.0833 51.9977 51.9381 51.9119 51.9181 51.8063 51.8061 51.7796 51.7793 51.7858 51.7062 51.7388 51.7122 51.6588 51.6854 51.7642 51.7644 51.8964 51.9163 51.9096 51.8570 51.8569 51.8570 51.6977 51.7044 51.7833 51.7036 51.6899 51.7096 51.6831 51.6569 51.6831 51.6765 51.6765 51.8022 51.8022 51.8486 51.8486 51.7756 51.7756 51.7555 51.7555 51.6890 51.7682 51.6886 51.6287 51.5428 51.5422 51.4893 51.3566 51.4825 51.3702 51.3700 51.3964 51.4093 51.2248 51.1453 51.1453
51.9142 52.0727 52.0194 52.0256 52.0785 52.0783 52.1902 52.2165 52.1633 52.0635 52.0043 51.9179 51.8917 51.8651 51.7532 51.7530 51.7067 51.8124 51.8123 51.7791 51.7853 51.7385 51.7383 51.7913 51.6848 51.6783 51.8170 51.8171 51.8899 51.8901 51.8037 51.8565 51.8035 51.7838 51.8097 51.8294 51.8156 51.7625 51.7360 51.6763 51.7026 51.7028 51.7028 51.8615 51.8615 51.8816 51.8816 51.8616 51.8616 51.8082 51.8345 51.7152 51.7351 51.6489 51.6750 51.5957 51.5687 51.5686 51.4888 51.5619 51.3767 51.3566 51.3828 51.3564 51.1719 51.1452 51.1452
51.8021 52.1255 52.0525 52.0787 52.0255 52.0253 52.2431 52.2430 52.2228 52.1628 52.0772 52.0239 51.9911 51.9642 51.8325 51.7729 51.7530 51.7528 51.7326 51.7853 51.8115 51.7914 51.7381 51.7910 51.7444 51.7643 51.7576 51.7577 51.7775 51.7777 51.8301 51.8830 51.8493 51.8296 51.8359 51.8091 51.7363 51.7361 51.7624 51.6828 51.7089 51.7618 51.7618 51.8019 51.8019 51.8551 51.8551 51.8616 51.8616 51.8545 51.8013 51.7347 51.7875 51.7543 51.7544 51.7279 51.6284 51.5956 51.6148 51.5354 51.3501 51.3831 51.3828 51.3032 51.2506 51.3296 51.3296
51.7560 52.0794 52.0262 52.0525 52.0256 52.0254 52.2168 52.2166 52.2161 52.1561 52.1300 52.0766 52.0439 52.0170 51.8919 51.8323 51.7794 51.7792 51.7326 51.7853 51.8116 51.7915 51.7382 51.8109 51.7643 51.7644 51.7577 51.7841 51.8040 51.8305 51.8829 51.8896 51.8559 51.8560 51.8623 51.7827 51.7099 51.7295 51.7558 51.7092 51.7353 51.7618 51.7618 51.8019 51.8019 51.8617 51.8617 51.8880 51.8880 51.8017 51.7485 51.7017 51.7544 51.7543 51.7544 51.7280 51.6285 51.5429 51.5621 51.5157 51.3304 51.3832 51.3829 51.3034 51.2507 51.3033 51.3033
51.7358 51.8679 51.9471 52.1056 52.1120 52.1909 52.2763 52.2962 52.4216 52.3418 52.3947 52.2022 52.1431 52.0897 51.9910 51.9378 51.9177 51.9178 51.8382 51.7322 51.7851 51.7980 51.8240 51.8703 51.7841 51.7843 51.8106 51.8371 51.7971 51.8235 51.9290 51.9357 51.9151 51.9152 51.8156 51.7893 51.7364 51.6831 51.6828 51.6562 51.6762 51.6498 51.6498 51.7486 51.7486 51.7227 51.7227 51.8283 51.8283 51.8145 51.7613 51.8075 51.7543 51.7277 51.7607 51.7077 51.7078 51.6486 51.6944 51.7010 51.5947 51.5154 51.4029 51.3295 51.2306 51.2831 51.2831
51.8150 51.9471 52.0263 52.1848 52.1911 52.2701 52.2961 52.3159 52.4216 52.3418 52.3947 52.2022 52.1761 52.1228 52.0175 51.9643 51.9178 51.9179 51.8383 51.7323 51.7521 51.7650 51.7911 51.8176 51.7314 51.7843 51.8106 51.8107 51.7707 51.8038 51.9092 51.8829 51.8623 51.8624 51.7628 51.7826 51.7298 51.6304 51.6301 51.6034 51.6234 51.6499 51.6499 51.7026 51.7026 51.6700 51.6700 51.7757 51.7757 51.7618 51.7086 51.7812 51.7280 51.6487 51.6816 51.6549 51.6550 51.6552 51.7010 51.6746 51.5683 51.5154 51.4029 51.3295 51.2306 51.2501 51.2501
51.9277 52.0069 52.0066 52.2443 52.3035 52.3498 52.2899 52.2898 52.3153 52.3879 52.3880 52.3346 52.3350 52.1819 52.0502 51.9705 51.8649 51.8980 51.8715 51.7719 51.7388 51.7120 51.6787 51.7052 51.7048 51.7512 51.7709 51.7710 51.7177 51.7508 51.7831 51.7568 51.8624 51.8625 51.8222 51.7889 51.7623 51.7361 51.6769 51.6502 51.6501 51.6632 51.6632 51.6432 51.6432 51.5901 51.5901 51.6228 51.6228 51.6293 51.7417 51.7087 51.6289 51.6552 51.7077 51.7013 51.6419 51.7013 51.7212 51.6683 51.6413 51.5354 51.5085 51.4086 51.3889 51.3820 51.3820
51.9277 52.0069 52.0594 52.2971 52.3232 52.3696 52.3691 52.3689 52.3682 52.4408 52.4409 52.3875 52.3087 52.1557 52.1558 52.0761 51.9704 52.0035 51.8913 51.7917 51.7652 51.7384 51.7050 51.6788 51.6784 51.6984 51.7181 51.7248 51.6715 51.6716 51.7039 51.7305 51.8361 51.8626 51.8223 51.7890 51.7625 51.7626 51.7034 51.6767 51.6766 51.6435 51.6435 51.6168 51.6168 51.5637 51.5637 51.5700 51.5700 51.6227 51.7350 51.6559 51.5762 51.6288 51.6813 51.6815 51.6221 51.6485 51.6684 51.6683 51.6413 51.5090 51.4821 51.4020 51.3823 51.3820 51.3820
51.9535 52.0328 52.1120 52.2441 52.2174 52.3695 52.4150 52.3620 52.2557 52.2291 52.1964 52.1163 52.1231 52.1092 52.1094 52.0826 51.9505 51.8975 51.7588 51.7917 51.8117 51.7585 51.7248 51.6986 51.6716 51.6917 51.6913 51.6980 51.6776 51.6777 51.6840 51.7106 51.8952 51.9217 51.9811 52.0007 51.9415 51.9416 51.8887 51.7760 51.7494 51.6966 51.6966 51.6433 51.6433 51.6228 51.6228 51.5564 51.5564 51.5235 51.6292 51.6291 51.6554 51.6754 51.7016 51.7345 51.6418 51.6946 51.6416 51.6414 51.6942 51.5683 51.6007 51.4415 51.4416 51.4413 51.4413
51.9009 51.9801 52.1055 52.2375 52.2702 52.4224 52.4415 52.3885 52.2821 52.2554 52.2295 52.1494 52.1759 52.1620 52.1358 52.1090 51.9703 51.9172 51.8115 51.8445 51.7854 51.7321 51.6985 51.6987 51.6718 51.6720 51.6716 51.6717 51.6514 51.6778 51.6841 51.7370 51.9216 51.9151 51.9745 52.0007 51.9415 51.9153 51.8623 51.7562 51.7296 51.6702 51.6702 51.6169 51.6169 51.6492 51.6492 51.5498 51.5498 51.5235 51.6292 51.6555 51.6817 51.6820 51.7082 51.7081 51.6154 51.6683 51.6153 51.5887 51.6415 51.5355 51.5679 51.4416 51.4417 51.4678 51.4678
51.9537 51.9867 52.1052 52.2574 52.3101 52.4157 52.3092 52.3090 52.2818 52.0960 52.0963 52.1091 52.0829 51.9766 51.9767 51.9765 51.8642 51.7647 51.6855 51.7317 51.6724 51.6725 51.7250 51.7253 51.7513 51.7778 51.7837 51.7838 51.6840 51.7105 51.7896 51.8425 51.8221 51.8156 51.7828 51.9349 51.8820 51.9084 51.8490 51.8557 51.8025 51.7758 51.7758 51.7089 51.7089 51.6822 51.6822 51.4970 51.4970 51.5230 51.5230 51.5432 51.7218 51.7020 51.6688 51.6688 51.6685 51.6948 51.6681 51.6744 51.5485 51.4889 51.5746 51.5478 51.6271 51.6002 51.6002
51.9735 52.0064 52.0525 52.2047 52.3101 52.4157 52.3620 52.3618 52.2885 52.1027 52.1227 52.1355 52.1621 52.0558 52.0824 52.0821 51.9170 51.8176 51.7384 51.7845 51.6725 51.6726 51.7251 51.7582 51.7842 51.7778 51.7837 51.7838 51.6840 51.7105 51.7896 51.8359 51.8155 51.8156 51.7828 51.9085 51.8556 51.9150 51.8556 51.8557 51.8025 51.7758 51.7758 51.7354 51.7354 51.6493 51.6493 51.4971 51.4971 51.5232 51.5232 51.4906 51.6692 51.6757 51.6426 51.6689 51.6686 51.6948 51.6681 51.6942 51.5683 51.4889 51.5746 51.5478 51.6271 51.6002 51.6002
51.9401 52.0197 52.0458 52.1778 52.2571 52.3096 52.2561 52.2294 52.1297 52.0561 52.1091 52.0293 52.0559 52.0292 52.0559 52.0490 51.8839 51.8376 51.8048 51.8046 51.6726 51.7518 51.7780 51.8046 51.8901 51.8639 51.8697 51.8698 51.8164 51.8429 51.7366 51.7829 51.8091 51.8092 51.8025 51.8553 51.7494 51.7559 51.6701 51.6699 51.6433 51.7824 51.7824 51.8149 51.8149 51.6495 51.6495 51.5498 51.5498 51.5632 51.6159 51.5896 51.5896 51.6225 51.6953 51.6422 51.7015 51.7342 51.6812 51.7010 51.6808 51.7071 51.7862 51.6537 51.7065 51.6404 51.6404
51.9929 52.0725 52.1249 52.2569 52.2307 52.2832 52.2892 52.2626 52.2882 52.2146 52.1619 52.0822 52.1088 52.0821 52.1283 52.1214 52.1477 52.1013 51.9630 51.9628 51.7056 51.7847 51.8110 51.8046 51.8901 51.8639 51.8697 51.8434 51.7900 51.8627 51.7564 51.7829 51.8091 51.8093 51.8026 51.8554 51.7495 51.7824 51.6966 51.6964 51.6698 51.8089 51.8089 51.8083 51.8083 51.6495 51.6495 51.5498 51.5498 51.5368 51.5895 51.5961 51.5961 51.6225 51.6953 51.6422 51.7015 51.7276 51.6746 51.7273 51.7071 51.7335 51.8125 51.6537 51.7065 51.6470 51.6470
51.9601 51.9930 52.0455 52.2037 52.1310 52.0515 52.2166 52.1963 52.1887 52.0824 52.0297 52.1353 52.1619 52.2075 52.2536 52.2536 52.2737 52.2803 52.0955 52.0688 51.7851 51.7915 51.8442 51.8378 51.9493 51.9230 51.9491 51.9228 51.8697 51.9424 51.7765 51.8029 51.8556 51.8558 51.8819 51.8023 51.6701 51.7360 51.7031 51.6764 51.6297 51.6559 51.6559 51.6229 51.6229 51.7486 51.7486 51.6492 51.6492 51.5633 51.5631 51.5697 51.6224 51.5693 51.5695 51.5757 51.6284 51.6218 51.6482 51.7010 51.6808 51.7070 51.8059 51.7464 51.7992 51.7000 51.7000
51.9137 51.9664 51.9732 52.1314 52.0056 51.9261 51.8461 51.8258 51.8986 51.8121 51.8914 51.9704 52.0694 52.1482 52.1549 52.1549 52.0694 52.0230 52.0824 52.0822 51.8710 51.8443 51.9497 51.9169 52.0021 52.0288 52.0482 52.0681 52.0149 52.0414 51.9418 51.9683 51.9350 51.9087 51.8352 51.8419 51.7098 51.6565 51.6498 51.7026 51.6558 51.5963 51.5963 51.6425 51.6425 51.6226 51.6226 51.6756 51.6756 51.6757 51.5761 51.5960 51.6223 51.5428 51.5956 51.5953 51.5953 51.6217 51.6679 51.6942 51.6478 51.6742 51.7267 51.7267 51.8324 51.7000 51.7000
51.9663 52.0719 52.0787 52.1050 51.9791 51.9059 51.8260 51.7464 51.8192 51.7857 51.8650 51.9438 52.0428 52.1419 52.1487 52.1487 52.0959 52.0494 52.1352 52.1351 51.9767 51.9500 51.9558 51.9230 51.9493 51.9759 52.0218 52.0417 51.9885 52.0150 51.9355 51.9620 51.9348 51.9085 51.8616 51.8684 51.7627 51.7094 51.6826 51.7353 51.7614 51.7019 51.7019 51.7216 51.7216 51.5962 51.5962 51.6164 51.6164 51.6493 51.5497 51.5430 51.5692 51.5428 51.5956 51.6217 51.6218 51.6217 51.6679 51.6941 51.6477 51.6742 51.7267 51.8060 51.9116 51.8057 51.8057
51.9996 52.0788 52.0324 52.0586 52.0053 51.9321 51.8130 51.7335 51.8128 51.8653 51.9115 51.9374 52.0167 52.0363 52.0167 51.9700 51.9965 51.9966 51.9240 51.9238 51.9238 51.9436 51.9163 51.9165 51.9690 51.9626 51.9888 52.0417 52.0149 52.0414 51.9884 51.9357 51.8888 51.9483 51.9214 51.9480 51.8885 51.8088 51.7886 51.6957 51.7218 51.6955 51.6955 51.7482 51.7482 51.7017 51.7017 51.6030 51.6030 51.7088 51.6556 51.6226 51.6223 51.5695 51.5957 51.5953 51.6679 51.6678 51.6152 51.6414 51.6213 51.6543 51.6805 51.7333 51.8125 51.7858 51.7858
51.9996 52.0788 52.0324 52.0586 52.0053 51.9321 51.8130 51.7335 51.8128 51.8653 51.9115 51.9374 52.0167 52.0363 52.0167 51.9700 51.9965 51.9966 51.9240 51.9238 51.9238 51.9436 51.9163 51.9165 51.9690 51.9626 51.9888 52.0417 52.0149 52.0414 51.9884 51.9357 51.8888 51.9483 51.9214 51.9480 51.8885 51.8088 51.7886 51.6957 51.7218 51.6955 51.6955 51.7482 51.7482 51.7017 51.7017 51.6030 51.6030 51.7088 51.6556 51.6226 51.6223 51.5695 51.5957 51.5953 51.6679 51.6678 51.6152 51.6414 51.6213 51.6543 51.6805 51.7333 51.8125 51.7858 51.7858
51.9005 51.9797 51.9529 51.9791 51.9191 51.8724 51.8131 51.8127 51.9384 51.9382 51.9384 51.8589 51.9447 51.8911 51.9176 51.8909 51.8711 51.9502 52.0294 52.0757 52.0027 52.0224 52.0750 52.0422 52.0418 52.0420 52.0150 52.0679 51.9954 52.0219 51.9948 52.0016 51.9483 51.9220 51.8423 51.8091 51.8615 51.8880 51.7822 51.6958 51.6957 51.6690 51.6690 51.7283 51.7283 51.7350 51.7350 51.7349 51.7349 51.5764 51.6556 51.6491 51.6158 51.6155 51.6154 51.5625 51.5359 51.5621 51.6211 51.6541 51.5814 51.6543 51.6807 51.7862 51.7862 51.8122 51.8122
51.9005 51.9797 51.9529 51.9791 51.9191 51.8724 51.8131 51.8127 51.9384 51.9382 51.9384 51.8589 51.9447 51.8911 51.9176 51.8909 51.8711 51.9502 52.0294 52.0757 52.0027 52.0224 52.0750 52.0422 52.0418 52.0420 52.0150 52.0679 51.9954 52.0219 51.9948 52.0016 51.9483 51.9220 51.8423 51.8091 51.8615 51.8880 51.7822 51.6958 51.6957 51.6690 51.6690 51.7283 51.7283 51.7350 51.7350 51.7349 51.7349 51.5764 51.6556 51.6491 51.6158 51.6155 51.6154 51.5625 51.5359 51.5621 51.6211 51.6541 51.5814 51.6543 51.6807 51.7862 51.7862 51.8122 51.8122
