regresion/ABRIL_2003_CORREGIDOS/SeaWiFS/Composicion (B490).txt
ncols         167
nrows         127
xllcorner     -112.014
yllcorner     26.717
cellsize      0.00899
[rows 0 to 28 of 127, columns 67 to 133 of 167]
51.4494 51.4494 51.5352 51.6141 51.4881 51.4615 51.4613 51.4411 51.4145 51.4470 51.4405 51.5392 51.5657 51.5918 51.5919 51.6115 51.6183 51.7766 51.8031 52.1196 52.1196 52.1457 52.1719 52.1784 52.2643 52.2313 52.4364 52.3571 52.4363 52.4892 52.5684 52.4102 52.3771 52.2782 52.3041 52.3835 52.4360 52.4887 52.4621 52.4295 52.4887 52.3827 52.3559 52.3558 52.3028 52.2500 52.2234 52.2033 52.0201 51.9670 51.9580 51.9582 52.0634 52.4792 52.5580 52.9012 56.1129 58.3364 62.0939 62.7808 62.7012 54.7130 53.4034 52.6785 52.6785 52.6668 52.6668
51.4560 51.4560 51.3829 51.4619 51.4881 51.4615 51.4677 51.4475 51.3879 51.3875 51.3612 51.4864 51.4865 51.4536 51.4867 51.5326 51.5591 51.8030 51.8031 52.0403 52.0403 52.1721 52.2048 52.1781 52.3105 52.3105 52.3303 52.2509 52.3834 52.4099 52.5355 52.4630 52.4628 52.2781 52.3041 52.3835 52.4360 52.4097 52.3831 52.4556 52.5148 52.4089 52.3822 52.4088 52.3558 52.2565 52.2299 52.2232 52.0910 52.0115 51.9055 51.9254 51.8456 51.8986 51.8713 51.8714 51.9770 52.2475 53.1447 54.9472 55.0716 52.3037 52.3037 52.4688 52.4688 52.2661 52.2661
51.5615 51.5615 51.4884 51.5675 51.5938 51.5471 51.5534 51.5268 51.4672 51.4138 51.3875 51.5129 51.5130 51.4737 51.5068 51.5855 51.6120 51.9085 51.9086 52.0667 52.0667 52.2314 52.2641 52.2839 52.4162 52.3368 52.3566 52.3038 52.4363 52.4628 52.5289 52.4564 52.5683 52.3836 52.3041 52.3835 52.3303 52.3040 52.2575 52.3300 52.2768 52.1709 52.2236 52.2503 52.3822 52.2829 52.2497 52.2430 52.1703 52.0907 51.8790 51.8990 51.7134 51.7663 51.7985 51.7986 51.9042 52.0361 52.9333 54.0751 54.1995 52.4358 52.4358 52.5684 52.5684 52.2191 52.2191
51.4290 51.4290 51.5213 51.6004 51.5737 51.5271 51.4941 51.4675 51.4345 51.4340 51.4869 51.5330 51.5067 51.6583 51.6915 51.7176 51.7705 51.9880 51.9617 52.1261 52.1261 52.2381 52.2379 52.2049 52.2512 52.1981 52.3768 52.4032 52.5091 52.4366 52.4300 52.2453 52.3308 52.4101 52.3307 52.4364 52.3635 52.3041 52.2575 52.2773 52.2241 52.2241 52.2768 52.2237 52.3556 52.3625 52.3292 52.2496 52.2495 52.2164 51.9583 52.0112 51.8257 51.8522 51.8516 51.9046 51.9308 51.8845 51.9109 51.9106 51.9304 52.0251 52.0179 51.8687 51.8687 51.8732 51.8732
51.2704 51.2704 51.3627 51.5475 51.5209 51.5800 51.5470 51.4673 51.4343 51.4604 51.5133 51.5065 51.4803 51.6319 51.6650 51.6910 51.7440 51.9615 51.9353 52.1062 52.1062 52.3174 52.3172 52.2047 52.2510 52.2246 52.4032 52.4495 52.5554 52.4829 52.4034 52.2187 52.1987 52.2780 52.1458 52.2515 52.2114 52.1520 52.1516 52.1714 52.2505 52.2505 52.2768 52.2237 52.1905 52.1973 52.1443 52.0647 52.0646 52.0315 51.8789 51.9318 51.8057 51.8322 51.7195 51.7724 51.7986 51.6730 51.6993 51.7257 51.7455 51.9131 51.9059 51.7365 51.7365 51.7940 51.7940
51.2569 51.2569 51.2830 51.4678 51.4614 51.5205 51.5205 51.4408 51.4807 51.5068 51.5333 51.6123 51.5663 51.6914 51.7179 51.7303 51.7040 51.9152 51.9879 52.2055 52.2055 52.3110 52.3107 52.2049 52.1654 52.1653 52.3240 52.4033 52.5354 52.4564 52.4098 52.2515 52.2053 52.2319 52.0996 52.1460 52.0992 52.0660 52.0657 52.1384 52.2175 52.2504 52.2766 52.2237 52.1905 52.2235 52.1705 52.1703 52.0910 52.0911 52.0113 52.0114 51.8854 51.8855 51.7992 51.8521 51.7925 51.7461 51.7722 51.7860 51.7593 51.7321 51.6971 51.6856 51.6856 51.7035 51.7035
51.0719 51.0719 51.0981 51.3949 51.3885 51.4146 51.4146 51.4673 51.5071 51.4804 51.5069 51.6323 51.5863 51.6384 51.6649 51.7567 51.7304 51.8888 51.9615 52.2582 52.2582 52.3637 52.3634 52.2313 52.1918 52.1588 52.3175 52.2710 52.4032 52.3241 52.2249 52.0666 51.9940 52.0206 52.0268 52.0731 52.0198 51.9866 52.0129 52.0855 52.1910 52.2239 52.2436 52.1907 52.1377 52.1707 52.1177 52.1175 52.0645 52.0645 52.0177 52.0178 51.9118 51.9119 51.8254 51.8783 51.8188 51.8517 51.8779 51.8325 51.8058 51.8114 51.7763 51.7912 51.7912 51.8092 51.8092
51.0720 51.0720 51.1180 51.4148 51.3819 51.4080 51.4016 51.4543 51.5601 51.5333 51.5400 51.5926 51.5663 51.6712 51.6185 51.7568 51.7504 51.9351 51.9352 52.1790 52.1790 52.3245 52.2978 52.2449 52.2184 52.1656 52.2448 52.1654 52.3306 52.3307 52.3108 52.2053 52.0993 52.0137 51.9407 51.9936 51.9140 51.9536 51.9799 51.9599 52.0655 52.0918 52.1115 52.1378 52.0849 52.3092 52.2563 52.1439 52.1172 52.0906 52.0703 52.0968 52.0044 51.9782 51.8720 51.8787 51.8521 51.9049 51.9640 51.8520 51.8253 51.8521 51.7554 51.7432 51.7432 51.8178 51.8178
51.0254 51.0254 51.0714 51.3882 51.3553 51.4344 51.4280 51.4543 51.5601 51.6061 51.6129 51.5924 51.5661 51.7240 51.6713 51.7040 51.6975 51.9678 51.9679 51.9675 51.9675 52.1924 52.1657 52.1921 52.1655 52.0333 52.1126 52.0333 52.1985 52.1986 52.1787 52.0732 52.0463 51.9607 51.8348 51.8877 51.8876 51.9272 51.9799 51.9599 52.0589 52.0852 52.0322 52.0586 52.0056 52.2300 52.2561 52.1437 52.1236 52.0970 52.0439 52.0704 52.0043 51.9780 51.8984 51.9051 51.8785 51.8985 51.9576 51.9576 51.9309 51.8783 51.7817 51.8489 51.8489 51.8506 51.8506
51.0653 51.0653 51.0387 51.3555 51.3818 51.4609 51.4810 51.5073 51.5666 51.5664 51.5666 51.5132 51.4870 51.6449 51.6714 51.7305 51.6976 52.0144 51.9881 51.9877 51.9877 52.2187 52.2187 52.2715 52.2185 52.0599 52.0927 52.0398 52.2250 52.1723 52.1259 51.9611 51.9342 51.9871 51.8811 51.9604 51.9071 51.8544 51.9071 51.9069 52.0059 52.0387 51.9857 52.0914 52.0384 52.2230 52.2491 52.2488 52.2287 52.2550 52.2483 52.0967 52.0105 51.9842 51.9311 51.9312 51.9313 51.8721 51.9641 51.9839 51.9572 51.9176 51.9173 51.9608 51.9608 51.9208 51.9208
51.1182 51.1182 51.1444 51.3028 51.3555 51.4875 51.5140 51.5867 51.5930 51.6453 51.6456 51.5926 51.5664 51.7177 51.7442 51.8360 51.8031 51.9877 51.9614 51.9877 51.9877 52.2187 52.1985 52.2182 52.2183 52.0664 52.0928 52.0663 52.1787 52.1260 52.1192 51.9544 51.8549 51.9078 51.7754 51.8547 51.8014 51.7220 51.9067 51.9397 51.9331 51.9334 51.9332 52.0717 52.0185 52.1173 52.1436 52.1632 52.2224 52.2222 52.1691 52.0175 52.0369 52.0106 51.9840 51.9842 51.9840 51.9312 51.9640 51.9308 51.9308 51.9177 51.8645 51.9276 51.9276 51.9543 51.9543
51.1447 51.1447 51.1445 51.3030 51.3028 51.4348 51.4942 51.5669 51.6195 51.6719 51.6720 51.6190 51.5664 51.7177 51.7376 51.8293 51.8559 52.0405 51.9878 52.0141 52.0141 52.2187 52.1985 52.2512 52.2513 52.0928 52.1192 52.0663 52.1787 52.0931 52.0862 52.0072 51.9077 51.8550 51.7226 51.8283 51.7750 51.8013 51.9860 52.0190 52.0124 52.1183 52.1181 52.1971 52.1440 52.1966 52.2229 52.1370 52.1961 52.2487 52.1956 52.2289 52.2482 52.1956 52.1690 52.1163 52.1162 51.9773 52.0101 51.9572 51.9572 51.9869 51.9337 51.8867 51.8867 51.9661 51.9661
51.1182 51.1182 51.1775 51.1773 51.2564 51.4613 51.4615 51.6461 51.7515 51.7776 51.7777 51.6917 51.6391 51.6513 51.6712 51.8294 51.8559 52.0141 51.9615 52.0932 52.0932 52.2448 52.2975 52.2248 52.2777 52.0928 52.1457 52.0134 52.0663 51.9806 52.0397 51.9606 51.8282 51.7756 51.6102 51.7159 51.7748 51.8341 52.0389 52.0917 52.0915 52.1972 52.1441 52.1373 52.1372 52.1902 52.1965 52.1171 52.0642 52.1433 52.1890 52.2223 52.2548 52.2021 52.1426 52.0899 52.0962 52.0101 51.9570 51.8778 51.8976 51.9866 51.9986 51.8740 51.8740 51.8076 51.8076
51.0654 51.0654 51.1511 51.1510 51.2366 51.4416 51.4351 51.6197 51.7251 51.7512 51.7513 51.6653 51.6588 51.6711 51.6448 51.8030 51.8295 51.9877 51.9878 52.1196 52.1196 52.2514 52.3041 52.1720 52.2249 52.1456 52.1985 52.0068 52.0597 52.0334 52.0925 52.0134 51.8810 51.7756 51.6102 51.6697 51.7285 51.8077 52.0125 52.0917 52.0915 52.1905 52.1374 52.1110 52.1108 52.0583 52.0645 52.0907 52.0378 52.0973 52.1429 52.1694 52.2020 52.2814 52.2218 52.2219 52.2283 52.1685 52.1155 51.9571 51.9769 51.9849 51.9970 51.9323 51.9323 51.8744 51.8744
51.2563 51.2563 51.0982 51.1507 51.2564 51.5670 51.6198 51.6724 51.7453 51.7449 51.7450 51.5660 51.5595 51.6710 51.6448 51.7302 51.7567 51.8886 51.8887 52.0865 52.0865 52.0930 52.1192 51.9607 52.0598 51.8747 51.9869 51.9074 51.9338 51.9076 51.9603 51.8812 51.9140 51.8085 51.7221 51.7815 51.8012 51.9333 52.0916 52.0916 52.1969 52.1904 52.2167 52.2431 52.1701 52.1173 52.1700 52.2226 52.1695 52.2092 52.2024 52.2290 52.1957 52.2751 52.3274 52.3275 52.2746 52.2150 52.2148 52.1356 52.0825 51.9319 51.9239 51.9993 51.9993 51.9004 51.9004
51.2563 51.2563 51.0784 51.1309 51.2036 51.5142 51.5934 51.6460 51.7717 51.7713 51.7384 51.5593 51.5595 51.6710 51.6976 51.7830 51.7898 51.9216 51.8689 52.0667 52.0667 52.0930 52.1192 51.9871 52.0862 51.8945 52.0067 51.9601 51.9866 51.9339 51.9867 51.9076 51.9404 51.8414 51.7550 51.7551 51.7748 51.9069 52.0652 52.0849 52.1903 52.1641 52.1903 52.2167 52.1437 52.1437 52.1964 52.2029 52.1498 52.1036 52.0968 52.1233 52.0901 52.1166 52.1689 52.2943 52.2414 52.2678 52.2676 52.2940 52.2408 52.0092 52.0011 52.0444 52.0444 51.9968 51.9968
51.1506 51.1506 51.0516 51.1509 51.1115 51.3756 51.4813 51.6397 51.7717 51.7711 51.7382 51.6451 51.6452 51.6775 51.7040 51.8357 51.8424 51.9145 51.8619 51.9346 51.9346 52.0601 52.0599 51.7955 51.8219 51.8479 51.9073 51.8281 51.9073 51.8547 51.9137 51.8347 51.7814 51.6824 51.6958 51.6960 51.7219 51.8475 52.0849 52.1839 52.2365 52.2431 52.3023 52.3287 52.3550 52.2823 52.2292 52.2358 52.2291 52.1761 52.0904 52.1169 52.0901 52.1166 52.0834 52.2088 52.1886 52.2943 52.2941 52.2476 52.2209 52.0357 51.9817 51.9772 51.9772 52.0359 52.0359
51.1771 51.1771 51.0517 51.1511 51.1380 51.4021 51.5870 51.7454 51.7652 51.7646 51.7647 51.6716 51.6717 51.7040 51.7041 51.8358 51.8162 51.8883 51.8884 51.9612 51.9612 52.0602 52.0600 51.8748 51.9012 51.8480 51.9075 51.8018 51.8810 51.8284 51.8875 51.7886 51.7352 51.7090 51.7224 51.8017 51.8277 51.9004 52.1379 52.1576 52.2103 52.2697 52.3288 52.3024 52.3287 52.2363 52.1832 52.1039 52.0972 52.0970 52.0113 52.0113 51.9844 52.0571 52.0239 52.0505 52.0303 52.2679 52.2677 52.2858 52.2591 52.2148 52.1607 52.0983 52.0983 52.0878 52.0878
51.5146 51.5146 51.1914 51.2176 51.1648 51.3231 51.4548 51.7715 51.7915 51.7511 51.7513 51.7045 51.7046 51.7041 51.7043 51.7301 51.7105 51.7963 51.7964 51.7962 51.7962 51.7960 51.8223 51.7694 51.8221 51.7424 51.7818 51.7290 51.8083 51.7557 51.8080 51.7091 51.6695 51.6432 51.6364 51.7158 51.9268 51.9267 51.9794 52.0057 52.1176 52.2760 52.3551 52.3353 52.2822 52.2624 52.2358 52.1565 52.1171 52.1169 52.0571 52.0571 51.9777 52.0504 52.0304 52.0569 52.0567 52.1157 52.1220 52.1602 52.1376 52.1989 52.1720 52.0840 52.0840 52.0484 52.0484
51.4948 51.4948 51.2178 51.2440 51.1912 51.3495 51.4482 51.7649 51.7915 51.7511 51.7513 51.7045 51.7310 51.7305 51.6845 51.7104 51.7105 51.7963 51.8228 51.8226 51.8226 51.8488 51.8751 51.7363 51.7891 51.7160 51.7555 51.7290 51.8083 51.7887 51.8410 51.6827 51.6431 51.6960 51.6892 51.7686 51.9796 51.9202 51.9728 51.9793 52.0912 52.1441 52.2232 52.2892 52.2360 52.2096 52.1830 52.1301 52.0907 52.0641 52.0043 52.0243 51.9448 51.9977 51.9778 52.1099 52.1096 52.1950 52.2013 52.3381 52.3154 52.3077 52.2808 52.2679 52.2679 52.0618 52.0618
51.4884 51.4884 51.3239 51.2445 51.2443 51.4817 51.5605 51.8574 51.8372 51.8635 51.8636 51.7311 51.7576 51.5720 51.5260 51.6448 51.6449 51.7701 51.7966 51.8226 51.8226 51.8224 51.8287 51.7490 51.8348 51.7027 51.6761 51.7024 51.7817 51.7621 51.7618 51.6035 51.5838 51.6367 51.8211 51.9005 51.8471 51.8405 51.9259 51.9658 52.0449 52.0448 52.0974 52.1304 52.1302 52.0708 52.0907 52.0048 52.0047 52.0046 52.0042 52.0242 51.9184 51.9713 51.8780 52.0101 52.0429 52.1220 52.1482 52.2849 52.2849 52.2441 52.1821 52.2810 52.2810 52.1304 52.1304
51.4884 51.4884 51.3239 51.2445 51.2905 51.5279 51.5605 51.8574 51.8636 51.8899 51.8900 51.7575 51.7642 51.5787 51.5260 51.6448 51.6185 51.7437 51.8230 51.8490 51.8490 51.8686 51.8748 51.7490 51.8348 51.7291 51.7025 51.7618 51.8412 51.7621 51.7618 51.6563 51.6366 51.6103 51.7947 51.8675 51.8142 51.8141 51.8995 51.9130 51.9921 51.9723 52.0248 52.0248 52.0246 52.0180 52.0379 52.0048 52.0047 51.9716 51.9712 52.0505 51.9447 51.9977 51.9044 52.0365 52.0693 52.1287 52.1550 52.2719 52.2719 52.2928 52.2308 52.2206 52.2206 52.2124 52.2124
51.5943 51.5943 51.4033 51.3237 51.3498 51.4615 51.5670 51.7783 51.8110 51.9691 51.9693 51.8038 51.8105 51.6717 51.6191 51.6714 51.6451 51.7702 51.8495 51.8027 51.8027 51.8550 51.8548 51.8019 51.9140 51.7552 51.7289 51.7619 51.7818 51.7027 51.7226 51.6171 51.6363 51.6101 51.6626 51.7353 51.7943 51.7942 51.8004 51.8070 51.8332 51.8133 51.8396 51.8398 51.9453 51.9322 52.0048 52.0047 51.9255 51.8924 51.7863 51.8656 51.8253 51.8782 51.7258 51.8579 51.9107 52.0758 52.1021 52.2453 52.2366 52.2249 52.2201 52.1109 52.1109 52.2470 52.2470
51.7001 51.7001 51.6473 51.5677 51.4556 51.5674 51.5936 51.8049 51.8310 51.9892 51.9960 52.0218 51.9691 51.6719 51.6720 51.6917 51.6654 51.8297 51.9551 51.9283 51.9283 52.0137 51.9605 51.9604 52.0396 51.8280 51.8279 51.7818 51.7817 51.6498 51.6369 51.5578 51.6431 51.6630 51.6362 51.6363 51.7153 51.6953 51.7015 51.7016 51.7277 51.7540 51.7802 51.8067 51.9122 51.9057 51.9783 52.0246 51.9717 51.9781 51.8455 51.9248 51.9637 51.9638 51.7524 51.8648 51.8646 52.1287 52.0957 52.2011 52.2063 52.2100 52.1760 52.0892 52.0892 52.2197 52.2197
51.8320 51.8320 51.7793 51.6532 51.5411 51.5938 51.6200 51.7256 51.7517 51.9890 51.9958 52.0682 52.0155 51.8568 51.8569 51.6915 51.6652 51.6976 51.8230 51.8818 51.8818 51.9344 51.8812 51.8017 51.8808 51.8016 51.8014 51.8019 51.8019 51.6700 51.7424 51.6633 51.8015 51.8215 51.7947 51.7948 51.7480 51.7281 51.6749 51.6750 51.6749 51.7011 51.8595 51.8860 51.9849 51.9784 52.0047 52.0510 51.9453 51.9517 51.7925 51.8718 51.8316 51.8317 51.6731 51.7855 51.7854 52.1285 52.0955 52.2476 52.2527 52.2628 52.2288 52.0891 52.0891 52.1405 52.1405
51.9109 51.9109 51.7722 51.6462 51.4881 51.5408 51.5407 51.6463 51.7585 51.9957 51.9959 52.0155 52.0420 52.0217 51.9690 51.6977 51.6648 51.6382 51.6384 51.8027 51.8027 51.8024 51.8022 51.8546 51.8545 51.8347 51.8874 51.8548 51.9075 51.7756 51.7750 51.6101 51.7157 51.7159 51.6891 51.6892 51.6688 51.7217 51.6685 51.6487 51.6485 51.7277 51.8861 51.9125 52.0115 52.0248 52.0511 52.1630 52.0309 52.0835 52.0042 52.0043 51.9640 52.0764 51.8847 52.1225 52.0695 52.2278 52.2542 52.3464 52.3462 52.2783 52.2577 52.1839 52.1839 52.2261 52.2261
51.9109 51.9109 51.7722 51.6462 51.4881 51.5408 51.5407 51.6463 51.7585 51.9957 51.9959 52.0155 52.0420 52.0217 51.9690 51.6977 51.6648 51.6382 51.6384 51.8027 51.8027 51.8024 51.8022 51.8546 51.8545 51.8347 51.8874 51.8548 51.9075 51.7756 51.7750 51.6101 51.7157 51.7159 51.6891 51.6892 51.6688 51.7217 51.6685 51.6487 51.6485 51.7277 51.8861 51.9125 52.0115 52.0248 52.0511 52.1630 52.0309 52.0835 52.0042 52.0043 51.9640 52.0764 51.8847 52.1225 52.0695 52.2278 52.2542 52.3464 52.3462 52.2783 52.2577 52.1839 52.1839 52.2261 52.2261
51.8514 51.8514 51.8449 51.9303 51.7982 51.8245 51.7059 51.6527 51.6526 51.7582 51.8111 51.9164 51.8901 52.0743 52.0678 51.9552 51.9025 51.6443 51.6444 51.7697 51.7697 51.7759 51.7757 51.9143 51.8348 51.8021 51.9142 51.9140 51.9071 51.6894 51.7683 51.6365 51.7155 51.7421 51.8274 51.9859 51.9526 51.8602 51.8336 51.8864 51.8334 51.8862 52.1702 52.1899 52.2161 52.2425 52.2688 52.3478 52.0836 52.1099 52.0566 52.0898 52.0433 52.2282 52.2808 52.4394 52.2809 52.3602 52.3536 52.3403 52.2672 52.2692 52.2955 52.5166 52.5166 52.4311 52.4311
51.8514 51.8514 51.8449 51.9303 51.7982 51.8245 51.7059 51.6527 51.6526 51.7582 51.8111 51.9164 51.8901 52.0743 52.0678 51.9552 51.9025 51.6443 51.6444 51.7697 51.7697 51.7759 51.7757 51.9143 51.8348 51.8021 51.9142 51.9140 51.9071 51.6894 51.7683 51.6365 51.7155 51.7421 51.8274 51.9859 51.9526 51.8602 51.8336 51.8864 51.8334 51.8862 52.1702 52.1899 52.2161 52.2425 52.2688 52.3478 52.0836 52.1099 52.0566 52.0898 52.0433 52.2282 52.2808 52.4394 52.2809 52.3602 52.3536 52.3403 52.2672 52.2692 52.2955 52.5166 52.5166 52.4311 52.4311
