regresion/ABRIL_2003_CORREGIDOS/SeaWiFS/Composicion (B555).txt
ncols         167
nrows         127
xllcorner     -112.014
yllcorner     26.717
cellsize      0.00899
[rows 58 to 86 of 127, columns 0 to 66 of 167]
30.8829 30.8640 30.9171 30.8950 30.8419 30.8230 30.8231 30.8794 30.8198 30.7286 30.7255 30.7097 30.7099 30.7285 30.6756 30.6756 30.7318 30.6941 30.6784 30.7313 30.7093 30.7088 30.7273 30.7055 30.7429 30.8180 30.8397 30.8741 30.8583 30.9334 31.0301 31.1052 31.3115 31.3336 31.5560 31.5372 31.5339 31.3650 31.3239 31.2864 31.2862 31.2456 31.2456 31.2674 31.2674 31.2927 31.2927 31.4269 31.4269 31.3329 31.2920 31.1728 31.1727 31.2102 31.1538 31.0942 31.0192 31.0379 31.0032 30.9875 31.0658 31.0657 31.1033 31.1626 31.1064 31.1814 31.1814
30.8609 30.8420 30.9359 30.9138 30.9172 30.8983 30.8639 30.9202 30.8606 30.8040 30.8009 30.7286 30.7287 30.7096 30.6567 30.6536 30.7098 30.6721 30.6564 30.6560 30.6340 30.7277 30.7304 30.7086 30.7647 30.8398 30.8397 30.8741 30.8771 30.9522 31.0301 31.1052 31.2896 31.3117 31.4806 31.4431 31.4399 31.2897 31.2487 31.2707 31.2706 31.2487 31.2487 31.2674 31.2674 31.2549 31.2549 31.4049 31.4049 31.3109 31.3296 31.2104 31.2103 31.2478 31.2102 31.1506 31.0787 31.0974 31.1348 31.1192 31.1787 31.1787 31.1974 31.2347 31.1785 31.2347 31.2347
30.9172 30.8577 30.9735 30.9734 31.0485 31.0484 30.9579 30.9201 30.8605 30.8258 30.8602 30.7848 30.8037 30.8222 30.7693 30.7661 30.8068 30.8253 30.7657 30.7465 30.7653 30.7432 30.7271 30.7273 30.8022 30.8367 30.8208 30.8959 30.9709 31.0272 31.1616 31.2024 31.3869 31.4432 31.4774 31.2712 31.3054 31.2678 31.2676 31.3052 31.2488 31.2301 31.2301 31.2707 31.2707 31.2736 31.2736 31.2735 31.2735 31.3109 31.3296 31.3231 31.3230 31.2821 31.2445 31.2632 31.1913 31.1913 31.2287 31.2130 31.2913 31.2944 31.2756 31.3098 31.2724 31.3628 31.3628
30.8698 30.8103 30.8794 30.8792 31.0517 31.0516 31.0142 30.9764 30.9358 30.8823 30.9167 30.8193 30.8381 30.8190 30.7661 30.6906 30.7313 30.7876 30.7280 30.7873 30.8061 30.8593 30.9719 30.9720 31.0470 31.0814 31.0089 31.0840 31.0995 31.1558 31.2714 31.3122 31.3869 31.4432 31.4774 31.2741 31.3083 31.2709 31.2708 31.2299 31.1735 31.1359 31.1359 31.1766 31.1766 31.3081 31.3081 31.2922 31.2922 31.3297 31.3484 31.3419 31.2885 31.2476 31.1912 31.2099 31.1160 31.1160 31.1346 31.1189 31.1971 31.2001 31.1972 31.2158 31.1783 31.2876 31.2876
30.9669 30.9261 30.9920 30.9542 31.0329 30.9953 30.9733 30.9576 30.9357 30.8227 30.9353 30.9130 30.8788 30.8596 30.9004 30.8250 30.8406 30.8031 30.7656 30.8061 30.8061 30.8780 31.0282 30.9877 31.0657 31.1409 31.0841 31.1592 31.1779 31.2154 31.3653 31.4061 31.3837 31.2899 31.4211 31.3303 31.3083 31.2302 31.2301 31.2112 31.1392 31.1391 31.1391 31.1234 31.1234 31.2361 31.2361 31.2171 31.2171 31.2889 31.3076 31.2260 31.1725 31.1724 31.0973 31.0785 31.0033 31.0815 31.0846 31.0125 31.1062 31.1437 31.1220 31.1593 31.1594 31.2279 31.2279
31.0000 30.9591 30.9543 30.9165 30.9953 30.9576 30.9733 30.9576 30.9324 30.8195 30.9321 30.9130 30.8788 30.8408 30.8816 30.8626 30.8782 30.8438 30.8062 30.8438 30.8437 30.8404 30.9341 30.8935 31.0060 31.0812 31.0433 31.1184 31.1590 31.1966 31.3841 31.4249 31.4966 31.4029 31.4242 31.3303 31.3083 31.2112 31.2111 31.2112 31.1392 31.1360 31.1360 31.1015 31.1015 31.1796 31.1796 31.1794 31.1794 31.3108 31.3108 31.2291 31.2102 31.2101 31.1538 31.1350 31.0975 31.1757 31.1567 31.0847 31.1407 31.1782 31.1219 31.1593 31.1594 31.1934 31.1934
31.0570 30.9630 31.0193 30.9816 31.0558 30.9806 31.0044 30.9510 30.9884 30.9129 30.9130 30.9128 30.9006 30.8658 30.8472 30.7905 30.8250 30.7872 30.8435 30.8245 30.8400 30.8151 31.0026 31.0215 31.0622 31.1372 31.1370 31.1746 31.3091 31.3124 31.4061 31.3687 31.4058 31.4246 31.4430 31.3084 31.3426 31.3019 31.3051 31.2862 31.1545 31.1546 31.1546 31.1421 31.1421 31.1232 31.1232 31.2168 31.2168 31.2102 31.2289 31.1914 31.1914 31.2477 31.2257 31.2851 31.2475 31.2319 31.2913 31.3288 31.3474 31.4036 31.3472 31.2905 31.2873 31.2276 31.2276
31.0570 30.9630 31.0193 30.9816 31.0558 30.9806 31.0044 30.9510 30.9884 30.9129 30.9130 30.9128 30.9006 30.8658 30.8472 30.7905 30.8250 30.7872 30.8435 30.8245 30.8400 30.8151 31.0026 31.0215 31.0622 31.1372 31.1370 31.1746 31.3091 31.3124 31.4061 31.3687 31.4058 31.4246 31.4430 31.3084 31.3426 31.3019 31.3051 31.2862 31.1545 31.1546 31.1546 31.1421 31.1421 31.1232 31.1232 31.2168 31.2168 31.2102 31.2289 31.1914 31.1914 31.2477 31.2257 31.2851 31.2475 31.2319 31.2913 31.3288 31.3474 31.4036 31.3472 31.2905 31.2873 31.2276 31.2276
31.1921 31.1077 31.1618 31.0476 31.0226 30.9921 31.0638 30.9885 30.9135 30.8787 30.7883 30.7882 30.8852 30.8629 30.9005 30.8062 30.8812 30.8811 30.8591 30.8713 30.9650 30.8900 30.9119 30.9682 30.9680 31.0088 31.1246 31.1654 31.3529 31.3530 31.1991 31.1617 31.2555 31.2711 31.3425 31.2831 31.3991 31.3429 31.2863 31.2674 31.2673 31.2550 31.2550 31.1828 31.1828 31.1981 31.1981 31.2354 31.2354 31.2476 31.2632 31.2257 31.2443 31.2850 31.2663 31.3445 31.2727 31.3289 31.4039 31.4601 31.5194 31.5724 31.5347 31.4560 31.4341 31.4526 31.4526
31.1921 31.1077 31.1618 31.0476 31.0226 30.9921 31.0638 30.9885 30.9135 30.8787 30.7883 30.7882 30.8852 30.8629 30.9005 30.8062 30.8812 30.8811 30.8591 30.8713 30.9650 30.8900 30.9119 30.9682 30.9680 31.0088 31.1246 31.1654 31.3529 31.3530 31.1991 31.1617 31.2555 31.2711 31.3425 31.2831 31.3991 31.3429 31.2863 31.2674 31.2673 31.2550 31.2550 31.1828 31.1828 31.1981 31.1981 31.2354 31.2354 31.2476 31.2632 31.2257 31.2443 31.2850 31.2663 31.3445 31.2727 31.3289 31.4039 31.4601 31.5194 31.5724 31.5347 31.4560 31.4341 31.4526 31.4526
31.3081 31.1297 31.2071 31.1525 31.1483 31.0968 31.1127 31.1205 30.9358 30.8937 30.8939 30.8002 30.8566 30.9242 31.0181 30.9534 30.9313 30.9122 30.9685 30.9277 31.0059 31.0435 31.0997 31.1186 31.0839 31.1655 31.2780 31.2781 31.2932 31.2370 31.0864 31.1395 31.0799 31.0799 31.1516 31.0954 31.2300 31.1924 31.1735 31.1610 31.1984 31.1828 31.1828 31.2921 31.2921 31.2356 31.2356 31.2509 31.2509 31.3007 31.3006 31.3038 31.3037 31.3819 31.3444 31.4757 31.4633 31.5196 31.5196 31.4975 31.6100 31.6253 31.5842 31.5809 31.5435 31.5621 31.5621
31.3081 31.1297 31.2071 31.1525 31.1483 31.0968 31.1127 31.1205 30.9358 30.8937 30.8939 30.8002 30.8566 30.9242 31.0181 30.9534 30.9313 30.9122 30.9685 30.9277 31.0059 31.0435 31.0997 31.1186 31.0839 31.1655 31.2780 31.2781 31.2932 31.2370 31.0864 31.1395 31.0799 31.0799 31.1516 31.0954 31.2300 31.1924 31.1735 31.1610 31.1984 31.1828 31.1828 31.2921 31.2921 31.2356 31.2356 31.2509 31.2509 31.3007 31.3006 31.3038 31.3037 31.3819 31.3444 31.4757 31.4633 31.5196 31.5196 31.4975 31.6100 31.6253 31.5842 31.5809 31.5435 31.5621 31.5621
30.8650 31.2924 31.1252 31.1367 31.1059 31.0427 31.0433 30.9868 30.7903 30.7658 30.7385 30.7821 30.8449 30.8779 30.9701 30.9701 30.9571 30.9506 30.9913 30.9755 31.0131 31.1218 31.1404 31.1438 31.1060 31.1655 31.2184 31.1809 31.0648 31.0461 31.0083 31.0051 30.9640 31.0015 31.0608 31.0796 31.0796 31.0107 31.0482 31.0669 31.2358 31.2954 31.2954 31.3859 31.3859 31.3981 31.3981 31.4323 31.4323 31.3789 31.3976 31.3821 31.3850 31.4413 31.4257 31.5008 31.4819 31.5537 31.5349 31.5689 31.6440 31.6252 31.6750 31.6373 31.5624 31.5466 31.5466
30.8650 31.2924 31.1252 31.1367 31.1059 31.0427 31.0433 30.9868 30.7903 30.7658 30.7385 30.7821 30.8449 30.8779 30.9701 30.9701 30.9571 30.9506 30.9913 30.9755 31.0131 31.1218 31.1404 31.1438 31.1060 31.1655 31.2184 31.1809 31.0648 31.0461 31.0083 31.0051 30.9640 31.0015 31.0608 31.0796 31.0796 31.0107 31.0482 31.0669 31.2358 31.2954 31.2954 31.3859 31.3859 31.3981 31.3981 31.4323 31.4323 31.3789 31.3976 31.3821 31.3850 31.4413 31.4257 31.5008 31.4819 31.5537 31.5349 31.5689 31.6440 31.6252 31.6750 31.6373 31.5624 31.5466 31.5466
31.3847 31.4915 31.2645 31.2020 31.0442 30.9438 30.9187 30.8866 30.8700 30.8263 30.8323 30.8617 30.9018 30.8603 30.9091 30.9463 30.9793 31.0183 31.0044 31.0285 30.9754 31.0677 31.0307 31.0121 30.9522 30.9743 31.0275 31.0275 30.9145 30.9114 30.8923 30.8923 30.9859 30.9860 31.0452 31.0670 31.0482 31.0295 30.9917 31.0104 31.1011 31.1763 31.1763 31.2669 31.2669 31.3418 31.3418 31.5447 31.5447 31.5855 31.5508 31.5167 31.5165 31.5727 31.5572 31.6321 31.6133 31.6254 31.6223 31.6223 31.6784 31.6784 31.6939 31.6185 31.5436 31.5343 31.5343
31.9239 31.5642 31.3372 31.2747 30.9770 30.8766 30.9330 30.9010 30.9244 30.8807 30.8605 30.8900 30.8816 30.8400 30.9841 31.0213 31.0543 31.0183 31.0044 31.0285 30.9754 31.1053 31.0683 31.0716 31.0117 30.9930 31.0463 31.0463 30.9895 30.9864 30.9485 30.9486 30.9860 30.9860 31.0452 31.0670 31.0857 31.0670 31.0138 31.0324 31.1231 31.1763 31.1763 31.2856 31.2856 31.3793 31.3793 31.5447 31.5447 31.5855 31.5509 31.5354 31.5353 31.5915 31.5759 31.6509 31.6133 31.6255 31.6223 31.6223 31.6189 31.6189 31.6752 31.5998 31.5998 31.5905 31.5905
31.7949 31.5462 31.2939 31.2260 30.9226 30.9177 30.9895 30.9130 30.8717 30.9280 30.8995 30.9464 30.9810 30.9520 31.0455 31.0506 30.9846 30.9689 30.9533 30.9346 30.9531 31.0388 31.1126 31.1159 31.0084 30.9710 30.9144 30.8737 30.8547 30.8361 30.9173 30.9549 30.9703 30.9548 30.9921 31.0483 31.1045 31.0856 31.1045 31.1577 31.1388 31.1355 31.1355 31.1916 31.1916 31.2664 31.2664 31.5134 31.5134 31.5353 31.5353 31.5541 31.5540 31.6102 31.6103 31.6788 31.6224 31.6224 31.6036 31.5660 31.5814 31.6188 31.6562 31.5719 31.5719 31.5906 31.5906
31.6579 31.4668 31.2145 31.1466 30.9906 30.9856 31.0262 30.9497 30.9237 30.9800 30.8873 30.9342 31.0034 30.9744 31.0422 31.0473 30.9814 30.9689 30.9533 30.9721 30.9906 31.0388 31.1126 31.1722 31.0647 31.0085 30.9518 30.9112 30.8922 30.8736 30.9328 30.9703 31.0265 31.0110 31.0296 31.0858 31.1232 31.1044 31.1232 31.1764 31.1576 31.1730 31.1730 31.2291 31.2291 31.2631 31.2631 31.5697 31.5697 31.5541 31.5541 31.5729 31.5727 31.6289 31.6103 31.6788 31.6411 31.6412 31.6223 31.5848 31.5627 31.6001 31.5812 31.4969 31.5532 31.5719 31.5719
31.7225 31.5316 31.3893 31.3188 31.1948 31.1369 31.0635 31.0258 31.0317 31.0926 31.0102 30.9500 31.0468 31.0688 31.1572 31.0878 31.0013 30.9762 30.8918 30.9783 30.9219 30.9219 30.9521 31.0492 30.9897 30.9115 30.8203 30.8203 30.8419 30.8420 30.8575 30.8795 30.9733 30.9734 31.0482 31.0638 31.0606 31.0793 31.1013 31.0979 31.0790 31.1917 31.1917 31.3446 31.3446 31.3255 31.3255 31.3287 31.3287 31.3286 31.3285 31.3848 31.3439 31.6003 31.5662 31.4911 31.4911 31.4723 31.4535 31.4909 31.4531 31.5348 31.5158 31.5157 31.5720 31.6281 31.6281
31.7775 31.6226 31.4944 31.4239 31.3739 31.3160 31.1849 31.1473 31.0179 31.0519 31.0264 31.0075 31.1032 31.1869 31.2586 31.1205 31.0340 30.9952 30.9107 30.9561 30.8997 30.9149 30.9493 31.0088 30.9553 30.9147 30.8579 30.8580 30.8421 30.8422 30.9138 30.9359 30.9702 30.9703 31.0076 31.0075 31.0076 31.0451 31.0826 31.0980 31.0792 31.1948 31.1948 31.3073 31.3073 31.3820 31.3820 31.3287 31.3287 31.3442 31.3253 31.3662 31.3849 31.6413 31.6037 31.5286 31.4754 31.4566 31.4566 31.4940 31.4719 31.5536 31.4972 31.4782 31.5532 31.6063 31.6063
32.7538 32.1066 32.0627 31.6969 31.6274 31.5500 31.2546 31.1777 30.9619 30.9787 30.9839 30.9869 31.0317 31.0877 31.1644 31.0262 31.0059 30.9670 30.8543 30.8997 30.8403 30.8555 30.8554 30.8930 30.8769 30.8582 30.8580 30.8580 30.8422 30.8797 30.9514 30.9546 31.0077 31.0078 31.0076 30.9887 31.0076 31.0794 31.1169 31.0981 31.0603 31.1385 31.1385 31.3104 31.3104 31.3477 31.3477 31.2725 31.2725 31.2316 31.2127 31.1567 31.1754 31.1720 31.1344 31.1720 31.1188 31.4566 31.4566 31.5194 31.4973 31.4973 31.4409 31.4219 31.4969 31.5499 31.5499
33.5741 32.6385 32.3048 31.9390 31.7942 31.7168 31.3273 31.2504 31.0849 31.0287 31.0289 31.0974 31.1505 31.0813 31.1424 31.1611 31.1407 30.9526 30.8400 30.8961 30.8367 30.8430 30.8429 30.8211 30.8207 30.8395 30.8581 30.8581 30.8734 30.9110 30.9671 30.9704 31.0264 31.0265 31.0264 31.0075 31.0076 31.0637 31.0637 31.0637 31.0259 31.0634 31.0634 31.2319 31.2319 31.2884 31.2884 31.2319 31.2319 31.1566 31.1752 31.1567 31.1377 31.1344 31.1000 31.1376 31.1375 31.4754 31.4909 31.5537 31.4974 31.4973 31.4754 31.4563 31.4751 31.5124 31.5124
35.4766 34.5410 32.3419 31.9761 31.8203 31.7429 31.2947 31.2178 31.0853 31.0291 31.0101 31.0787 31.1725 31.1033 31.1033 31.1220 31.1032 30.9151 30.8212 30.8773 30.8335 30.8398 30.8397 30.8023 30.8019 30.8583 30.8768 30.8581 30.8734 30.9329 30.9891 30.9704 31.0265 31.0640 31.0640 31.0419 31.0420 31.1013 31.1013 31.1200 31.0823 31.1010 31.1010 31.2165 31.2165 31.2509 31.2509 31.1944 31.1944 31.1566 31.1752 31.1534 31.1345 31.1532 31.1188 31.1751 31.1750 31.4599 31.4754 31.5537 31.4974 31.4785 31.4566 31.4188 31.4376 31.4528 31.4528
71.6492 43.4040 31.0024 31.8978 32.2216 32.1804 31.8518 31.7501 31.5149 31.3234 31.2355 31.2713 31.3161 31.0836 31.1023 31.1023 31.0648 30.8807 30.8589 30.9150 30.8177 30.8397 30.8770 30.8021 30.8396 30.8584 30.8393 30.8206 30.9297 30.9892 30.8388 30.8201 30.7822 30.8198 30.8761 30.8729 30.8948 30.9698 31.0260 31.0448 31.0447 31.0259 31.0259 31.1948 31.1948 31.1945 31.1945 31.1569 31.1569 31.1005 31.0847 31.0252 31.0251 31.0813 31.0625 31.1186 31.1186 31.1814 31.2126 31.4191 31.4379 31.5506 31.5505 31.4750 31.4784 31.5092 31.5092
84.2933 56.0481 37.6909 38.5864 32.2932 32.2520 32.1785 32.0768 31.7090 31.5175 31.2304 31.2663 31.2603 31.0278 31.1426 31.1426 31.0748 30.8908 30.8369 30.8930 30.7615 30.7835 30.8208 30.7647 30.8022 30.8398 30.8206 30.8614 30.9705 31.0268 30.8763 30.8764 30.8385 30.8166 30.8729 30.9104 30.9323 30.9511 31.0073 31.0448 31.0447 30.9917 30.9917 31.1197 31.1197 31.2320 31.2320 31.2132 31.2132 31.1910 31.1752 31.3627 31.3626 31.5314 31.5125 31.3658 31.3658 31.5003 31.5315 31.6817 31.7005 31.7194 31.7193 31.4718 31.4751 31.4904 31.4904
92.1651 86.9195 77.0799 77.7361 58.7583 57.4450 49.9442 37.5818 34.0278 33.4691 31.3034 31.4940 31.3231 31.0458 31.1565 30.8723 30.8075 30.8488 30.7935 30.8818 30.7679 30.7199 30.7239 30.7240 30.7643 30.7457 30.7644 30.8051 30.8389 30.8953 30.8795 30.8796 30.7825 30.7606 30.7823 30.8198 30.8196 30.8197 30.8759 30.9291 30.9884 30.9320 30.9320 31.0445 31.0445 31.0817 31.0817 31.1036 31.1036 31.1943 31.1753 31.3440 31.3627 31.5877 31.5500 31.4034 31.3783 31.3814 31.3812 31.3437 31.3811 31.2872 31.2498 31.3216 31.3436 31.3810 31.3810
96.0976 90.8520 84.9357 85.5919 73.9468 72.6335 62.5192 50.1568 40.5344 39.9757 30.8414 31.0320 31.3346 31.0573 31.0827 30.7985 30.8083 30.8496 30.7959 30.8842 30.7949 30.7469 30.7509 30.7305 30.7709 30.7489 30.7676 30.7864 30.8202 30.8953 30.8795 30.8983 30.8013 30.7981 30.8198 30.8385 30.8383 30.8197 30.8759 30.9323 30.9916 30.9696 30.9696 30.9882 30.9882 31.0067 31.0067 31.1565 31.1565 31.4943 31.4753 31.6254 31.6441 31.8128 31.7751 31.5536 31.5285 31.4190 31.4188 31.4000 31.4375 31.3777 31.3403 31.3967 31.4187 31.4185 31.4185
101.3576 98.7381 94.7959 96.1085 83.7963 75.9178 68.2205 60.8474 51.2250 38.8302 29.6959 31.2825 31.5852 30.8664 30.8917 30.7814 30.7704 30.9138 30.8679 30.8071 30.7580 30.6938 30.6977 30.6774 30.7093 30.6873 30.6707 30.6895 30.7857 30.8608 30.8388 30.8577 30.8013 30.7981 30.8197 30.8353 30.8728 30.8728 30.8945 30.9166 30.9165 30.8944 30.8944 30.9537 30.9537 31.0098 31.0098 31.1534 31.1534 31.4566 31.4565 31.6252 31.6221 31.6782 31.6406 31.4973 31.4565 31.4002 31.4377 31.4751 31.4969 31.4372 31.3808 31.1712 31.1932 31.2119 31.2119
102.6562 102.6561 103.3112 104.6238 97.4074 89.5289 75.7466 68.3735 47.0383 34.6435 29.9558 31.5425 32.0506 31.3318 30.8466 30.7363 30.6957 30.7888 30.8068 30.8516 30.8521 30.8441 30.8481 30.7220 30.7539 30.6858 30.6691 30.7010 30.7630 30.8323 30.8104 30.8357 30.8356 30.8356 30.8010 30.8166 30.8729 30.9136 30.9166 30.9167 30.9166 30.9320 30.9320 30.9913 30.9913 31.1191 31.1191 31.2473 31.2473 31.3629 31.3628 31.4189 31.4158 31.5692 31.5129 31.4035 31.3815 31.2501 31.2501 31.3217 31.3622 31.4185 31.4028 31.3995 31.3620 31.3432 31.3432
