regresion/ABRIL_2003_CORREGIDOS/SeaWiFS/Composicion (B555).txt
ncols         167
nrows         127
xllcorner     -112.014
yllcorner     26.717
cellsize      0.00899
[rows 29 to 57 of 127, columns 0 to 66 of 167]
30.9182 31.0309 30.9560 30.9778 30.9212 30.9585 30.8769 30.8204 30.7296 30.7670 30.7109 30.7265 30.7485 30.6730 30.6575 30.6385 30.6196 30.5974 30.5599 30.8035 30.8597 30.9689 31.0815 31.0254 30.9906 30.8596 30.7809 30.7997 30.7464 30.7683 30.6744 30.6558 30.5430 30.5431 30.5960 30.6900 30.5772 30.4799 30.4611 30.4799 30.4798 30.2193 30.2193 30.2790 30.2790 30.2788 30.2788 30.3538 30.3538 30.5168 30.5168 30.4042 30.4417 30.4417 30.4979 30.4602 30.4225 30.5006 30.6194 30.6726 30.6537 30.6912 30.6350 30.8975 30.9506 30.9251 30.9251
30.9182 31.0309 30.9560 30.9778 30.9212 30.9585 30.8769 30.8204 30.7296 30.7670 30.7109 30.7265 30.7485 30.6730 30.6575 30.6385 30.6196 30.5974 30.5599 30.8035 30.8597 30.9689 31.0815 31.0254 30.9906 30.8596 30.7809 30.7997 30.7464 30.7683 30.6744 30.6558 30.5430 30.5431 30.5960 30.6900 30.5772 30.4799 30.4611 30.4799 30.4798 30.2193 30.2193 30.2790 30.2790 30.2788 30.2788 30.3538 30.3538 30.5168 30.5168 30.4042 30.4417 30.4417 30.4979 30.4602 30.4225 30.5006 30.6194 30.6726 30.6537 30.6912 30.6350 30.8975 30.9506 30.9251 30.9251
30.7681 30.8838 30.8273 30.9023 30.9335 30.9146 30.8050 30.7485 30.7672 30.7638 30.7108 30.7293 30.6388 30.6542 30.6355 30.6354 30.6917 30.6353 30.5632 30.7662 30.8006 30.9723 30.9909 30.9535 30.8591 30.7875 30.7841 30.8060 30.6933 30.6933 30.6524 30.6712 30.5992 30.5993 30.6336 30.7056 30.6304 30.5207 30.5019 30.3699 30.3855 30.3919 30.3919 30.2222 30.2222 30.2222 30.2222 30.2567 30.2567 30.3663 30.4602 30.4228 30.4228 30.4227 30.5197 30.4821 30.5414 30.4852 30.5040 30.5978 30.6727 30.7101 30.6693 30.9100 30.9256 30.9473 30.9473
30.7681 30.8838 30.8273 30.9023 30.9335 30.9146 30.8050 30.7485 30.7672 30.7638 30.7108 30.7293 30.6388 30.6542 30.6355 30.6354 30.6917 30.6353 30.5632 30.7662 30.8006 30.9723 30.9909 30.9535 30.8591 30.7875 30.7841 30.8060 30.6933 30.6933 30.6524 30.6712 30.5992 30.5993 30.6336 30.7056 30.6304 30.5207 30.5019 30.3699 30.3855 30.3919 30.3919 30.2222 30.2222 30.2222 30.2222 30.2567 30.2567 30.3663 30.4602 30.4228 30.4228 30.4227 30.5197 30.4821 30.5414 30.4852 30.5040 30.5978 30.6727 30.7101 30.6693 30.9100 30.9256 30.9473 30.9473
30.7898 30.8273 30.8116 30.8303 30.8991 30.8426 30.7862 30.7454 30.7828 30.8357 30.7453 30.7825 30.6919 30.7858 30.7109 30.6919 30.6762 30.6949 30.6948 30.7323 30.7291 31.0476 30.8595 30.8596 30.8561 30.7283 30.7060 30.7279 30.7465 30.7466 30.8028 30.8216 30.7120 30.7121 30.6744 30.7087 30.6338 30.5773 30.5584 30.5017 30.4608 30.2975 30.2975 30.2381 30.2381 30.1814 30.1814 30.1656 30.1656 30.3283 30.4819 30.5382 30.5569 30.5381 30.4632 30.3662 30.4820 30.4289 30.4476 30.5602 30.6883 30.6882 30.7036 30.8721 30.8347 31.0222 31.0222
30.7523 30.7898 30.7898 30.8084 30.8616 30.8051 30.7487 30.7079 30.7266 30.7795 30.6922 30.7294 30.6733 30.7671 30.7860 30.7670 30.7325 30.7512 30.6917 30.7291 30.7291 31.0476 30.8595 30.8221 30.8186 30.7314 30.7091 30.7467 30.7653 30.7654 30.8216 30.8216 30.7120 30.7277 30.6900 30.6900 30.6150 30.6149 30.5960 30.5392 30.4984 30.3726 30.3726 30.3507 30.3507 30.2565 30.2565 30.2000 30.2000 30.3471 30.5006 30.5570 30.5756 30.5756 30.5007 30.4256 30.5415 30.4851 30.5039 30.5977 30.7258 30.6663 30.6817 30.7784 30.7409 30.8910 30.8910
30.6990 30.7177 30.7333 30.7332 30.8050 30.8018 30.7644 30.8393 30.8548 30.7794 30.6921 30.7294 30.6733 30.7701 30.7890 30.7734 30.7921 30.8108 30.7136 30.8043 30.7479 31.0099 30.8718 30.8344 30.8718 30.7846 30.7843 30.8219 30.8592 30.8592 30.8434 30.8435 30.7340 30.7497 30.7277 30.7088 30.5963 30.5773 30.5364 30.5142 30.5329 30.4636 30.4636 30.2941 30.2941 30.2753 30.2753 30.1998 30.1998 30.3877 30.5194 30.5381 30.5379 30.5536 30.4974 30.4629 30.5380 30.5192 30.5568 30.5756 30.7069 30.6129 30.6659 30.8566 30.8192 30.8565 30.8565
30.7147 30.7115 30.6927 30.6926 30.7456 30.7424 30.6672 30.7421 30.7079 30.6513 30.6733 30.7327 30.6953 30.7733 30.8109 30.8484 30.8077 30.8046 30.7293 30.8605 30.8041 30.8945 30.7595 30.8377 30.9315 30.8786 30.8784 30.8786 30.8250 30.8626 30.7530 30.7312 30.7278 30.7466 30.6712 30.7056 30.6680 30.6490 30.5176 30.4642 30.4828 30.5577 30.5577 30.5008 30.5008 30.2935 30.2935 30.3309 30.3309 30.4060 30.5565 30.4815 30.5912 30.5537 30.5380 30.5003 30.4627 30.5002 30.4815 30.4783 30.5345 30.4625 30.6687 30.8376 30.8002 30.8939 30.8939
30.6583 30.6739 30.6551 30.6519 30.7049 30.7986 30.7235 30.7797 30.7455 30.6513 30.6733 30.7170 30.6796 30.7545 30.7921 30.8296 30.7888 30.7857 30.7105 30.8418 30.8010 30.8913 30.8159 30.8941 30.9691 30.9161 30.9159 30.9160 30.7906 30.8281 30.7530 30.7312 30.7090 30.7278 30.6524 30.6868 30.6648 30.6458 30.5739 30.5205 30.5016 30.5765 30.5765 30.5571 30.5571 30.3904 30.3904 30.4249 30.4249 30.4811 30.6316 30.5567 30.6663 30.5724 30.5567 30.5567 30.5190 30.5377 30.5191 30.4596 30.5158 30.4999 30.7062 30.7248 30.6874 30.8000 30.8000
30.5989 30.6333 30.6331 30.6299 30.5733 30.6671 30.5952 30.6514 30.7859 30.7139 30.6578 30.6983 30.7171 30.8108 30.8640 30.8827 30.8825 30.9887 30.8385 30.8011 30.7041 30.7604 30.7414 30.8790 30.8819 30.9008 30.8439 30.8815 30.7345 30.7501 30.7123 30.7312 30.6901 30.6902 30.7055 30.6302 30.6082 30.6301 30.6145 30.5954 30.5765 30.5984 30.5984 30.6509 30.6509 30.5593 30.5593 30.5182 30.5182 30.4807 30.6658 30.5752 30.7068 30.6660 30.6693 30.6692 30.5188 30.5188 30.5782 30.5000 30.5156 30.5185 30.6495 30.6492 30.6118 30.8185 30.8185
30.5613 30.6144 30.6142 30.6110 30.5544 30.6858 30.6140 30.6326 30.7671 30.7358 30.6797 30.6795 30.6983 30.7731 30.8263 30.8450 30.7509 30.8571 30.8542 30.8167 30.6853 30.7416 30.6850 30.8226 30.8067 30.8255 30.8470 30.8846 30.8096 30.8253 30.7499 30.7687 30.7088 30.7089 30.7211 30.6458 30.6270 30.6489 30.6521 30.6330 30.6892 30.7111 30.7111 30.7854 30.7854 30.6720 30.6720 30.5370 30.5370 30.4807 30.6658 30.5908 30.7223 30.7224 30.7256 30.7256 30.5752 30.5563 30.6158 30.4842 30.4998 30.5185 30.6495 30.6680 30.6306 30.7434 30.7434
30.5578 30.5765 30.5766 30.5734 30.5389 30.6703 30.6734 30.6921 30.7328 30.6794 30.7171 30.6981 30.7512 30.8981 30.8763 30.8950 30.7635 30.8197 30.8167 30.8168 30.7259 30.7635 30.7103 30.7322 30.6377 30.6191 30.6218 30.6562 30.6371 30.6559 30.6870 30.7246 30.6866 30.6866 30.6834 30.6488 30.6675 30.6673 30.6517 30.7112 30.7674 30.8611 30.8611 30.9545 30.9545 30.8005 30.8005 30.6466 30.6466 30.5936 30.5936 30.5936 30.8193 30.8193 30.8037 30.7849 30.5968 30.5748 30.6123 30.5214 30.5745 30.5745 30.6679 30.6868 30.6681 30.6867 30.6867
30.5854 30.6218 30.6219 30.7966 30.7622 30.7768 30.7799 30.6879 30.7286 30.6982 30.7359 30.8107 30.8639 31.4055 31.3838 31.4024 31.6092 31.6654 30.6852 30.6853 30.6508 30.6884 30.7101 30.7321 30.6596 30.6410 30.6218 30.6562 30.6558 30.6747 30.7245 30.7621 30.7210 30.7211 30.7585 30.7239 30.7802 30.7800 30.7456 30.8051 30.8268 30.9205 30.9205 30.9545 30.9545 30.8005 30.8005 30.7218 30.7218 30.6279 30.6279 30.6312 30.8569 30.8568 30.8413 30.8225 30.6344 30.5402 30.5778 30.5026 30.5557 30.5557 30.6491 30.6680 30.6493 30.7586 30.7586
30.5864 30.6396 30.5904 30.7651 30.7895 30.8042 30.8217 30.7297 30.7707 30.9663 31.0715 30.9921 31.0778 32.0179 31.9107 32.6446 32.8701 31.8160 30.8202 30.7104 30.6540 30.6572 30.4874 30.5063 30.4526 30.5058 30.6153 30.6528 30.6714 30.7465 30.7430 30.7618 30.7585 30.7618 30.8178 30.8395 30.8615 30.8801 30.9363 30.9549 30.9767 31.0298 31.0298 31.0452 31.0452 30.9477 30.9477 30.8378 30.8378 30.7218 30.8534 30.7816 30.8224 30.8411 30.8975 30.8755 30.7439 30.6717 30.5776 30.5211 30.5901 30.5745 30.7619 30.6865 30.6490 30.7773 30.7773
30.6220 30.7457 30.6965 30.7716 30.7960 30.7265 30.7440 30.6461 30.6871 30.8597 30.9648 33.3413 33.4270 38.0882 37.9810 38.7149 38.3708 37.3167 30.0864 29.9766 30.7645 30.7676 30.4493 30.4682 30.4526 30.5058 30.6153 30.6528 30.7089 30.7840 30.7993 30.8181 30.7961 30.7993 30.8741 30.8959 30.9178 30.9364 31.0896 31.1083 31.0894 31.1425 31.1425 31.1579 31.1579 31.0041 31.0041 30.7970 30.7970 30.7781 30.9097 30.8004 30.8411 30.8974 30.9539 30.8598 30.7282 30.7281 30.6339 30.5963 30.6652 30.5933 30.7807 30.7021 30.6646 30.7021 30.7021
30.5360 30.6581 30.6134 30.6885 30.7571 30.6876 30.7507 30.6528 30.6995 31.0100 31.2874 37.2628 39.2551 43.4647 55.2181 56.6726 53.7084 48.8106 37.8936 29.2060 30.4116 30.8035 30.6359 30.6190 30.5799 30.5923 30.6860 30.7236 30.7807 30.7995 30.8367 30.8775 30.9149 30.9337 30.9897 31.0272 31.1054 31.1053 31.2022 31.1801 31.1612 31.2330 31.2330 31.2110 31.2110 31.0261 31.0261 30.8534 30.8534 30.8562 30.9879 30.9348 31.0100 31.0443 30.9319 30.8597 30.8001 30.8376 30.7404 30.7215 30.7964 30.7057 30.8746 30.7959 30.7959 30.7985 30.7985
30.6388 30.7102 30.6656 30.6467 30.7153 30.6806 30.7437 30.7060 30.7527 31.0414 31.3188 34.9323 36.9246 41.2609 53.0143 54.4688 50.0451 45.1473 39.2096 30.5220 30.2597 30.6515 30.6826 30.6657 30.6361 30.6485 30.7921 30.8297 30.8307 30.8495 30.8640 30.9048 31.0308 31.0496 31.1242 31.1617 31.2180 31.2178 31.2398 31.2176 31.2175 31.2894 31.2894 31.2862 31.2862 31.1199 31.1199 30.9285 30.9285 30.8750 31.0067 30.9348 31.0100 31.0473 30.9349 30.8973 30.8377 30.8752 30.7779 30.7778 30.8527 30.7213 30.8902 30.7959 30.7959 30.8361 30.8361
30.6328 30.7042 30.7041 30.6852 30.7324 30.6978 30.7402 30.7025 30.7897 30.7708 31.2544 31.5927 35.1321 42.8045 54.0170 54.0170 51.8843 48.7339 41.6329 33.2020 29.8973 29.9503 29.9668 30.6130 30.6825 30.7037 30.8112 30.8640 30.8628 30.8677 30.8844 30.9273 31.0259 31.0652 31.1588 31.1743 31.2305 31.2866 31.3085 31.3271 31.3270 31.3645 31.3645 31.3233 31.3233 31.2169 31.2169 31.0630 31.0630 30.9878 31.1006 31.0443 31.1006 31.1600 30.9879 30.9877 30.9690 30.9502 30.8153 30.7622 30.8748 30.7776 30.9496 30.8176 30.8177 30.8140 30.8140
30.7114 30.6738 30.6737 30.6392 30.6172 30.5419 30.6294 30.5729 30.7607 30.7793 31.0293 31.2705 37.2273 40.7135 46.8678 46.8678 46.3509 41.5441 36.5847 32.4007 29.8355 30.2953 30.2806 30.7590 30.8527 30.8735 30.8748 30.9276 30.9736 30.9785 31.0137 31.0565 31.1683 31.2076 31.2068 31.2223 31.2514 31.3074 31.3271 31.3457 31.3832 31.3833 31.3833 31.3983 31.3983 31.3075 31.3075 31.2319 31.2319 31.1788 31.2916 31.0631 31.1195 31.0850 31.0253 31.0628 31.0066 30.9877 30.8716 30.7996 30.8747 30.8339 31.0059 30.8364 30.7647 30.7798 30.7798
30.7271 30.6895 30.6706 30.6360 30.6548 30.5795 30.6919 30.6355 30.7480 30.7510 30.7324 30.8042 34.7768 34.9456 36.0887 36.0509 35.8255 33.1247 33.1246 30.6979 30.7670 30.9475 30.9473 30.7822 30.8382 30.8729 30.8825 30.9423 31.0222 31.0368 31.0667 31.1064 31.2457 31.3357 31.2843 31.3439 31.3731 31.3391 31.3588 31.3415 31.3790 31.3848 31.3848 31.3108 31.3108 31.1944 31.1944 31.1569 31.1569 31.2883 31.3228 31.0225 31.0600 30.9693 30.8751 30.8938 30.7622 30.8404 30.8404 30.6901 30.7839 30.7057 30.8558 30.7770 30.7053 30.6676 30.6676
30.7271 30.6520 30.6330 30.5985 30.6204 30.5639 30.7482 30.6729 30.6730 30.7667 30.6919 30.8232 30.8795 30.9356 30.9920 30.9542 30.6536 30.7635 30.7478 30.6564 30.8163 30.8161 30.8534 30.8161 30.8346 30.9442 30.9318 30.9916 31.0657 31.0802 31.0819 31.1216 31.1084 31.1984 31.2472 31.3068 31.2429 31.2089 31.3402 31.3229 31.3416 31.4565 31.4565 31.3450 31.3450 31.2695 31.2695 31.2132 31.2132 31.2695 31.3039 31.1006 31.1381 31.0818 30.9314 30.9501 30.7779 30.8560 30.8778 30.7620 30.8746 30.8183 30.9871 30.9646 30.8742 30.8552 30.8552
30.7271 30.6520 30.6519 30.6173 30.6172 30.5607 30.7701 30.6948 30.6574 30.7103 30.6386 30.7699 30.7293 30.7666 30.7667 30.7822 30.5379 30.5192 30.5753 30.5970 30.7848 30.7846 30.7875 30.7876 30.8249 30.9677 30.9643 30.9676 31.0101 31.0101 31.0682 31.1058 31.0892 31.1734 31.2726 31.3195 31.2555 31.2194 31.3507 31.2168 31.2354 31.4067 31.4067 31.2697 31.2697 31.1758 31.1758 31.2257 31.2257 31.0601 31.0976 30.9506 30.9128 30.8940 30.7812 30.8031 30.6715 30.6338 30.6713 30.6306 30.7243 30.7398 30.8524 30.8679 30.7775 30.7961 30.7961
30.7458 30.7862 30.8269 30.8080 30.7705 30.7328 30.7140 30.6949 30.7137 30.7668 30.7669 30.8198 30.8011 30.7633 30.7259 30.7069 30.5221 30.4844 30.5937 30.6377 30.6753 30.6750 30.7123 30.7686 30.8403 30.9872 30.9494 30.9526 31.0055 31.0056 30.9680 31.0056 31.0274 31.1117 31.1148 31.2025 31.3714 31.2975 31.3913 31.2930 31.2897 31.2705 31.2705 31.1918 31.1918 31.0226 31.0226 31.2256 31.2256 31.1006 31.1006 31.0255 31.0284 30.9908 30.8968 30.9187 30.7839 30.6868 30.6868 30.6492 30.7587 30.7553 30.8523 30.8711 30.8337 30.7992 30.7992
30.7645 30.8049 30.8612 30.8423 30.8267 30.7890 30.6952 30.6762 30.7169 30.7700 30.8044 30.8573 30.8012 30.7633 30.7447 30.7257 30.5378 30.5001 30.5750 30.6190 30.6565 30.6562 30.6935 30.7499 30.8216 30.9529 30.9150 30.9901 31.0431 31.0244 30.9868 30.9837 31.0054 31.0993 31.1024 31.1992 31.3681 31.3304 31.4242 31.3338 31.3304 31.1017 31.1017 31.0042 31.0042 30.8914 30.8914 31.1132 31.1132 31.0632 31.0632 30.9881 30.9910 30.9566 30.8626 30.8249 30.6902 30.6118 30.6118 30.5742 30.6837 30.6616 30.7586 30.8149 30.7775 30.7617 30.7617
30.8234 30.6984 30.7140 30.6951 30.6950 30.6573 30.6197 30.6007 30.7135 30.7476 30.7633 30.8195 30.8009 30.7818 30.7444 30.7631 30.5752 30.5251 30.6000 30.6376 30.6751 30.6752 30.7501 30.9002 30.9499 31.0437 31.0247 31.0997 31.0619 31.0432 31.0057 31.0026 30.9366 31.0305 31.0678 31.2367 31.4244 31.4431 31.4962 31.3680 31.3646 31.1550 31.1550 30.9856 30.9856 30.8727 30.8727 31.0976 31.0976 31.0849 31.1036 30.9910 30.9910 30.9566 30.8593 30.8216 30.7653 30.6869 30.6464 30.6088 30.6837 30.6616 30.7210 30.7583 30.6834 30.6896 30.6896
30.8235 30.7328 30.7704 30.7515 30.7139 30.6385 30.6384 30.6540 30.7480 30.7665 30.7446 30.7821 30.8571 30.7817 30.7037 30.7224 30.6314 30.5813 30.6188 30.6563 30.7315 30.7315 30.7501 30.8845 30.8591 30.9310 30.9494 31.0245 30.9868 31.0024 31.0244 31.0432 30.9366 31.0867 31.2554 31.2744 31.3870 31.2964 31.3275 31.2147 31.2334 31.1363 31.1363 31.0044 31.0044 30.9258 30.9258 31.0633 31.0633 31.0850 31.1037 31.0317 31.0317 30.9566 30.8592 30.8560 30.7997 30.7245 30.6839 30.6431 30.7180 30.7180 30.7774 30.7428 30.6679 30.6928 30.6928
30.8610 30.8078 30.8264 30.8075 30.7669 30.6915 30.6540 30.6695 30.7070 30.7631 30.7445 30.8571 30.8572 30.7474 30.6507 30.6882 30.5972 30.6755 30.7129 30.6751 30.7503 30.7657 30.7656 30.8593 30.8183 30.9121 30.9306 31.0057 30.9492 30.9648 31.0837 31.1026 31.1056 31.2558 31.4055 31.3116 31.3679 31.3118 31.3054 31.2491 31.2678 31.2301 31.2301 31.1738 31.1738 31.0040 31.0040 31.1041 31.1041 31.1980 31.1790 31.1257 31.1068 31.0316 30.8938 30.8905 30.8343 30.7591 30.7968 30.7559 30.8530 30.8529 30.8934 30.8400 30.7275 30.7681 30.7681
30.8797 30.7888 30.8074 30.7697 30.7291 30.7258 30.6727 30.7102 30.7445 30.7819 30.8007 30.8005 30.7412 30.7097 30.6724 30.7099 30.6910 30.7693 30.7129 30.6751 30.7158 30.7312 30.7842 30.8936 30.8182 30.8933 30.8930 30.9681 30.9304 30.9461 30.9898 31.0649 31.2745 31.3496 31.5371 31.4276 31.4651 31.3683 31.3055 31.3055 31.3053 31.2676 31.2676 31.2269 31.2269 31.0260 31.0260 31.1416 31.1416 31.1635 31.1445 31.0882 31.0693 31.0472 30.9093 30.8718 30.8155 30.7747 30.8123 30.7935 30.8906 30.9124 30.9529 30.8995 30.7870 30.8243 30.8243
30.9206 30.8640 30.9171 30.8794 30.8231 30.8199 30.8231 30.8606 30.8010 30.8039 30.8227 30.8037 30.7444 30.7849 30.7507 30.7507 30.7319 30.6941 30.6377 30.6906 30.7313 30.7308 30.7460 30.7242 30.6865 30.7241 30.7458 30.8209 30.8771 30.8927 30.8988 30.9738 31.2177 31.2927 31.5151 31.4621 31.4809 31.3120 31.3241 31.3052 31.3050 31.2675 31.2675 31.2862 31.2862 31.2363 31.2363 31.3298 31.3298 31.2952 31.2543 31.1759 31.1758 31.1538 31.0974 31.0598 30.9849 30.9440 30.9092 30.8905 30.9687 30.9906 31.0281 31.0500 30.9938 31.0499 31.0499
