regresion/ABRIL_2003_CORREGIDOS/SeaWiFS/Composicion (B555).txt
ncols         167
nrows         127
xllcorner     -112.014
yllcorner     26.717
cellsize      0.00899
[rows 0 to 28 of 127, columns 0 to 66 of 167]
30.7742 30.7898 30.7678 30.7489 30.5923 30.5922 30.5920 30.5731 30.5170 30.4665 30.3229 30.3414 30.3227 30.3036 30.3412 30.3412 30.3787 30.4348 30.4098 30.3473 30.3473 30.3851 30.5355 30.5168 30.4790 30.4822 30.3379 30.3223 30.2846 30.2472 30.3218 30.3407 30.3777 30.3559 30.2714 30.2337 30.2148 30.2147 30.1396 30.0831 30.0078 29.9950 29.9950 29.7757 29.7757 29.8319 29.8319 29.8819 29.8819 29.9005 29.8972 30.1196 30.1195 30.3822 30.4573 30.5542 30.5195 30.4663 30.3908 30.3908 30.2998 30.2996 30.2026 30.1242 30.1617 30.2524 30.2524
30.9024 30.8397 30.7802 30.7613 30.8175 30.8173 30.7263 30.7074 30.5982 30.5446 30.4916 30.4536 30.3599 30.3220 30.3221 30.3942 30.3911 30.4254 30.4410 30.3473 30.3098 30.2723 30.5011 30.5012 30.4821 30.4509 30.3036 30.2849 30.2284 30.2284 30.3220 30.3190 30.4247 30.4060 30.3087 30.2900 30.1963 30.1585 30.0865 30.0363 29.9610 29.9044 29.9044 29.7756 29.7756 29.8319 29.8319 29.8631 29.8631 29.8973 29.8971 30.1195 30.1194 30.3665 30.3318 30.4257 30.4287 30.3943 30.3375 30.3375 30.2998 30.2965 30.2558 30.1774 30.1775 30.2868 30.2868
30.8993 30.8397 30.7802 30.8364 30.8926 30.8361 30.7451 30.7293 30.6201 30.6009 30.5479 30.5099 30.4163 30.3784 30.3785 30.4506 30.4067 30.4411 30.5162 30.4225 30.3848 30.3473 30.5950 30.5951 30.5228 30.4916 30.3975 30.3788 30.2847 30.2848 30.3971 30.3941 30.4403 30.4216 30.3463 30.3276 30.2338 30.1961 30.1240 30.0738 29.9075 29.8509 29.8509 29.8884 29.8884 29.9447 29.9447 29.9195 29.9195 29.9507 29.9505 30.1946 30.1944 30.2914 30.2567 30.3881 30.3912 30.4319 30.3751 30.3186 30.2809 30.2026 30.1618 30.1210 30.1211 30.2492 30.2492
30.8398 30.8927 30.8926 30.9489 30.9894 30.9329 30.8955 30.8797 30.7359 30.7545 30.7359 30.6571 30.5447 30.4692 30.4474 30.4284 30.4064 30.4034 30.4409 30.3847 30.3658 30.3877 30.5946 30.5260 30.5290 30.5104 30.4161 30.3974 30.4691 30.4692 30.5439 30.5034 30.3842 30.3843 30.4213 30.3679 30.3678 30.3709 30.2615 30.2049 30.0386 30.0384 30.0384 30.0382 30.0382 30.1070 30.1070 30.0850 30.0850 30.1006 30.1005 30.3476 30.3317 30.4256 30.2597 30.3912 30.2783 30.3002 30.3377 30.2781 30.2935 30.2182 30.1588 30.1586 30.1586 30.2524 30.2524
30.8210 30.8739 30.8738 30.9301 30.9706 30.9704 30.9329 30.8983 30.7546 30.7921 30.7735 30.6947 30.5823 30.5036 30.4818 30.4629 30.4252 30.4221 30.4220 30.3658 30.3470 30.3689 30.6165 30.5479 30.6230 30.6043 30.4913 30.4726 30.4877 30.4879 30.5408 30.5003 30.4594 30.4594 30.4965 30.4430 30.4429 30.4461 30.2644 30.2078 30.2077 30.2075 30.2075 30.1697 30.1697 30.2386 30.2386 30.2136 30.2136 30.1756 30.1755 30.3664 30.3505 30.4632 30.2973 30.3380 30.2251 30.3377 30.3752 30.3533 30.3686 30.3873 30.3279 30.2118 30.2119 30.2523 30.2523
30.7865 30.8206 30.9144 30.9707 31.0456 31.0453 31.0296 30.9950 30.9390 30.9575 30.7702 30.7889 30.7295 30.6697 30.7041 30.7040 30.6288 30.4251 30.3500 30.3125 30.2969 30.2779 30.3748 30.3405 30.6572 30.7323 30.6381 30.6194 30.5815 30.5784 30.5907 30.5720 30.6092 30.6093 30.5558 30.5022 30.4647 30.4269 30.3203 30.3203 30.3202 30.2795 30.2795 30.1823 30.1823 30.2354 30.2354 30.1195 30.1195 30.0881 30.0879 30.3352 30.3538 30.4665 30.4100 30.4506 30.3377 30.4472 30.3501 30.3313 30.3469 30.3656 30.3467 30.2307 30.2307 30.2741 30.2741
30.7865 30.8582 30.9520 30.9893 31.0642 31.0672 31.0515 31.0702 31.0142 31.0139 30.8266 30.8640 30.8047 30.7072 30.7417 30.7415 30.6099 30.4062 30.3688 30.3313 30.2593 30.2403 30.3560 30.3218 30.6948 30.7699 30.6944 30.6757 30.6348 30.6317 30.5719 30.5532 30.5341 30.5342 30.4431 30.3895 30.4300 30.3923 30.3954 30.3955 30.4330 30.3922 30.3922 30.3326 30.3326 30.2886 30.2886 30.2133 30.2133 30.1068 30.1067 30.1098 30.1285 30.3757 30.3191 30.4693 30.3564 30.4096 30.3125 30.4064 30.4221 30.4000 30.3811 30.4184 30.4184 30.3304 30.3304
30.8774 30.9149 30.9710 31.0083 31.1053 31.1083 31.1829 31.2016 31.0327 31.0701 30.8982 30.9357 30.7671 30.7481 30.7451 30.7637 30.6696 30.6507 30.5601 30.3909 30.3158 30.2404 30.2620 30.3746 30.6002 30.6377 30.7693 30.7850 30.7440 30.7253 30.6876 30.6689 30.5560 30.5591 30.5025 30.4459 30.4708 30.4298 30.4298 30.4299 30.4674 30.4079 30.4079 30.3701 30.3701 30.3263 30.3263 30.2164 30.2164 30.0691 30.0691 29.9784 30.0348 30.2820 30.2786 30.4257 30.4066 30.4441 30.4063 30.4814 30.3656 30.3436 30.3811 30.4245 30.4058 30.3117 30.3117
30.9149 30.9336 30.9896 31.0114 31.1084 31.1083 31.1829 31.2016 31.0327 31.1076 30.9358 30.8385 30.6699 30.6165 30.6134 30.6321 30.6321 30.6131 30.5413 30.3721 30.3189 30.2435 30.2056 30.3182 30.5625 30.6000 30.7881 30.8038 30.8379 30.8192 30.8567 30.8380 30.6873 30.6905 30.6715 30.6148 30.5084 30.4674 30.5049 30.5051 30.4862 30.4267 30.4267 30.3857 30.3857 30.4014 30.4014 30.2915 30.2915 30.1818 30.1818 30.0566 30.1129 30.0376 30.0343 30.1439 30.1248 30.2751 30.2372 30.4031 30.2873 30.3998 30.4373 30.4621 30.4434 30.3492 30.3492
30.9714 30.9901 30.9521 30.9739 31.0490 31.0489 31.2771 31.2958 31.1456 31.1108 30.9202 30.8792 30.7481 30.6728 30.6323 30.6698 30.6354 30.6164 30.7290 30.6132 30.4849 30.3937 30.3936 30.3937 30.3932 30.4464 30.7318 30.7506 30.8036 30.8225 30.8565 30.8378 30.7438 30.7470 30.7091 30.6681 30.5617 30.4863 30.5238 30.4830 30.4641 30.4267 30.4267 30.3702 30.3702 30.3857 30.3857 30.3886 30.3886 30.2569 30.2756 30.1128 30.1097 30.0314 30.0688 30.1440 30.1248 30.2939 30.2748 30.4782 30.3278 30.4247 30.4620 30.4620 30.4433 30.3492 30.3492
31.0630 31.1222 30.9934 31.0308 30.9741 30.9928 31.3524 31.3523 31.2427 31.3707 31.1051 31.0297 30.9329 30.8011 30.7075 30.7043 30.6323 30.7261 30.8606 30.8229 30.6162 30.6004 30.5249 30.4874 30.3587 30.4682 30.5401 30.5589 30.7626 30.7815 30.7813 30.7626 30.7966 30.7998 30.7466 30.7652 30.6933 30.5991 30.5428 30.4298 30.4296 30.4482 30.4482 30.4046 30.4046 30.3857 30.3857 30.4075 30.4075 30.2727 30.2161 30.1471 30.1470 30.0687 30.0313 29.9750 29.9777 29.9934 30.0462 30.4967 30.4215 30.4809 30.4808 30.4618 30.4431 30.3869 30.3869
31.1037 31.1629 31.0122 31.0496 31.0304 31.0491 31.3711 31.3710 31.2957 31.4237 31.1614 31.0859 30.9891 30.8573 30.7481 30.7450 30.6886 30.7823 30.8606 30.8229 30.5975 30.5817 30.5062 30.4844 30.3557 30.4682 30.5402 30.5777 30.7815 30.8003 30.8001 30.7845 30.8185 30.7998 30.7466 30.7277 30.6558 30.5772 30.5210 30.3923 30.3921 30.4295 30.4295 30.3858 30.3858 30.3701 30.3701 30.3513 30.3513 30.2164 30.1598 30.1253 30.1251 30.0500 30.0125 29.9750 29.9777 29.9935 30.0463 30.4811 30.4059 30.4810 30.4809 30.4619 30.4432 30.3869 30.3869
31.5210 31.5021 31.5019 31.5581 31.1467 31.2969 31.4311 31.4090 31.5371 31.5931 31.4057 31.3457 31.2301 31.2111 31.1394 31.1204 30.9169 30.8982 30.9356 30.8980 30.7666 30.8105 30.7349 30.7319 30.4651 30.5402 30.5401 30.5776 30.6651 30.6839 30.7780 30.7624 30.7465 30.7278 30.7309 30.7122 30.6371 30.5430 30.4865 30.3735 30.4267 30.3890 30.3890 30.3293 30.3293 30.3105 30.3105 30.2541 30.2541 30.2978 30.2412 30.2757 30.2191 30.1627 30.1656 30.0904 30.0905 30.0686 30.1214 30.2183 30.2180 30.5184 30.5153 30.5558 30.4654 30.4275 30.4275
31.6148 31.5958 31.6144 31.6707 31.2030 31.3531 31.4653 31.4432 31.5746 31.6306 31.5182 31.4582 31.2708 31.2518 31.1769 31.1580 30.9357 30.9170 30.9544 30.9168 30.7823 30.8261 30.7505 30.6944 30.4276 30.5027 30.5026 30.5027 30.5901 30.6308 30.7248 30.7437 30.7278 30.7091 30.7122 30.6904 30.6153 30.4867 30.4302 30.3360 30.3892 30.3140 30.3140 30.2761 30.2761 30.2355 30.2355 30.1979 30.1979 30.2229 30.1663 30.2007 30.1441 30.1065 30.1094 30.0717 30.0717 30.0717 30.1244 30.2183 30.2180 30.4997 30.4965 30.5558 30.4654 30.4244 30.4244
31.7127 31.8064 31.7119 31.8245 31.6769 31.7488 31.6322 31.7073 31.7812 31.7778 31.6467 31.5898 31.3275 31.2927 31.2178 31.1800 31.0861 31.0894 31.0330 31.0170 30.9013 30.9762 30.9728 30.9354 30.8976 30.9131 30.7405 30.7406 30.5711 30.6117 30.7088 30.7276 30.8592 30.8405 30.7716 30.7497 30.6558 30.6372 30.4088 30.3710 30.3897 30.2514 30.2514 30.1980 30.1980 30.1977 30.1977 30.2196 30.2196 30.1100 30.1506 30.1851 30.1097 30.1659 30.1655 30.1812 30.1029 30.1059 30.0840 30.1216 30.1775 30.4215 30.4588 30.4805 30.4275 30.4618 30.4618
31.7502 31.8439 31.8432 31.9557 31.7487 31.8206 31.6885 31.7635 31.8375 31.8341 31.7030 31.6461 31.3839 31.3490 31.2741 31.2363 31.1424 31.1456 31.0485 31.0326 30.9388 31.0137 31.0103 30.9729 30.9351 30.8756 30.7030 30.7061 30.5366 30.5554 30.6525 30.6714 30.8030 30.7655 30.6967 30.7123 30.6184 30.6185 30.3901 30.3523 30.3710 30.2545 30.2545 30.1792 30.1792 30.1790 30.1790 30.1821 30.1821 30.1069 30.1476 30.1664 30.0909 30.1659 30.1655 30.1843 30.1060 30.0871 30.0653 30.1028 30.1588 30.4028 30.4400 30.4962 30.4432 30.4806 30.4806
31.3732 31.3919 31.5232 31.6171 31.5229 31.6136 31.6849 31.7412 31.7215 31.7589 31.5684 31.4738 31.3646 31.3332 31.2021 31.1831 31.1080 31.1266 30.9543 30.9575 30.8982 30.9917 30.8379 30.7254 30.7252 30.7407 30.7780 30.7811 30.7278 30.7466 30.5991 30.6179 30.8245 30.7870 30.8657 30.9189 30.7470 30.7471 30.6720 30.6498 30.6309 30.5931 30.5931 30.5175 30.5175 30.3512 30.3512 30.1505 30.1505 30.0912 30.0911 30.1098 30.1285 30.2193 30.2754 30.3535 30.2717 30.3280 30.2152 30.2527 30.2715 30.3309 30.3901 30.5025 30.5025 30.4647 30.4647
31.2608 31.2794 31.5388 31.6326 31.6917 31.7824 31.9287 31.9849 31.9464 31.9839 31.6842 31.5896 31.5147 31.4832 31.3709 31.3519 31.1235 31.1421 31.0293 31.0325 30.9731 31.0667 30.9128 30.6693 30.6690 30.7439 30.7811 30.7812 30.7279 30.7467 30.5991 30.5992 30.8057 30.8027 30.8814 30.9189 30.7470 30.7283 30.6532 30.6341 30.6152 30.5743 30.5743 30.4987 30.4987 30.3700 30.3700 30.1475 30.1475 30.1099 30.1098 30.1285 30.1472 30.2223 30.2784 30.3347 30.2530 30.3281 30.2153 30.2527 30.2715 30.3467 30.4058 30.5025 30.5026 30.4648 30.4648
31.2605 31.1885 31.4444 31.5728 31.6851 31.7790 31.6843 31.7217 31.8146 31.7201 31.4765 31.5580 31.3894 31.2952 31.2390 31.2389 30.9917 30.9950 30.9573 31.0290 30.8569 30.9131 30.9317 30.6506 30.7067 30.7816 30.8408 30.8409 30.8813 30.9001 30.9564 30.9565 30.7524 30.7494 30.6337 30.8375 30.7624 30.7812 30.7030 30.7061 30.6495 30.6870 30.6870 30.6178 30.6178 30.6175 30.6175 30.4109 30.4109 30.2602 30.2602 30.2195 30.1598 30.1816 30.2347 30.2910 30.2720 30.3658 30.2904 30.3498 30.2400 30.1993 30.2588 30.3713 30.4838 30.5963 30.5963
31.2198 31.1478 31.2570 31.3853 31.5726 31.6665 31.6655 31.7030 31.8367 31.7422 31.7016 31.7831 31.6895 31.5952 31.5954 31.5953 31.2167 31.2200 31.0324 31.1041 30.7819 30.8382 30.8567 30.6912 30.7473 30.7816 30.8408 30.8409 30.8813 30.8813 30.9377 30.9347 30.7306 30.7494 30.6337 30.8188 30.7437 30.7843 30.7060 30.7061 30.6495 30.7057 30.7057 30.6554 30.6554 30.5957 30.5957 30.4485 30.4485 30.2603 30.2603 30.2383 30.1786 30.1816 30.2347 30.2910 30.2720 30.3658 30.2904 30.3468 30.2370 30.2181 30.2775 30.3900 30.5026 30.5963 30.5963
31.2164 31.2353 31.3100 31.4039 31.5726 31.6288 31.6465 31.6089 31.6483 31.7828 31.8392 31.8201 31.7078 31.6137 31.5764 31.6107 31.2697 31.1791 30.9507 30.9694 30.6880 30.8193 30.8755 30.7817 30.8410 30.7848 30.9004 30.9005 30.9189 30.9190 30.8061 30.8031 30.7464 30.7652 30.6302 30.6867 30.5364 30.5959 30.4237 30.4613 30.4424 30.6337 30.6337 30.6556 30.6556 30.5772 30.5772 30.5802 30.5802 30.5171 30.3852 30.4227 30.4227 30.3882 30.3285 30.2344 30.2562 30.4095 30.3530 30.3875 30.3342 30.3905 30.4654 30.4088 30.4464 30.5714 30.5714
31.4039 31.4228 31.4600 31.5538 31.6101 31.6663 31.6499 31.6122 31.7234 31.8579 31.8017 31.7826 31.6328 31.5388 31.5730 31.6073 31.6259 31.5353 31.1944 31.2131 30.7662 30.8975 30.9537 30.8380 30.8973 30.8036 30.9192 30.9005 30.9189 30.9347 30.8218 30.8218 30.7652 30.7653 30.6303 30.7242 30.5740 30.6334 30.4613 30.5176 30.4987 30.6525 30.6525 30.6525 30.6525 30.5772 30.5772 30.5802 30.5802 30.5358 30.4039 30.4257 30.4257 30.4069 30.3472 30.2719 30.2937 30.4252 30.3687 30.4062 30.3530 30.4467 30.5217 30.4463 30.4839 30.5745 30.5745
31.3067 31.3662 31.3658 31.4595 31.3872 31.3683 31.5780 31.6186 31.7830 31.7074 31.6513 31.6699 31.5201 31.5542 31.5884 31.5884 31.6040 31.5321 31.2696 31.2507 30.8038 30.9006 30.9005 30.7848 30.9754 30.8817 30.9002 30.8815 30.7685 30.7842 30.6870 30.6871 30.8184 30.8185 30.7808 30.6112 30.4235 30.5238 30.3892 30.4079 30.3733 30.4296 30.4296 30.3890 30.3890 30.5363 30.5363 30.5206 30.5206 30.5923 30.4981 30.5199 30.4068 30.4067 30.3503 30.2593 30.2404 30.2560 30.2372 30.3123 30.2591 30.4655 30.5373 30.4212 30.4587 30.3304 30.3304
31.3287 31.3850 31.3130 31.4067 31.2967 31.2778 31.1834 31.2240 31.3146 31.1982 31.3857 31.3855 31.5135 31.5320 31.2917 31.2917 31.2135 31.2167 31.3137 31.2572 30.8820 30.8630 30.8628 30.7471 30.9379 30.8630 30.9347 30.9505 30.7811 30.7999 30.6527 30.6527 30.7245 30.7433 30.6896 30.6927 30.4863 30.3920 30.3136 30.4076 30.3730 30.2949 30.2949 30.3481 30.3481 30.4075 30.4075 30.5391 30.5391 30.6517 30.5795 30.6325 30.5571 30.5569 30.3500 30.2373 30.2185 30.2560 30.2340 30.3091 30.2748 30.4813 30.4623 30.3870 30.4620 30.3679 30.3679
31.3473 31.4225 31.3505 31.3879 31.2779 31.2622 31.1678 31.1676 31.2582 31.0854 31.2729 31.2538 31.3819 31.4349 31.1947 31.1947 31.1572 31.1603 31.3137 31.2572 30.9195 30.9006 30.9973 30.8816 30.9379 30.8630 30.8783 30.8941 30.6871 30.7059 30.6496 30.6496 30.7056 30.7244 30.7459 30.7491 30.5427 30.4483 30.3167 30.4107 30.4480 30.3700 30.3700 30.4044 30.4044 30.3887 30.3887 30.5172 30.5172 30.5954 30.5231 30.5761 30.5006 30.4818 30.2749 30.3500 30.3313 30.3124 30.2904 30.2902 30.2560 30.4437 30.4247 30.4621 30.5372 30.4618 30.4618
31.3131 31.3695 31.2598 31.2972 31.1654 31.1496 31.0676 31.0675 31.1426 31.0106 31.1387 31.0631 31.0820 31.1539 31.2135 31.1789 31.1227 31.0477 31.0510 31.0320 30.9194 30.8412 30.9159 30.8410 30.8971 30.8566 30.8565 30.8753 30.6684 30.6685 30.6120 30.6121 30.6337 30.6556 30.6931 30.7495 30.6523 30.5769 30.4484 30.3104 30.3478 30.3856 30.3856 30.3666 30.3666 30.3511 30.3511 30.3920 30.3920 30.5049 30.4859 30.5201 30.5011 30.5198 30.4820 30.5758 30.4407 30.4031 30.3844 30.4218 30.4250 30.5596 30.5595 30.4840 30.5590 30.5775 30.5775
31.3131 31.3695 31.2598 31.2972 31.1654 31.1496 31.0676 31.0675 31.1426 31.0106 31.1387 31.0631 31.0820 31.1539 31.2135 31.1789 31.1227 31.0477 31.0510 31.0320 30.9194 30.8412 30.9159 30.8410 30.8971 30.8566 30.8565 30.8753 30.6684 30.6685 30.6120 30.6121 30.6337 30.6556 30.6931 30.7495 30.6523 30.5769 30.4484 30.3104 30.3478 30.3856 30.3856 30.3666 30.3666 30.3511 30.3511 30.3920 30.3920 30.5049 30.4859 30.5201 30.5011 30.5198 30.4820 30.5758 30.4407 30.4031 30.3844 30.4218 30.4250 30.5596 30.5595 30.4840 30.5590 30.5775 30.5775
31.1473 31.2599 31.0905 31.1092 31.0305 31.0899 31.0117 30.9363 30.8390 30.8577 30.8390 30.7448 30.8606 30.8980 30.9168 30.8601 30.8820 31.0132 30.9944 31.0288 30.9567 30.9534 31.0283 30.8753 30.9502 30.8378 30.7811 30.8187 30.6716 30.7092 30.6149 30.5993 30.5428 30.5429 30.5805 30.6523 30.6522 30.6335 30.4456 30.2541 30.2353 30.2163 30.2163 30.2946 30.2946 30.3729 30.3729 30.4482 30.4482 30.3729 30.4858 30.4638 30.4793 30.4792 30.4790 30.4977 30.4225 30.5163 30.5942 30.5597 30.4689 30.6536 30.6537 30.7285 30.7473 30.6340 30.6340
31.1473 31.2599 31.0905 31.1092 31.0305 31.0899 31.0117 30.9363 30.8390 30.8577 30.8390 30.7448 30.8606 30.8980 30.9168 30.8601 30.8820 31.0132 30.9944 31.0288 30.9567 30.9534 31.0283 30.8753 30.9502 30.8378 30.7811 30.8187 30.6716 30.7092 30.6149 30.5993 30.5428 30.5429 30.5805 30.6523 30.6522 30.6335 30.4456 30.2541 30.2353 30.2163 30.2163 30.2946 30.2946 30.3729 30.3729 30.4482 30.4482 30.3729 30.4858 30.4638 30.4793 30.4792 30.4790 30.4977 30.4225 30.5163 30.5942 30.5597 30.4689 30.6536 30.6537 30.7285 30.7473 30.6340 30.6340
