regresion/ABRIL_2003_CORREGIDOS/SeaWiFS/Composicion (B490).txt
ncols         167
nrows         127
xllcorner     -112.014
yllcorner     26.717
cellsize      0.00899
[rows 87 to 115 of 127, columns 0 to 66 of 167]
110.2778 110.9636 110.9608 98.7072 87.3735 87.4600 77.9861 78.6734 61.5158 60.8272 56.4551 55.4093 55.3963 53.0618 52.6810 52.5175 52.4832 52.4457 52.4225 52.3981 52.4450 52.4436 52.3259 52.3069 52.3675 52.3636 52.3897 52.3807 52.4891 52.5523 52.5523 52.5788 52.6400 52.6138 52.5672 52.5670 52.5734 52.6065 52.6329 52.6328 52.6853 52.6856 52.6856 52.7644 52.7644 52.8300 52.8300 52.9618 52.9618 52.8556 52.8554 53.0403 52.9871 53.0533 53.0270 52.8949 52.8353 52.8351 52.7620 52.8342 52.8341 52.8011 52.8075 52.8070 52.8071 52.8005 52.8005
109.5938 111.6629 105.4984 93.2448 74.4889 74.5754 62.8921 63.5794 62.9872 62.2986 59.4873 58.4416 57.6637 55.3291 52.9439 52.7804 52.5419 52.5048 52.4795 52.4568 52.3823 52.4025 52.2849 52.3482 52.4088 52.4201 52.4462 52.4056 52.5405 52.6016 52.6016 52.6317 52.5940 52.5413 52.5937 52.6003 52.6066 52.6593 52.6857 52.6592 52.7117 52.7647 52.7647 52.7576 52.7576 52.7773 52.7773 52.8364 52.8364 52.7237 52.7235 52.8889 52.8357 52.8158 52.8686 52.8157 52.7033 52.8282 52.7288 52.7287 52.7549 52.7483 52.7548 52.7807 52.8072 52.8867 52.8867
102.7236 95.7868 90.3101 87.9378 69.5002 69.1637 61.1093 61.3221 65.6061 66.3557 63.5445 63.0666 62.2887 55.7429 53.3578 52.6697 52.5801 52.5658 52.4374 52.4285 52.3569 52.3587 52.2710 52.3344 52.3818 52.3932 52.4462 52.4056 52.4726 52.5337 52.5153 52.5455 52.5520 52.4993 52.5718 52.6068 52.6595 52.6923 52.7186 52.6656 52.7183 52.7379 52.7379 52.7510 52.7510 52.8764 52.8764 52.8826 52.8826 52.8294 52.8027 52.7897 52.7630 52.9215 52.9276 52.9010 52.8418 52.9140 52.8875 52.8545 52.8542 52.9332 52.8802 52.9856 53.0121 53.0452 53.0452
95.5680 86.5765 74.0229 71.6506 55.6424 55.3059 54.9030 55.1158 56.9963 61.6398 67.3276 63.8976 58.9664 57.0064 53.0983 52.6087 52.7774 52.6538 52.4912 52.5096 52.4807 52.4240 52.3968 52.4741 52.4535 52.4657 52.5399 52.4770 52.4968 52.5358 52.5045 52.5310 52.5674 52.5743 52.6400 52.6133 52.6925 52.6924 52.7120 52.7382 52.7909 52.7575 52.7575 52.7707 52.7707 52.8499 52.8499 52.9090 52.9090 52.8892 52.8426 52.8226 52.7959 52.9544 52.8948 52.9140 52.8876 52.9403 52.8810 52.9536 52.9336 52.9862 52.9596 52.9927 53.0192 53.0982 53.0982
92.2708 85.1300 72.5764 71.2549 55.2468 54.9833 54.5803 54.5911 56.4716 59.6799 65.3676 62.1649 57.2338 57.2207 53.3127 52.8230 52.8317 52.7081 52.5207 52.5392 52.4866 52.4299 52.4070 52.4843 52.4799 52.4921 52.5223 52.4594 52.4703 52.5094 52.4781 52.5046 52.5938 52.6007 52.6400 52.6133 52.6395 52.6393 52.5798 52.6060 52.7315 52.6981 52.6981 52.7443 52.7443 52.8233 52.8233 52.9090 52.9090 52.9222 52.8755 52.8224 52.7957 52.9013 52.8417 52.9933 52.9669 52.9602 52.9009 53.0063 52.9863 53.0126 52.9860 53.0455 53.0720 53.1841 53.1841
85.3853 68.9252 60.6289 59.3075 54.3726 54.1090 53.6963 53.7071 53.3597 53.5870 53.6620 53.3409 52.9674 52.9291 52.9764 52.9642 52.8904 52.7236 52.6181 52.6462 52.5700 52.6396 52.4988 52.4048 52.4310 52.4846 52.4846 52.4927 52.5571 52.5572 52.5411 52.5413 52.6268 52.6601 52.7454 52.7455 52.7716 52.7451 52.6856 52.6719 52.7974 52.8238 52.8238 52.8499 52.8499 52.8825 52.8825 52.8960 52.8960 52.9288 52.9021 52.8490 52.8752 52.9809 52.9741 53.1257 53.0923 53.0593 53.0855 53.1381 53.0656 53.0989 53.0459 53.1842 53.2371 53.2962 53.2962
84.1784 68.6608 60.3645 59.2633 54.3283 54.1961 53.7834 53.7048 53.3574 53.3319 53.4068 53.3200 52.9466 52.8845 52.9317 52.9196 52.9393 52.7725 52.7065 52.7346 52.6488 52.7184 52.6045 52.5105 52.4509 52.5044 52.5374 52.5456 52.6364 52.6365 52.5940 52.5941 52.6595 52.6928 52.6923 52.6925 52.6923 52.6658 52.6327 52.6190 52.7444 52.7708 52.7708 52.7176 52.7176 52.7240 52.7240 52.8762 52.8762 52.9286 52.9019 52.9283 52.9545 52.9280 52.9212 53.0398 53.0065 53.0591 53.0854 53.1381 53.0656 53.0989 53.0459 53.1644 53.2173 53.2431 53.2431
73.9383 63.0822 56.1867 55.0855 54.1964 54.0642 53.7441 53.6656 53.1848 53.1856 53.0864 53.0190 53.0198 52.8382 52.8519 52.7877 52.8150 52.7362 52.6514 52.6577 52.6371 52.7559 52.7708 52.6331 52.5406 52.6386 52.6385 52.6650 52.7262 52.7527 52.7590 52.7132 52.7719 52.7720 52.7452 52.7650 52.7582 52.7251 52.7250 52.7247 52.8501 52.8235 52.8235 52.8495 52.8495 52.8165 52.8165 53.0344 53.0344 53.0605 53.0605 53.0275 52.9942 52.9871 52.9870 53.1389 53.1650 53.2440 53.2174 53.2243 53.1515 53.2043 53.2106 53.2964 53.2700 53.2432 53.2432
75.1556 63.8491 56.9536 55.1521 54.2629 54.0564 53.7364 53.7309 53.2501 53.1730 53.0738 53.0835 53.0843 52.8916 52.9053 52.8412 52.8173 52.7385 52.7765 52.7828 52.8353 52.9541 52.7907 52.6529 52.5935 52.6915 52.7177 52.7442 52.7262 52.7527 52.7917 52.7459 52.7191 52.7192 52.7188 52.7385 52.7582 52.7251 52.7449 52.7446 52.7180 52.6914 52.6914 52.7702 52.7702 52.7109 52.7109 52.9550 52.9550 53.0341 53.0341 53.0275 52.9942 53.0664 53.0663 53.0594 53.0856 53.1648 53.1381 53.2243 53.1515 53.1844 53.1907 53.3226 53.2963 53.2961 53.2961
76.1806 64.8741 56.9393 55.1378 54.2790 54.0725 53.7258 53.7203 53.2203 53.2134 53.1142 53.0676 53.0684 52.9753 52.9890 52.9316 52.9078 52.7963 52.8343 52.8038 52.8563 52.9276 52.7575 52.6198 52.5736 52.6716 52.6997 52.7262 52.6997 52.7262 52.7652 52.7194 52.6926 52.6927 52.7122 52.7121 52.7317 52.6984 52.7181 52.7710 52.7444 52.6980 52.6980 52.7768 52.7768 52.7109 52.7109 52.9020 52.9020 53.0275 53.0008 52.9942 52.9942 53.0664 53.0398 53.0329 53.1121 53.1912 53.1447 53.2309 53.1580 53.1910 53.1643 53.3224 53.2961 53.3160 53.3160
78.3368 67.4135 57.7892 56.6203 54.2299 53.9307 53.7444 53.7078 53.3371 53.3521 53.2071 53.1515 53.1734 53.1471 53.0856 53.0282 52.9439 52.9289 52.9019 52.7859 52.9153 52.8695 52.8207 52.8497 52.8035 52.8565 52.8317 52.8582 52.7917 52.7987 52.8513 52.8514 52.8510 52.8247 52.8706 52.8372 52.7710 52.7709 52.8236 52.7973 52.7972 52.7507 52.7507 52.7639 52.7639 52.8227 52.8227 52.9548 52.9548 53.0538 53.0271 53.0400 53.0400 53.1917 53.2178 53.2706 53.3233 53.3830 53.3167 53.3959 53.3693 53.4813 53.4546 53.4544 53.4544 53.4937 53.4937
80.6412 69.7179 58.9825 57.8136 54.1554 53.8562 53.7210 53.6843 53.3373 53.3375 53.1925 53.2030 53.2250 53.1488 53.0873 53.1421 53.0578 53.0228 52.9958 52.8798 53.0092 52.9054 52.7991 52.8280 52.8090 52.8619 52.8052 52.8317 52.7649 52.7720 52.8447 52.8448 52.8444 52.8181 52.8441 52.8372 52.7710 52.7510 52.8037 52.7507 52.7505 52.7507 52.7507 52.8169 52.8169 52.8492 52.8492 52.9747 52.9747 53.0273 53.0271 53.0400 53.0397 53.1914 53.2509 53.3036 53.3033 53.3631 53.3432 53.4223 53.4222 53.5343 53.4745 53.4478 53.4479 53.4935 53.4935
88.2094 80.5952 72.4038 66.4124 57.0788 54.7946 54.0397 53.7241 53.6127 53.6175 53.4736 53.4328 53.3341 53.2147 53.0302 53.0850 53.1038 53.0230 52.9693 52.8755 52.9021 52.8247 52.7976 52.7489 52.7298 52.8619 52.9435 52.9770 53.0097 52.9834 52.9769 52.9506 52.9501 52.9502 52.8904 52.8834 52.8503 52.8303 52.7773 52.7243 52.7506 52.7313 52.7313 52.8761 52.8761 52.9022 52.9022 52.9219 52.9219 53.0137 53.0135 53.2446 53.2444 53.2971 53.3038 53.3301 53.3298 53.4160 53.4226 53.4289 53.4551 53.4023 53.3162 53.3089 53.3288 53.3548 53.3548
89.3214 81.7073 75.4827 69.4912 57.6400 55.3558 53.9917 53.6761 53.6990 53.6184 53.4745 53.4775 53.3788 53.3045 53.1199 53.0975 53.1164 53.1140 53.0602 52.8591 52.8858 52.8265 52.8333 52.7845 52.6888 52.8209 52.9634 52.9969 53.0296 53.0033 52.9767 52.9504 52.9766 52.9767 52.8904 52.8636 52.8304 52.8303 52.7773 52.7243 52.7506 52.7046 52.7046 52.8430 52.8430 52.9221 52.9221 52.9219 52.9219 53.0137 52.9936 53.2247 53.2244 53.2772 53.2506 53.2769 53.3033 53.3895 53.3696 53.3759 53.4486 53.3958 53.3691 53.3089 53.3288 53.3548 53.3548
90.0067 89.3107 82.3123 82.3119 67.4336 59.5647 55.3317 53.9848 53.9594 53.7761 53.4690 53.4640 53.2847 53.2528 53.1263 53.1039 52.9579 53.0075 53.0689 52.8626 52.9184 52.8657 52.7685 52.6781 52.7603 52.7749 52.9177 53.0235 53.1619 53.1620 53.2410 53.2147 53.1087 53.0755 52.9298 52.9363 52.9890 52.9889 52.9888 52.9427 52.8960 52.8760 52.8760 52.8432 52.8432 52.8430 52.8430 52.9151 52.9151 52.9808 52.9607 52.9871 52.9868 53.0924 53.0394 53.1255 53.1256 53.2641 53.2704 53.2176 53.3166 53.3360 53.3095 53.1240 53.1702 53.2162 53.2162
91.1286 90.4327 84.9089 84.9085 73.6420 65.7731 56.7718 55.4249 53.9192 53.8005 53.4935 53.4169 53.2376 53.2556 53.1291 53.1107 52.9647 52.9705 53.0319 52.9176 52.9733 52.8597 52.7541 52.6637 52.7852 52.7998 52.9145 53.0204 53.1619 53.1620 53.2145 53.1883 53.0886 53.0554 52.9364 52.9098 52.9625 52.9624 52.9623 52.9361 52.8894 52.8959 52.8959 52.8429 52.8429 52.8692 52.8692 52.9416 52.9416 52.9874 52.9607 52.9871 52.9868 53.0924 53.0129 53.0990 53.0924 53.2308 53.2901 53.2373 53.2901 53.3096 53.3095 53.1570 53.2032 53.2227 53.2227
91.7934 93.8485 94.5329 95.2181 92.4571 89.8460 77.9248 70.2337 54.4482 53.8459 53.5780 53.5047 53.3446 53.3484 53.2660 53.2660 53.2015 53.0771 53.0064 52.9479 52.9059 52.8654 53.5140 53.4961 52.8579 52.8503 52.8767 52.8504 52.8777 52.8778 52.9831 53.0026 53.1807 53.2072 53.0945 53.0946 53.1209 53.1937 53.2198 53.1208 53.0479 52.9753 52.9753 52.9488 52.9488 52.9481 52.9481 53.0205 53.0205 53.0139 52.9872 53.0400 53.0067 53.0136 53.0135 53.0727 53.0790 53.1318 53.1581 53.2040 53.2038 53.0979 53.1506 53.1438 53.1438 53.0379 53.0379
91.7934 93.8485 94.5329 95.2181 92.4571 89.8460 77.9248 70.2337 54.4482 53.8459 53.5780 53.5047 53.3446 53.3484 53.2660 53.2660 53.2015 53.0771 53.0064 52.9479 52.9059 52.8654 53.5140 53.4961 52.8579 52.8503 52.8767 52.8504 52.8777 52.8778 52.9831 53.0026 53.1807 53.2072 53.0945 53.0946 53.1209 53.1937 53.2198 53.1208 53.0479 52.9753 52.9753 52.9488 52.9488 52.9481 52.9481 53.0205 53.0205 53.0139 52.9872 53.0400 53.0067 53.0136 53.0135 53.0727 53.0790 53.1318 53.1581 53.2040 53.2038 53.0979 53.1506 53.1438 53.1438 53.0379 53.0379
92.4667 91.8997 91.8968 91.5520 91.3635 92.2713 86.8085 85.0642 68.4172 58.2060 55.4996 54.1283 53.8570 53.5731 53.3542 53.3710 53.2128 53.0181 58.1341 58.2844 60.9998 66.8240 63.2392 62.0407 56.6191 55.0564 52.9573 52.8861 52.7389 52.7393 52.7803 52.7540 52.9100 52.9892 53.0087 53.0350 53.1404 53.1210 53.1275 53.1010 53.0744 53.0346 53.0346 52.9747 52.9747 52.9480 52.9480 52.9083 52.9083 52.9872 53.0072 53.0406 52.9874 53.0466 53.0199 53.0992 53.1321 53.1056 53.1647 53.1046 53.1045 53.0714 53.0646 52.9854 53.0383 52.9592 52.9592
92.4667 91.8997 91.8968 91.5520 91.3635 92.2713 86.8085 85.0642 68.4172 58.2060 55.4996 54.1283 53.8570 53.5731 53.3542 53.3710 53.2128 53.0181 58.1341 58.2844 60.9998 66.8240 63.2392 62.0407 56.6191 55.0564 52.9573 52.8861 52.7389 52.7393 52.7803 52.7540 52.9100 52.9892 53.0087 53.0350 53.1404 53.1210 53.1275 53.1010 53.0744 53.0346 53.0346 52.9747 52.9747 52.9480 52.9480 52.9083 52.9083 52.9872 53.0072 53.0406 52.9874 53.0466 53.0199 53.0992 53.1321 53.1056 53.1647 53.1046 53.1045 53.0714 53.0646 52.9854 53.0383 52.9592 52.9592
91.0977 89.8468 86.9172 86.5724 86.1869 87.0947 87.8210 86.0767 84.4967 77.8847 69.5494 63.8750 57.5906 55.4156 53.5793 54.6690 54.1105 53.5113 58.6904 74.0965 79.6161 79.7798 74.2409 76.3829 70.2846 62.5078 58.6311 53.3092 53.0214 53.0114 52.9690 52.8617 52.8869 52.9555 52.9648 53.0062 53.0588 53.0567 53.1224 53.1670 53.1404 53.0611 53.0611 53.0539 53.0539 53.0800 53.0800 53.0601 53.0601 53.0142 53.0139 53.0140 53.0140 53.0467 53.0595 53.1123 53.1385 53.1315 53.1313 53.0782 53.0978 53.0912 53.1175 53.0119 53.0384 52.9853 52.9853
91.0977 91.7716 88.8420 86.9273 86.5418 86.5415 87.2678 89.1929 87.6128 85.6532 77.3178 65.9207 59.6363 55.2323 53.3960 54.4858 55.0194 54.4202 58.3997 73.8058 80.6034 80.7671 77.4145 79.5565 75.4334 67.6566 63.0544 57.7325 53.0209 53.0109 52.8703 52.7631 52.7863 52.8549 52.9048 52.9462 52.9721 52.9699 53.0965 53.1411 53.1475 53.0681 53.0681 53.0273 53.0273 53.0470 53.0470 53.0073 53.0073 52.9613 52.9611 53.0138 53.0138 53.0467 53.0595 53.1123 53.1385 53.0785 53.0783 53.0254 53.0449 52.9855 53.0118 52.9062 52.9327 53.0115 53.0115
91.0949 91.7689 91.2372 89.3225 86.4124 86.4121 87.8221 89.7472 92.4891 91.8026 84.6462 72.8327 66.2024 59.6804 53.2573 53.9430 55.3765 56.7897 68.5367 80.9334 85.5391 87.1340 85.3341 81.8410 80.7819 72.4063 68.6755 66.0040 55.8023 53.4039 53.2990 52.8330 52.8066 52.8051 52.8750 52.9045 52.9303 52.9004 53.0270 53.0621 53.0685 53.1031 53.1031 53.0815 53.0815 52.9921 52.9921 53.0738 53.0738 53.0670 53.0403 53.0666 53.0464 53.1058 53.1652 53.1847 53.2373 53.1314 53.1313 53.0783 53.0914 53.0125 53.0388 53.0649 53.0914 53.0116 53.0116
90.3972 91.7784 91.2467 90.5601 86.9656 87.6512 89.7457 90.4316 93.1855 93.1737 91.7926 84.6678 72.2262 60.9771 54.0486 54.7343 55.4521 58.7274 68.2357 76.1670 82.2194 86.9470 86.0184 83.9754 84.5276 81.8037 79.8884 77.2170 68.6643 66.2659 55.2566 54.7906 52.8120 52.8105 52.7597 52.7893 52.8610 52.8311 52.9201 52.9552 52.9955 53.0909 53.0909 53.0929 53.0929 53.0119 53.0119 53.1793 53.1793 53.1461 53.1194 53.0996 53.0794 53.1322 53.1653 53.0260 53.0522 52.9201 52.9463 52.9662 53.0057 53.0126 53.0388 53.1968 53.3288 53.2228 53.2228
89.4939 90.8751 89.9514 89.2648 87.8215 88.5071 90.4308 91.1168 93.1625 91.9089 90.5399 88.1912 77.6227 69.0185 63.0963 57.6475 55.7497 57.8602 60.9053 71.3188 82.2003 84.6488 85.7236 85.7246 85.8008 85.1164 83.9695 84.6544 80.1880 78.2672 62.8901 56.6626 53.5303 52.7880 52.8030 52.7733 52.8451 52.8706 52.9596 52.9709 53.0111 53.0024 53.0024 53.0529 53.0529 53.0350 53.0350 53.0767 53.0767 53.1592 53.1258 53.0797 53.0264 53.0722 53.1051 53.0256 53.0982 52.9661 52.9926 52.9930 53.0390 53.0654 53.0651 53.1440 53.2760 53.2559 53.2559
86.8550 87.7637 86.8400 88.5822 89.1918 89.1915 90.4426 90.4423 92.4762 91.9089 90.5400 90.5394 87.4331 85.2891 72.8300 67.3812 61.1943 61.7992 58.8709 64.2745 71.0841 79.1343 85.7348 87.0937 86.2357 85.5513 86.2889 86.9738 85.5699 83.6491 71.1978 64.9703 53.4948 52.7525 52.9034 52.8737 52.8228 52.8482 53.0298 53.0410 53.0405 53.0168 53.0168 53.0284 53.0284 53.1495 53.1495 53.0847 53.0847 53.1394 53.1061 53.0863 53.0330 52.9729 52.9464 52.8935 52.9398 52.8805 52.8541 52.8083 52.9070 53.0917 53.1970 53.1704 53.2232 53.2360 53.2360
83.1874 84.0961 84.7813 86.5234 89.1814 89.1811 89.8660 89.8657 91.1043 91.7783 92.4634 93.1496 92.4653 91.1026 80.3046 77.4173 69.9529 65.5501 57.5495 59.0318 64.8313 78.1439 83.9875 87.9387 86.5761 85.2071 86.2624 86.2626 85.9543 86.6506 75.0963 73.7263 60.2040 56.5065 56.6680 53.0401 52.9891 52.8445 53.0261 53.0162 53.0157 53.1383 53.1383 52.9555 52.9555 53.0587 53.0587 53.0401 53.0401 52.9876 52.9955 53.0038 52.9703 52.9171 52.8871 52.8342 52.8606 52.8276 52.8276 52.7817 52.8807 53.0654 53.2037 53.1506 53.2034 53.2555 53.2555
82.6217 83.1736 83.8588 84.5998 87.2577 87.8106 89.8644 89.8533 89.7227 89.7217 90.4066 92.4650 93.8346 93.8437 90.4200 87.5328 81.5622 71.7116 60.9247 58.9000 66.6296 77.3869 81.7636 87.7965 86.2624 85.5780 85.7097 85.7099 85.9426 86.6389 80.6948 79.3248 67.3110 63.6135 57.1650 53.5371 53.1943 53.0497 53.0201 53.0102 53.0090 53.1281 53.1281 53.2041 53.2041 53.0645 53.0645 52.9735 52.9735 52.8852 52.8931 52.7659 52.7324 52.7587 52.8079 52.8014 52.8013 52.7749 52.8210 52.9335 53.0391 53.1447 53.2565 53.1836 53.2891 53.3874 53.3874
82.5589 83.1108 83.6933 84.4343 86.4774 87.0303 89.8644 89.8533 89.0381 89.0478 89.0481 91.1068 93.1729 93.8584 93.8477 93.8473 89.8771 77.6101 62.0424 58.2692 66.5143 77.1726 82.0103 87.5684 86.6700 85.9856 85.6670 85.6782 86.4572 86.4574 83.5069 83.5071 72.3906 69.2534 58.4488 53.3903 53.0475 53.2960 53.2664 53.1894 53.1882 53.1395 53.1395 53.2560 53.2560 53.1588 53.1588 52.9424 52.9424 52.8137 52.8408 52.7744 52.7702 52.7705 52.8460 52.8131 52.8542 52.8347 52.8874 52.9929 53.1512 53.1776 53.2832 53.2298 53.3353 53.3613 53.3613
