regresion/ABRIL_2003_CORREGIDOS/SeaWiFS/Composicion (B555).txt
ncols         167
nrows         127
xllcorner     -112.014
yllcorner     26.717
cellsize      0.00899
[rows 0 to 28 of 127, columns 67 to 133 of 167]
30.3809 30.3809 30.4215 30.4213 30.4244 30.4431 30.4805 30.4836 30.5211 30.4675 30.5019 30.6300 30.7238 30.8925 30.8551 30.8516 30.8736 30.9300 30.9301 31.0423 31.0423 31.0985 31.0796 31.1391 31.2360 31.3827 31.5674 31.6048 31.6799 31.4925 31.5112 31.5675 31.5078 31.6049 31.6988 31.8302 31.8300 31.8675 31.7548 31.7141 31.8487 31.9612 31.9798 32.0172 31.9795 31.9233 31.9044 31.9640 31.9332 31.9143 32.0543 31.9793 32.1857 32.6512 32.6697 33.1574 37.8788 41.1648 46.5358 47.6813 48.1703 35.8552 33.0044 31.9523 31.9523 32.0589 32.0589
30.4402 30.4402 30.3682 30.3680 30.3492 30.3679 30.4835 30.4866 30.4834 30.4455 30.4269 30.5735 30.6111 30.7206 30.7989 30.8706 30.8331 30.8736 30.8737 30.9860 30.9860 31.1172 31.1013 31.1389 31.2703 31.3827 31.4170 31.4544 31.5485 31.4361 31.4893 31.5114 31.4924 31.6426 31.7175 31.8114 31.8112 31.9237 31.8110 31.8077 31.9423 31.9235 31.9421 31.9797 31.9421 31.9829 31.9640 31.9796 31.8669 31.8481 31.7916 31.7508 31.6567 31.6380 31.8066 31.7692 31.8818 32.3918 34.0242 36.8056 36.7935 32.1110 32.1110 32.0158 32.0158 31.8282 31.8282
30.5340 30.5340 30.4620 30.4807 30.4619 30.4275 30.5431 30.5242 30.5209 30.4830 30.4643 30.5360 30.5735 30.6986 30.7769 30.8518 30.8143 30.9674 30.9675 31.0423 31.0423 31.1769 31.1610 31.1952 31.3267 31.3826 31.4169 31.4357 31.5297 31.4173 31.4860 31.5081 31.5111 31.6612 31.6236 31.7175 31.6235 31.7360 31.7015 31.6983 31.6417 31.6229 31.6603 31.6980 31.8106 31.8514 31.9419 31.9575 31.8481 31.8293 31.6602 31.6194 31.4688 31.4502 31.7160 31.6786 31.7912 31.9787 33.6111 35.2657 35.2536 32.2237 32.2237 32.1145 32.1145 31.9269 31.9269
30.5526 30.5526 30.5214 30.5401 30.5775 30.5431 30.5962 30.5773 30.5928 30.5549 30.6112 30.6268 30.6269 30.8298 30.8331 30.8143 30.7957 31.0239 31.0615 31.1581 31.1581 31.3114 31.2925 31.3829 31.4359 31.3606 31.4703 31.3766 31.5080 31.4926 31.4705 31.6582 31.6613 31.8114 31.7738 31.8677 31.7768 31.6797 31.6453 31.6609 31.6044 31.5857 31.6232 31.6982 31.8108 31.8517 31.9422 31.9044 31.8856 31.9573 31.7913 31.7539 31.6221 31.6410 31.6408 31.6596 31.7533 31.7567 31.8507 31.8693 32.2798 32.3354 32.1587 32.0372 32.0372 32.0675 32.0675
30.5150 30.5150 30.4839 30.5589 30.5963 30.6183 30.6713 30.5960 30.6115 30.5549 30.6112 30.6080 30.6081 30.7547 30.7580 30.7955 30.7768 30.9676 31.0051 31.1614 31.1614 31.3490 31.3301 31.2701 31.3231 31.3794 31.4891 31.3733 31.5047 31.4893 31.3390 31.5267 31.4547 31.6049 31.5673 31.6612 31.6861 31.5890 31.5701 31.5857 31.6232 31.6045 31.6232 31.6982 31.7136 31.7545 31.7357 31.6979 31.7354 31.8071 31.7349 31.6975 31.6253 31.6442 31.5281 31.5469 31.6407 31.6064 31.7003 31.6440 32.0544 32.2195 32.0429 31.9245 31.9245 31.9173 31.9173
30.5024 30.5024 30.5211 30.5961 30.6118 30.6338 30.7089 30.6335 30.6460 30.5706 30.5894 30.7580 30.7425 30.7768 30.7769 30.8205 30.8018 31.0082 31.0988 31.2522 31.2522 31.4022 31.3832 31.2703 31.3202 31.3202 31.3953 31.3577 31.4329 31.3767 31.3234 31.5298 31.4203 31.5705 31.5329 31.6234 31.6452 31.5295 31.5106 31.5076 31.5450 31.5859 31.6045 31.6233 31.6387 31.6794 31.6606 31.7168 31.7543 31.8667 31.8852 31.8665 31.7945 31.7946 31.7348 31.7349 31.7315 31.7160 31.7158 31.7287 31.7662 31.8575 32.0119 32.0110 32.0110 32.2092 32.2092
30.4273 30.4273 30.4460 30.5618 30.5776 30.5586 30.6336 30.6523 30.6648 30.6270 30.6458 30.7923 30.7768 30.8518 30.8519 30.8393 30.8206 31.0082 31.0988 31.2709 31.2709 31.3833 31.3643 31.3454 31.3953 31.2605 31.3356 31.2449 31.3202 31.2640 31.2483 31.4547 31.3452 31.4954 31.4985 31.5890 31.6451 31.5294 31.5294 31.5263 31.5638 31.6046 31.6013 31.6200 31.6199 31.6607 31.6606 31.7168 31.6040 31.7164 31.7757 31.7570 31.6255 31.6255 31.5657 31.5658 31.5624 31.5658 31.5655 31.6504 31.6879 31.6511 31.8054 31.9359 31.9359 32.1528 32.1528
30.4836 30.4836 30.4805 30.5963 30.6120 30.5930 30.5898 30.6084 30.7211 30.7020 30.7241 30.7611 30.7236 30.8172 30.7986 30.8581 30.8175 31.0051 31.0427 31.1771 31.1771 31.3209 31.3020 31.2830 31.2641 31.2264 31.2264 31.1512 31.2858 31.2108 31.1952 31.3266 31.3077 31.5670 31.5703 31.6454 31.6639 31.5638 31.5637 31.5108 31.5483 31.5483 31.5449 31.6012 31.6011 31.7390 31.7389 31.6604 31.5663 31.6412 31.6630 31.7194 31.6379 31.6567 31.6189 31.6599 31.6410 31.6410 31.7191 31.7348 31.6971 31.6467 31.5611 31.6923 31.6923 31.6949 31.6949
30.4492 30.4492 30.4462 30.5587 30.5744 30.5930 30.5898 30.6084 30.7211 30.7927 30.8147 30.7797 30.7423 30.7797 30.7610 30.8581 30.8175 30.9895 31.0271 31.0644 31.0644 31.2833 31.2644 31.3018 31.2829 31.2075 31.2075 31.1324 31.2670 31.1920 31.1952 31.3266 31.3451 31.6045 31.5890 31.6640 31.7015 31.6013 31.6012 31.5484 31.5450 31.5450 31.5449 31.6012 31.5636 31.7015 31.6074 31.5289 31.5319 31.6068 31.5504 31.6067 31.5815 31.6003 31.5813 31.6223 31.6034 31.6567 31.7348 31.7160 31.6783 31.6090 31.5234 31.6172 31.6172 31.6417 31.6417
30.4807 30.4807 30.4431 30.5556 30.5743 30.5930 30.6274 30.6461 30.7054 30.7614 30.7990 30.7610 30.7236 30.7610 30.7611 30.8394 30.7800 30.9678 30.9866 31.0427 31.0427 31.2271 31.2271 31.3208 31.3018 31.1889 31.1544 31.0605 31.1732 31.1733 31.1952 31.5109 31.5295 31.6046 31.5482 31.5858 31.6608 31.6235 31.6234 31.6046 31.6012 31.5481 31.5480 31.7357 31.6981 31.7729 31.6789 31.6412 31.6443 31.6066 31.5846 31.5131 31.4721 31.5097 31.4719 31.5283 31.5283 31.6378 31.7568 31.7533 31.7532 31.6176 31.5986 31.6928 31.6928 31.7182 31.7182
30.5746 30.5746 30.6308 30.6871 30.7058 30.6681 30.6679 30.6646 30.6865 30.7237 30.7613 30.7424 30.7050 30.7205 30.7206 30.9897 30.9303 31.0616 31.0804 31.1178 31.1178 31.2271 31.2300 31.2827 31.2640 31.2296 31.2295 31.0981 31.1952 31.1953 31.2671 31.5828 31.5108 31.5859 31.6234 31.6609 31.7359 31.7174 31.6421 31.5890 31.6233 31.5484 31.5295 31.7392 31.6639 31.7355 31.7166 31.6382 31.6225 31.5848 31.4907 31.4192 31.3780 31.4156 31.4719 31.5283 31.5281 31.5844 31.6627 31.6216 31.6216 31.5424 31.5047 31.6669 31.6669 31.7409 31.7409
30.6121 30.6121 30.6496 30.7059 30.7059 30.6682 30.6524 30.6490 30.7053 30.7425 30.7426 30.7237 30.7050 30.7205 30.7362 31.0052 30.9866 31.1179 31.0992 31.1366 31.1366 31.2271 31.2300 31.2297 31.2110 31.2296 31.2295 31.1356 31.2328 31.1733 31.2451 31.3577 31.2858 31.5109 31.5483 31.6985 31.7734 31.7175 31.6421 31.6641 31.6984 31.8674 31.8485 31.9234 31.8481 31.8856 31.8667 31.7695 31.7538 31.7350 31.6409 31.5318 31.4907 31.4344 31.4907 31.4908 31.4907 31.5434 31.6217 31.6404 31.6404 31.7075 31.6697 31.7318 31.7318 31.7632 31.7632
30.5370 30.5370 30.5962 30.7088 30.6901 30.6867 30.6867 30.6865 30.7802 30.8927 30.8928 30.8896 30.8709 30.8020 30.8177 31.0241 31.0054 31.0991 31.0804 31.1740 31.1740 31.1891 31.2266 31.2485 31.2485 31.2483 31.2860 31.1732 31.2483 31.1889 31.2672 31.3798 31.3421 31.5673 31.5639 31.7141 31.7545 31.7582 31.7362 31.8114 31.7925 31.9802 31.9424 31.8825 31.8825 31.9201 31.9044 31.8480 31.8292 31.7727 31.6376 31.5285 31.5315 31.4753 31.4532 31.4532 31.4752 31.5278 31.4901 31.5276 31.5431 31.6321 31.6111 31.6588 31.6588 31.5455 31.5455
30.4995 30.4995 30.5212 30.6338 30.6370 30.6336 30.6492 30.6490 30.7615 30.8740 30.8740 30.8708 30.8490 30.7801 30.7614 30.9678 30.9866 31.0803 31.0616 31.1552 31.1552 31.1736 31.2111 31.1547 31.1546 31.1358 31.1734 31.1699 31.2451 31.2076 31.2859 31.3048 31.2671 31.4922 31.4889 31.7175 31.7580 31.7958 31.7737 31.9240 31.9051 32.0517 32.0140 32.0326 32.0325 31.9576 31.9419 31.9606 31.9417 31.8137 31.6786 31.6599 31.6628 31.6066 31.5845 31.5471 31.5690 31.4904 31.4527 31.5089 31.5245 31.7016 31.6806 31.6994 31.6994 31.5832 31.5832
30.5023 30.5023 30.5024 30.6525 30.6525 30.6679 30.7054 30.7240 30.8337 30.8522 30.8522 30.8741 30.8522 30.8175 30.7988 30.9145 30.9334 31.0083 30.9896 31.0954 31.0954 31.1173 31.1171 31.0420 31.0765 31.0012 31.0608 31.1170 31.2109 31.1735 31.1734 31.1922 31.2703 31.4954 31.5672 31.7958 31.8865 31.9431 31.9242 32.0181 31.9615 32.0705 32.0516 32.1265 32.1484 31.9982 31.9793 31.9604 31.8851 31.7981 31.7193 31.7006 31.6221 31.5659 31.5656 31.5282 31.5282 31.4873 31.5247 31.6185 31.5996 31.6828 31.6602 31.6555 31.6555 31.5877 31.5877
30.4835 30.4835 30.4868 30.6369 30.5962 30.6116 30.6491 30.6678 30.8337 30.8522 30.8491 30.8709 30.8335 30.7987 30.7425 30.8583 30.8803 30.9552 30.9740 31.0798 31.0798 31.0985 31.0984 31.0607 31.0952 30.9792 31.0388 31.1357 31.2297 31.2297 31.2296 31.2109 31.2891 31.4050 31.4767 31.7770 31.8677 32.0369 32.0180 32.0146 31.9581 32.0517 32.0328 32.0890 32.1109 32.0357 32.0168 31.9639 31.8886 31.8544 31.7756 31.6819 31.6034 31.5659 31.5656 31.5435 31.5435 31.5248 31.5622 31.5247 31.5058 31.5778 31.5551 31.7606 31.7606 31.7872 31.7872
30.4083 30.4083 30.4490 30.6147 30.6273 30.7023 30.7212 30.7211 30.8524 30.9084 30.9053 30.8740 30.8366 30.8207 30.7645 30.8395 30.8614 30.9329 30.9518 30.9860 30.9860 31.0767 31.0765 30.9262 30.9261 30.9261 30.9670 31.1170 31.2109 31.2109 31.3080 31.2893 31.4021 31.5180 31.5115 31.8118 31.9245 32.0150 31.9585 31.9362 31.9173 32.0329 32.0172 32.0733 32.0732 32.0765 32.0200 31.9670 31.9074 31.8133 31.7726 31.6789 31.5658 31.5284 31.4874 31.4653 31.4872 31.5060 31.5247 31.4714 31.4525 31.5777 31.5756 31.7697 31.7697 31.7717 31.7717
30.4271 30.4271 30.4678 30.6335 30.6461 30.7211 30.8151 30.8150 30.8305 30.8865 30.7928 30.7616 30.7616 30.7457 30.8208 30.8958 30.9178 30.9893 31.0081 31.0423 31.0423 31.1518 31.1516 31.0013 31.0013 31.0762 31.1171 31.1170 31.2109 31.2110 31.3081 31.3865 31.4993 31.7808 31.7742 31.8869 31.9996 32.0151 31.9585 32.0113 31.9924 32.1830 32.1673 32.1109 32.1108 32.0989 32.0423 31.9483 31.8887 31.7759 31.7352 31.7352 31.6221 31.5249 31.4840 31.4278 31.4497 31.5435 31.5622 31.5015 31.4826 31.4607 31.4587 31.5458 31.5458 31.7112 31.7112
30.5368 30.5368 30.5148 30.6086 30.5711 30.7776 30.8901 30.8335 30.8493 30.8741 30.7804 30.7271 30.7271 30.7269 30.8020 30.8206 30.8426 30.9079 30.9268 30.9266 30.9266 30.9828 30.9639 30.9450 30.9450 31.0200 31.0825 31.1389 31.2517 31.2518 31.3456 31.4240 31.6057 31.8872 31.8651 31.9778 31.9588 31.9588 31.9400 31.9393 31.9611 32.1298 32.1297 32.1142 32.0577 31.9485 31.9296 31.8356 31.8854 31.7538 31.7879 31.7879 31.6375 31.5403 31.5623 31.5061 31.4308 31.4526 31.5495 31.4295 31.3799 31.4331 31.4672 31.5258 31.5258 31.7159 31.7159
30.5211 30.5211 30.5148 30.6086 30.5899 30.7963 30.8869 30.8304 30.7930 30.8178 30.7429 30.6895 30.8021 30.8019 30.8239 30.8425 30.8988 30.9642 30.9830 30.9829 30.9829 31.0016 30.9826 31.0168 31.0168 31.0575 31.1201 31.1389 31.2517 31.2550 31.3489 31.4991 31.6807 31.9435 31.9214 31.9965 31.9776 32.0304 32.0115 31.9956 32.0174 32.0360 32.0359 32.1178 32.0612 31.9485 31.9296 31.7793 31.8291 31.6599 31.6941 31.6344 31.4840 31.4466 31.4686 31.5062 31.4309 31.3401 31.4371 31.5153 31.4657 31.5551 31.5892 31.5818 31.5818 31.6565 31.6565
30.4994 30.4994 30.5338 30.5525 30.6086 30.8901 30.8900 30.8181 30.8213 30.8587 30.7838 30.7459 30.8585 30.7456 30.7676 30.7611 30.8175 30.9268 30.9456 30.9642 30.9642 30.9828 30.9857 31.0044 31.0451 31.0825 31.0825 31.0824 31.1576 31.1610 31.2551 31.4053 31.5836 31.8464 31.9591 32.0342 31.8836 31.8986 31.8266 31.8894 31.8705 31.9079 31.8890 31.8548 31.8359 31.7385 31.7166 31.6383 31.7132 31.5817 31.6001 31.5405 31.4464 31.4089 31.3774 31.4150 31.4180 31.2491 31.2490 31.3460 31.3460 31.5072 31.5291 31.5738 31.5738 31.6370 31.6370
30.5182 30.5182 30.5901 30.6088 30.6430 30.9245 30.8525 30.7806 30.7275 30.7650 30.7650 30.7272 30.8429 30.7300 30.7676 30.7611 30.7800 30.8893 30.9269 30.9454 30.9454 30.9983 31.0012 31.0419 31.0826 31.0825 31.0825 31.1044 31.1797 31.1610 31.2551 31.3115 31.4898 31.7525 31.8653 32.0683 31.9176 31.8799 31.8078 31.7581 31.7392 31.7614 31.7424 31.6859 31.6671 31.6823 31.6603 31.6571 31.7320 31.5032 31.5216 31.4092 31.3151 31.4089 31.3774 31.3962 31.3992 31.2150 31.2149 31.2841 31.2841 31.5028 31.5248 31.6177 31.6177 31.8958 31.8958
30.3493 30.3493 30.4023 30.6838 30.7211 30.8745 30.8371 30.8558 30.8027 30.6897 30.6898 30.7617 30.8774 30.7802 30.8178 30.7801 30.7989 30.9268 30.9644 30.9485 30.9485 30.9483 30.9670 31.0419 31.0825 31.1198 31.1011 31.0856 31.1577 31.1391 31.2487 31.3051 31.6776 31.9404 31.9779 32.1809 32.0898 32.0708 31.9801 31.8517 31.7764 31.7609 31.7420 31.7422 31.6857 31.7542 31.6945 31.6193 31.6568 31.4280 31.3713 31.2588 31.2084 31.3023 31.2677 31.2865 31.2677 31.2149 31.2336 31.3215 31.3341 31.4559 31.4783 31.5453 31.5453 31.8603 31.8603
30.4993 30.4993 30.4805 30.7620 30.6650 30.8184 30.7997 30.8184 30.8184 30.7430 30.6900 30.8023 30.7836 30.7051 30.7614 30.7019 30.7770 30.9113 31.0207 31.0016 31.0016 31.0610 31.0232 31.0044 31.0608 31.0794 31.1733 31.1765 31.4022 31.4023 31.3019 31.5271 31.8688 32.0905 32.0903 32.0716 31.9772 31.8487 31.7580 31.5516 31.4763 31.5513 31.5324 31.4573 31.4008 31.4163 31.3566 31.5596 31.5783 31.3936 31.2617 31.0367 31.0239 31.1553 31.1739 31.2337 31.2148 31.2712 31.2681 31.2304 31.2265 31.3803 31.4287 31.4789 31.4789 31.7524 31.7524
30.5180 30.5180 30.4992 30.6525 30.5555 30.7432 30.7245 30.8747 30.8748 30.6678 30.6147 30.7991 30.7804 30.7614 30.8177 30.6830 30.7581 30.7235 30.8329 30.9673 30.9673 30.9859 30.9481 30.8916 30.9480 31.0043 31.0982 31.1545 31.3802 31.3803 31.3769 31.6021 31.8875 32.1093 31.9964 31.9777 31.9241 31.7957 31.7955 31.5891 31.6265 31.7015 31.7202 31.6451 31.5477 31.5632 31.5068 31.7098 31.6159 31.4312 31.2616 31.0366 30.9864 31.1177 31.1176 31.1773 31.1585 31.2711 31.2680 31.2648 31.2609 31.3990 31.4475 31.4412 31.4412 31.7524 31.7524
30.6866 30.6866 30.5146 30.6679 30.6867 30.8745 30.8371 30.9873 30.8591 30.6522 30.5960 30.7803 30.7616 30.7644 30.7457 30.6671 30.7203 30.6453 30.7392 30.8548 30.8548 30.9110 30.8921 30.8918 30.9105 30.9700 31.1015 31.1921 31.4178 31.3991 31.6810 31.8466 31.8278 31.9404 31.7899 31.7525 31.7365 31.6237 31.6235 31.5892 31.6267 31.5140 31.5326 31.4764 31.3791 31.5600 31.5036 31.3939 31.3000 31.1121 31.0745 31.2434 31.1743 31.2153 31.1181 31.1181 31.1368 31.3056 31.2869 31.2802 31.2989 31.3509 31.3753 31.4507 31.4507 31.6832 31.6832
30.6866 30.6866 30.5146 30.6679 30.6867 30.8745 30.8371 30.9873 30.8591 30.6522 30.5960 30.7803 30.7616 30.7644 30.7457 30.6671 30.7203 30.6453 30.7392 30.8548 30.8548 30.9110 30.8921 30.8918 30.9105 30.9700 31.1015 31.1921 31.4178 31.3991 31.6810 31.8466 31.8278 31.9404 31.7899 31.7525 31.7365 31.6237 31.6235 31.5892 31.6267 31.5140 31.5326 31.4764 31.3791 31.5600 31.5036 31.3939 31.3000 31.1121 31.0745 31.2434 31.1743 31.2153 31.1181 31.1181 31.1368 31.3056 31.2869 31.2802 31.2989 31.3509 31.3753 31.4507 31.4507 31.6832 31.6832
30.7399 30.7399 30.5303 30.6460 30.5709 30.7399 30.7089 31.1031 30.9906 30.6333 30.5958 30.5394 30.5582 30.7831 30.7613 30.7579 30.8142 30.7421 30.8171 30.7391 30.7391 30.8359 30.8545 30.9327 30.8950 30.9856 31.1389 31.1388 31.4554 31.4522 31.7341 31.7905 31.7714 31.8277 31.7743 31.6994 31.5456 31.5519 31.4767 31.4392 31.3828 31.3639 31.5858 31.5260 31.4696 31.5069 31.4693 31.3942 31.2439 31.2249 31.0744 31.2091 31.1933 31.1934 31.1745 31.2308 31.2683 31.4560 31.4152 31.4086 31.3928 31.4317 31.4504 31.7391 31.7391 31.9288 31.9288
30.7399 30.7399 30.5303 30.6460 30.5709 30.7399 30.7089 31.1031 30.9906 30.6333 30.5958 30.5394 30.5582 30.7831 30.7613 30.7579 30.8142 30.7421 30.8171 30.7391 30.7391 30.8359 30.8545 30.9327 30.8950 30.9856 31.1389 31.1388 31.4554 31.4522 31.7341 31.7905 31.7714 31.8277 31.7743 31.6994 31.5456 31.5519 31.4767 31.4392 31.3828 31.3639 31.5858 31.5260 31.4696 31.5069 31.4693 31.3942 31.2439 31.2249 31.0744 31.2091 31.1933 31.1934 31.1745 31.2308 31.2683 31.4560 31.4152 31.4086 31.3928 31.4317 31.4504 31.7391 31.7391 31.9288 31.9288
