regresion/ABRIL_2003_CORREGIDOS/SeaWiFS/Composicion (B490).txt
ncols         167
nrows         127
xllcorner     -112.014
yllcorner     26.717
cellsize      0.00899
[rows 87 to 115 of 127, columns 67 to 133 of 167]
52.6491 52.6491 52.7282 52.6552 52.7542 52.7274 52.7797 52.7531 52.7529 52.7725 52.8254 52.8052 52.8053 52.6730 52.5745 52.5152 52.5153 52.4687 52.4688 52.4881 52.4881 52.6200 52.5468 52.6982 52.8566 52.9292 53.0414 52.9885 53.0147 53.0220 53.0681 53.0947 53.1404 53.0877 53.0676 53.0942 53.1468 53.5889 53.5886 53.5950 53.5948 53.4165 53.5157 53.3905 53.3902 53.3110 53.3372 53.3042 53.2974 53.2709 53.2769 53.2436 53.2696 53.2961 53.3223 53.3224 53.3358 53.3621 53.2827 53.3627 53.3095 53.4153 53.4680 53.5601 53.5601 53.6913 53.6913
52.8075 52.8075 52.6952 52.6222 52.7473 52.7205 52.7533 52.7267 52.7265 52.7462 52.7991 52.7261 52.7332 52.6800 52.6537 52.5944 52.5681 52.5150 52.4888 52.5145 52.5145 52.5867 52.5135 52.5926 52.7775 52.8237 52.8830 52.8900 52.8899 52.9164 53.0682 53.0947 53.1140 53.0878 53.0676 53.0871 53.1397 53.4570 53.4566 53.5159 53.5158 53.3901 53.4893 53.4170 53.4167 53.2848 53.3111 53.2780 53.2713 53.3168 53.2964 53.2701 53.2698 53.2698 53.2696 53.2505 53.2639 53.2901 53.1315 53.0459 52.9927 52.9664 53.0192 53.2891 53.2891 53.3746 53.3746
52.9459 52.9459 52.8339 52.8336 52.9386 52.9120 52.9648 52.9646 52.9910 52.7990 52.8519 52.7725 52.7796 52.7000 52.6737 52.6271 52.6008 52.5675 52.5412 52.5739 52.5739 52.6196 52.5664 52.5861 52.7180 52.7708 52.8301 52.8635 52.8834 52.9099 53.0417 53.0682 53.1204 53.0941 53.0674 53.0869 53.2519 53.3577 53.3575 53.5689 53.6417 53.5955 53.7008 53.5160 53.5159 53.3575 53.2781 53.2516 53.3304 53.4288 53.3757 53.3495 53.3292 53.3292 53.2495 53.2303 53.2104 53.2041 53.1778 53.0986 53.0918 53.0653 53.0653 53.2892 53.2892 53.3482 53.3482
52.9790 52.9790 52.9196 52.9193 52.8859 52.8593 52.9122 52.9121 52.9650 52.7466 52.8063 52.6739 52.6476 52.6474 52.6211 52.5480 52.5217 52.5212 52.5935 52.6196 52.6196 52.7516 52.6984 52.6126 52.6391 52.7781 52.8308 52.7779 52.8042 52.8043 52.9097 52.9626 52.9685 52.9880 52.9876 52.9878 52.9609 53.1990 53.1988 53.3376 53.4104 53.6224 53.7277 53.5958 53.5956 53.4634 53.3840 53.3504 53.4291 53.3564 53.1975 53.1976 53.0651 53.0388 53.0449 53.1049 53.1579 53.0987 53.0394 53.0129 53.0127 53.0056 53.0054 53.0779 53.0779 53.0643 53.0643
53.1374 53.1374 53.0780 53.0779 53.0444 53.0178 53.0708 52.9582 53.0112 52.9843 53.0441 52.9116 52.8853 52.8323 52.8060 52.6006 52.5744 52.5476 52.6199 52.6725 52.6725 52.8043 52.7511 52.6126 52.6391 52.7252 52.7779 52.7249 52.7512 52.7513 52.8632 52.9161 52.9685 52.9880 52.9611 52.9612 52.9609 53.1990 53.2189 53.3577 53.4102 53.6222 53.6749 53.5429 53.5956 53.4634 53.4430 53.4095 53.4291 53.3564 53.2239 53.2240 53.0121 52.9858 53.0122 53.0722 53.1251 53.0723 53.0129 53.0128 53.0126 53.0056 53.0054 53.0843 53.0843 53.0641 53.0641
53.2431 53.2431 53.0975 53.0973 53.0446 53.0180 53.0115 52.8989 52.9390 52.9121 52.8858 52.7797 52.7799 52.7069 52.7334 52.5743 52.6203 52.6729 52.7258 52.6989 52.6989 52.6656 52.7183 52.6062 52.6656 52.7254 52.7517 52.6987 52.6985 52.7251 52.8103 52.8826 52.9881 52.9618 52.9349 52.9350 52.8818 53.0339 53.0538 53.1732 53.2257 53.2784 53.3310 53.2783 53.3309 53.4298 53.4095 53.3037 53.3302 53.1715 52.9596 52.9597 52.8273 52.8872 52.9601 52.9602 52.9867 53.0131 53.0131 53.0658 53.0391 52.9727 52.9791 53.0118 53.0118 52.9849 52.9849
53.2431 53.2431 53.0975 53.1766 53.1238 53.0904 53.0840 53.0574 53.0975 53.0442 53.0179 52.9118 52.9119 52.7396 52.7662 52.7329 52.7788 52.7786 52.8315 52.6724 52.6724 52.6855 52.7382 52.7382 52.7977 52.7252 52.7516 52.7252 52.7249 52.7515 52.8368 52.9091 52.9351 52.9088 52.9085 52.9086 52.8755 53.0276 53.0537 53.1730 53.1993 53.2520 53.3046 53.2518 53.3109 53.4098 53.4095 53.3037 53.3038 53.1451 52.9330 52.9331 52.8209 52.8809 52.9073 52.9074 52.9339 53.0658 53.0658 53.1186 53.0919 53.0056 53.0119 53.0117 53.0117 53.0113 53.0113
53.2823 53.2823 53.2230 53.3021 53.2493 53.2159 53.1700 53.1434 53.0972 53.0504 53.0506 52.9713 52.9714 52.7923 52.7855 52.7788 52.8053 52.7522 52.8051 52.7188 52.7188 52.7450 52.7977 52.7519 52.8046 52.5931 52.5729 52.5993 52.6521 52.6981 52.7769 52.8034 52.8295 52.8560 52.8493 52.8758 52.8427 52.9091 52.9352 52.9882 53.0144 53.0143 53.0669 53.0734 53.1324 53.0396 53.0393 53.0391 53.1182 53.0917 52.9529 52.9336 52.8810 52.9076 52.8546 52.8811 52.9075 53.0658 53.0459 53.0652 53.0650 53.0649 53.1176 52.9851 52.9851 52.8596 52.8596
53.3616 53.3616 53.3023 53.2953 53.2425 53.1631 53.1172 53.1434 53.0972 53.0769 53.0770 53.0305 53.0307 52.9773 52.9705 52.9374 52.9639 52.8577 52.9106 52.8180 52.8180 52.6658 52.7185 52.5404 52.5931 52.5931 52.5729 52.6585 52.7113 52.7573 52.7503 52.7768 52.8559 52.8825 52.8757 52.9022 52.8955 52.9620 52.9617 53.0146 53.0672 53.0671 53.0733 53.0797 53.1851 53.0923 53.0921 53.0919 53.1974 53.1710 52.9729 52.9537 52.9603 52.9868 52.9337 52.9602 52.9866 53.0922 53.0723 53.0716 53.0714 53.0647 53.1175 53.0380 53.0380 52.8861 52.8861
53.3550 53.3550 53.3023 53.2953 53.2425 53.1631 53.0907 53.1169 53.0773 53.0769 53.0770 53.0303 53.0304 53.0303 53.0235 52.9044 52.9309 52.8777 52.9306 52.7651 52.7651 52.6922 52.6985 52.5204 52.5996 52.5996 52.5994 52.6850 52.6846 52.7306 52.7500 52.7766 52.8229 52.8495 52.8757 52.9022 52.9220 52.9620 52.9617 52.9946 53.0473 53.0471 53.0533 53.1062 53.2116 53.1188 53.1186 53.1119 53.2174 53.2174 53.0521 53.0328 52.9865 53.0130 52.9599 52.9865 52.9667 53.0723 53.0458 53.0452 53.0979 53.0912 53.0910 53.0050 53.0050 52.8796 52.8796
53.3549 53.3549 53.3285 53.3481 53.3550 53.2756 53.0973 52.9915 53.0244 53.1097 53.0306 53.0038 53.0762 53.1026 53.0764 53.0364 53.0629 52.9504 53.0033 52.9501 52.9501 52.8840 52.8903 52.8110 52.8110 52.5532 52.5530 52.5988 52.5721 52.5987 52.8031 52.8296 52.9816 53.0345 52.9223 52.9559 53.0082 53.0411 53.0410 52.9947 52.9681 52.9416 52.9476 53.0660 53.1451 53.1451 53.1714 53.1384 53.1647 53.1981 53.1122 53.0859 52.9867 53.0133 52.9072 52.9338 52.9404 53.0981 53.0386 53.0120 53.0648 53.1441 53.1439 53.0121 53.0121 52.8731 52.8731
53.3549 53.3549 53.3020 53.3216 53.3350 53.2556 53.1303 53.0245 53.0244 53.1097 53.0306 53.0238 53.0962 53.0695 53.0432 53.0361 53.0626 52.9239 52.9768 52.9501 52.9501 52.8640 52.8903 52.8110 52.7845 52.5267 52.6059 52.6517 52.5657 52.5922 52.7701 52.7967 52.9813 53.0343 52.9485 52.9821 53.0148 53.0477 53.0475 52.9947 52.9681 52.9680 52.9741 53.0925 53.1716 53.1651 53.1913 53.1648 53.1911 53.1981 53.1122 53.0859 53.0197 53.0463 52.9138 52.9403 52.9931 53.1508 53.1178 53.0912 53.0580 53.1373 53.1373 52.9327 52.9327 52.8731 52.8731
53.3219 53.3219 53.3481 53.3479 53.3350 53.3349 53.2096 53.0772 53.0507 52.9775 52.9777 52.9710 52.9642 52.9042 52.9308 53.0560 53.1089 53.0561 53.0896 53.0890 53.0890 52.9698 52.9961 52.8441 52.8176 52.7119 52.7384 52.6518 52.5855 52.6120 52.6382 52.6911 52.9222 52.9558 53.1139 53.1404 53.0940 53.1269 53.1268 53.0739 52.9480 52.9674 52.9408 53.0133 53.0396 53.0594 53.1912 53.2509 53.2181 53.2445 53.1453 53.1454 53.0460 53.0725 52.9666 52.9861 52.9862 53.0982 53.1179 53.0649 53.0317 52.9526 52.9526 52.9327 52.9327 52.8798 52.8798
53.3017 53.3017 53.3544 53.3542 53.3350 53.3349 53.2096 53.0772 53.0706 52.9446 52.9447 52.9445 52.9377 52.9042 52.9308 53.0560 53.1089 53.0359 53.0694 53.0952 53.0952 52.9963 52.9961 52.8441 52.8376 52.7319 52.7583 52.6718 52.6120 52.6385 52.6117 52.6646 52.8958 52.9293 53.0675 53.0940 53.0408 53.1002 53.1001 53.0475 52.9215 52.9873 52.9607 53.0332 53.0595 53.0859 53.2177 53.2244 53.1917 53.2245 53.1518 53.1520 53.0195 53.0461 53.0195 53.0390 53.0127 53.1247 53.1378 53.0848 53.0581 52.9791 52.7672 52.9325 52.9325 52.9654 52.9654
53.1960 53.1960 53.2557 53.2555 53.1833 53.1037 53.0245 53.0309 52.9383 52.8321 52.8586 52.8054 52.8055 52.7985 52.7986 52.8183 52.8782 52.9106 52.9371 52.9698 52.9698 53.0029 53.0027 52.9763 52.9697 52.8305 52.9097 52.8568 52.6915 52.6916 52.6320 52.6918 52.7971 52.8501 53.1007 53.1008 53.1268 53.1533 52.9481 52.9941 52.9147 52.8752 52.8486 52.9541 52.9802 53.0664 53.1655 53.1125 53.0860 53.1453 53.0197 53.0462 53.0195 52.9863 52.9134 52.9663 53.0124 53.0915 53.0584 53.0584 53.0318 52.9860 52.7741 52.8732 52.8732 52.8863 52.8863
53.1960 53.1960 53.2557 53.2555 53.1830 53.1034 53.0180 53.0243 52.9118 52.8850 52.9116 52.8054 52.8055 52.7785 52.7786 52.8248 52.8847 52.9370 52.9636 53.0228 53.0228 53.0292 53.0227 52.9963 52.9432 52.8040 52.9097 52.8568 52.7179 52.7181 52.6119 52.6718 52.7242 52.7772 53.0212 53.0214 53.0739 53.1468 52.9416 53.0403 52.9609 52.8750 52.8484 52.9538 52.9799 53.0664 53.1655 53.1719 53.1455 53.1718 53.0726 53.0992 53.0725 53.0392 52.9333 52.9862 53.0322 53.1113 53.0584 53.0584 52.9788 52.9331 52.7806 52.8797 52.8797 52.9393 52.9393
53.0182 53.0182 53.0644 53.0112 53.0442 53.1034 52.9910 52.9380 52.8323 52.8121 52.8386 52.7788 52.8054 52.8515 52.8586 52.8319 52.8320 52.9108 52.9637 52.9900 52.9900 53.0228 53.0226 52.9626 53.0153 52.8832 52.8568 52.7974 52.6916 52.7251 52.5394 52.5923 52.5920 52.6450 52.6514 52.6515 52.9947 53.0406 52.9347 52.9876 52.8553 52.8750 52.8747 52.9606 52.9805 53.0665 53.1192 53.1719 53.2313 53.2314 53.0662 53.1385 53.0125 52.9863 52.8274 52.8540 52.8472 52.9264 52.8736 52.9863 52.9132 52.8276 52.6950 52.8337 52.8337 52.9588 52.9588
53.0182 53.0182 53.0644 53.0112 53.0442 53.1034 52.9910 52.9380 52.8323 52.8121 52.8386 52.7788 52.8054 52.8515 52.8586 52.8319 52.8320 52.9108 52.9637 52.9900 52.9900 53.0228 53.0226 52.9626 53.0153 52.8832 52.8568 52.7974 52.6916 52.7251 52.5394 52.5923 52.5920 52.6450 52.6514 52.6515 52.9947 53.0406 52.9347 52.9876 52.8553 52.8750 52.8747 52.9606 52.9805 53.0665 53.1192 53.1719 53.2313 53.2314 53.0662 53.1385 53.0125 52.9863 52.8274 52.8540 52.8472 52.9264 52.8736 52.9863 52.9132 52.8276 52.6950 52.8337 52.8337 52.9588 52.9588
52.9588 52.9588 53.0182 53.0773 53.1037 53.0771 53.0174 53.0171 52.8915 52.9176 52.8913 52.8255 52.7992 52.8253 52.8588 52.8519 52.8256 52.8847 52.8584 52.9440 52.9440 52.9895 52.9628 52.9100 52.9163 52.9163 52.8301 52.7246 52.6714 52.6716 52.6451 52.6980 52.5922 52.6451 52.6448 52.6380 52.8819 52.9348 52.8554 53.0471 52.9147 52.9079 52.7956 52.7761 52.7759 52.8552 52.9341 52.9605 53.0727 53.1120 53.0654 53.0919 52.9066 52.8804 52.7680 52.8209 52.8011 52.8345 52.7816 52.9072 52.8011 52.7747 52.7480 52.8467 52.8467 52.9787 52.9787
52.9588 52.9588 53.0182 53.0773 53.1037 53.0771 53.0174 53.0171 52.8915 52.9176 52.8913 52.8255 52.7992 52.8253 52.8588 52.8519 52.8256 52.8847 52.8584 52.9440 52.9440 52.9895 52.9628 52.9100 52.9163 52.9163 52.8301 52.7246 52.6714 52.6716 52.6451 52.6980 52.5922 52.6451 52.6448 52.6380 52.8819 52.9348 52.8554 53.0471 52.9147 52.9079 52.7956 52.7761 52.7759 52.8552 52.9341 52.9605 53.0727 53.1120 53.0654 53.0919 52.9066 52.8804 52.7680 52.8209 52.8011 52.8345 52.7816 52.9072 52.8011 52.7747 52.7480 52.8467 52.8467 52.9787 52.9787
52.9323 52.9323 52.9655 53.0246 52.9712 52.9446 52.9974 52.9971 52.7860 52.8386 52.8387 52.7924 52.7731 52.8520 52.7994 52.8256 52.8257 52.8584 52.8516 52.8579 52.8579 52.9170 52.9167 52.9167 52.8571 52.8571 52.8037 52.7511 52.6652 52.7181 52.6385 52.6386 52.6185 52.5923 52.5392 52.5587 52.8090 52.8885 52.8091 52.9084 52.7759 52.8355 52.7233 52.6703 52.6701 52.8224 52.9013 52.9207 53.0065 53.1120 53.0918 53.0919 52.9132 52.9133 52.7744 52.7815 52.7285 52.7814 52.7548 52.8539 52.8802 52.8540 52.8474 52.8470 52.8470 52.8996 52.8996
52.8859 52.8859 52.9190 52.9717 52.9183 52.9709 53.0237 53.0500 52.8389 52.8585 52.8586 52.8453 52.8259 52.8255 52.7728 52.7727 52.7729 52.8385 52.8317 52.8577 52.8577 52.9170 52.9167 52.8638 52.8043 52.8503 52.7970 52.8303 52.7444 52.7973 52.7441 52.7442 52.6448 52.6185 52.5192 52.5387 52.6769 52.7564 52.7825 52.8818 52.7495 52.8091 52.7761 52.7231 52.6964 52.8486 52.9277 52.9471 52.9865 53.0921 53.0916 53.0918 52.9396 52.9397 52.8273 52.8344 52.7814 52.8541 52.8275 52.8539 52.8802 52.9332 52.9267 52.7941 52.7941 52.8796 52.8796
52.9186 52.9186 52.9714 53.0241 52.9450 52.9975 53.0238 53.0500 52.8125 52.8256 52.8062 52.7465 52.7202 52.7462 52.7463 52.7990 52.7922 52.8379 52.8380 52.8643 52.8643 52.8905 52.8903 52.8374 52.7978 52.8507 52.8239 52.8767 52.7973 52.7974 52.7706 52.7902 52.6378 52.5852 52.5715 52.5717 52.7564 52.8093 52.8354 52.8360 52.7037 52.7234 52.6904 52.7167 52.6900 52.7429 52.8220 52.8942 52.9337 53.0657 53.0454 53.0719 52.8867 52.9467 52.8342 52.8607 52.8342 52.8805 52.8474 52.8474 52.9001 52.9461 52.9988 52.8468 52.8468 52.9389 52.9389
53.1828 53.1828 53.1564 53.2089 53.1034 53.1032 53.1032 53.0701 52.8259 52.8455 52.8261 52.7463 52.7200 52.7198 52.7200 52.7328 52.7260 52.8642 52.8643 52.9171 52.9171 52.8905 52.8903 52.8307 52.7647 52.7715 52.7448 52.8504 52.7709 52.7710 52.7771 52.7967 52.6972 52.6445 52.6244 52.6246 52.7035 52.7563 52.8619 52.8624 52.7237 52.7435 52.6904 52.7166 52.7165 52.7496 52.7759 52.8481 52.9336 53.0657 53.0984 53.1249 53.0188 53.0787 52.8340 52.8605 52.8076 52.8013 52.7683 52.7947 52.8474 52.9790 53.0317 52.8795 52.8795 52.8860 52.8860
53.1757 53.1757 53.0768 53.1293 53.0501 53.0499 53.0173 52.9842 52.7998 52.7730 52.7467 52.7463 52.7464 52.7528 52.7196 52.7060 52.7061 52.8377 52.8642 52.8903 52.8903 52.7843 52.8573 52.8310 52.6921 52.7449 52.7711 52.7975 52.7709 52.7905 52.8030 52.7767 52.7037 52.6510 52.6510 52.6775 52.6505 52.6309 52.7364 52.8027 52.6640 52.7168 52.6636 52.7166 52.7165 52.8220 52.8483 52.9604 53.0459 53.1251 53.1512 53.1777 53.0717 53.0524 52.8276 52.8277 52.8013 52.7684 52.7948 52.8671 52.8933 53.0319 53.0582 52.8597 52.8597 52.8930 52.8930
53.2881 53.2881 53.2089 53.2351 53.1296 53.1030 53.0967 53.0899 52.9847 52.7991 52.7729 52.6672 52.6673 52.7064 52.6733 52.7323 52.7324 52.7849 52.8114 52.8375 52.8375 52.7447 52.8176 52.7716 52.6921 52.7713 52.7711 52.7181 52.7179 52.7375 52.8624 52.8361 52.8094 52.7567 52.6508 52.6773 52.5712 52.5450 52.6969 52.7698 52.7431 52.7694 52.7164 52.7431 52.7165 52.8748 52.8545 52.9667 52.9139 52.9931 53.0720 53.0986 53.0384 53.0191 52.8741 52.8743 52.8478 52.7685 52.7421 52.7349 52.7612 52.8471 52.8733 52.9390 52.9390 52.8137 52.8137
53.2883 53.2883 53.1497 53.1760 53.0969 53.0703 53.1299 53.1232 53.0113 52.8787 52.8524 52.6738 52.7003 52.7595 52.7263 52.7588 52.7853 52.7849 52.7586 52.7782 52.7782 52.7716 52.7184 52.6391 52.6391 52.6126 52.6720 52.5926 52.5394 52.6117 52.8096 52.7569 52.8096 52.8626 52.5978 52.6312 52.5981 52.5386 52.6904 52.8756 52.8489 52.9017 52.8487 52.8748 52.8482 52.9340 52.9137 52.9663 52.9135 52.9137 53.0390 53.0462 53.0389 53.0390 52.9006 52.9007 52.8743 52.8145 52.7881 52.7879 52.7943 52.8274 52.8537 52.9725 52.9725 52.7872 52.7872
53.2884 53.2884 53.1234 53.0704 53.0176 53.0373 53.0640 53.0109 52.9056 52.8788 52.8526 52.7266 52.7531 52.7065 52.6733 52.7588 52.7853 52.7056 52.6794 52.6987 52.6987 52.7452 52.6921 52.6392 52.6391 52.5332 52.5662 52.5199 52.4404 52.5127 52.6511 52.5984 52.7303 52.7832 52.6242 52.6577 52.5917 52.5586 52.5847 52.7170 52.9017 52.9018 52.8752 52.9541 52.7226 52.8083 52.8081 52.8608 52.8607 52.8608 52.9597 52.9668 53.0590 53.0592 52.9798 52.9799 53.0062 52.7879 52.7417 52.7417 52.7481 52.8338 52.8601 53.0515 53.0515 52.8929 52.8929
53.2557 53.2557 53.1236 53.0706 53.0512 53.0709 53.1170 53.0639 52.9120 52.8323 52.8325 52.7531 52.7727 52.6467 52.6205 52.6994 52.6732 52.5935 52.6269 52.6263 52.6263 52.6659 52.6657 52.5600 52.5398 52.4340 52.5133 52.5656 52.5920 52.6450 52.7307 52.7836 52.7766 52.7239 52.6179 52.5986 52.5390 52.6647 52.6908 52.6973 52.8821 52.9014 52.8748 52.9276 52.6960 52.7819 52.7817 52.9208 52.9207 52.9141 53.0194 52.9932 53.1118 53.0856 52.9535 53.0259 52.9794 52.7416 52.6954 52.6954 52.7482 52.8603 52.8336 53.0187 53.0187 52.8337 52.8337
