regresion/ABRIL_2003_CORREGIDOS/MODIS/Composicion (B10).txt
ncols         167
nrows         127
xllcorner     -112.016
yllcorner     26.721
cellsize      0.00898
[rows 29 to 57 of 127, columns 0 to 66 of 167]
57.7895 57.7845 57.8152 57.8616 57.8533 57.7519 57.6374 57.5748 57.6166 57.6554 57.6817 57.8592 57.9399 57.9094 57.8576 57.8307 57.8280 57.8437 57.9256 57.9876 57.9701 57.9509 57.9513 57.9625 57.9514 57.9692 57.9302 57.9221 57.9213 57.9485 57.9224 57.8849 57.8745 57.8572 57.8179 57.8065 57.8081 57.8246 57.7515 57.6638 57.5344 57.4217 57.4207 57.4106 57.4202 57.4791 57.4918 57.5031 57.5241 57.4891 57.5111 57.5412 57.5190 57.5076 57.4948 57.4344 57.3394 57.3189 57.3001 57.3144 57.3149 57.2632 57.2265 57.1716 57.2064 57.2471 57.2813
57.8442 57.8151 57.8059 57.8720 57.8576 57.7581 57.6501 57.5485 57.6161 57.5665 57.7743 57.9416 57.9534 57.9120 57.8194 57.7925 57.7584 57.7261 57.8172 57.8699 57.9212 57.9144 57.9362 57.9748 57.9692 57.9830 57.9262 57.8890 57.9238 57.8938 57.8767 57.8463 57.8169 57.7944 57.8155 57.7955 57.7821 57.7749 57.7133 57.6537 57.6093 57.4947 57.3897 57.4335 57.4605 57.5117 57.5139 57.4942 57.4802 57.4808 57.4362 57.4776 57.5243 57.5319 57.5249 57.5500 57.4887 57.4194 57.4100 57.3917 57.3986 57.3821 57.2904 57.2898 57.2492 57.3030 57.3511
57.8455 57.8192 57.8185 57.8562 57.8299 57.7286 57.6509 57.5321 57.6150 57.6372 57.8319 57.9174 57.9033 57.8625 57.7913 57.7890 57.7548 57.6896 57.6994 57.7748 57.8565 57.8599 57.8559 57.8761 57.9027 57.8995 57.8287 57.8128 57.8542 57.8444 57.8225 57.8116 57.7974 57.7811 57.8043 57.7798 57.7603 57.7621 57.6828 57.6764 57.6356 57.4953 57.3557 57.4439 57.4630 57.5074 57.5178 57.5244 57.4614 57.4528 57.4562 57.4575 57.5117 57.5367 57.5624 57.6225 57.6231 57.5643 57.5321 57.4939 57.4689 57.4577 57.4388 57.3686 57.3078 57.3126 57.3803
57.7868 57.7603 57.7794 57.7759 57.7228 57.6693 57.6166 57.5019 57.6210 57.7387 57.9231 57.8936 57.8146 57.7396 57.6717 57.6826 57.6516 57.6089 57.6202 57.6964 57.7954 57.8763 57.8931 57.8929 57.9313 57.9192 57.8043 57.7898 57.8087 57.8381 57.8057 57.8038 57.7901 57.7711 57.8023 57.7940 57.7557 57.7340 57.6613 57.6918 57.6430 57.5087 57.3504 57.4568 57.4841 57.4867 57.4948 57.5027 57.4885 57.4725 57.4594 57.4248 57.4489 57.4978 57.5525 57.5886 57.6257 57.6283 57.5857 57.5222 57.5225 57.5463 57.5594 57.5506 57.4662 57.3936 57.4147
57.7879 57.7570 57.7371 57.6901 57.6370 57.5742 57.4557 57.5715 57.6773 57.8146 57.8466 57.8351 57.7638 57.6726 57.6294 57.6589 57.6376 57.6408 57.6622 57.7067 57.7535 57.8345 57.9003 57.9334 57.9689 57.9612 57.8787 57.8508 57.8422 57.8340 57.8094 57.7824 57.7617 57.7688 57.7715 57.7704 57.7462 57.7489 57.6841 57.6733 57.6480 57.5057 57.4346 57.4836 57.4440 57.4288 57.4544 57.4566 57.4644 57.4768 57.4739 57.4236 57.4374 57.4490 57.5249 57.5660 57.5757 57.6129 57.6006 57.5302 57.5699 57.5676 57.6028 57.6407 57.6232 57.5218 57.4824
57.7615 57.7594 57.7503 57.6613 57.6166 57.5508 57.4058 57.6180 57.6868 57.7884 57.8384 57.8658 57.7899 57.7142 57.6738 57.7084 57.6809 57.6696 57.6867 57.7344 57.7285 57.7544 57.8707 57.9017 57.9326 57.9060 57.8695 57.8620 57.8416 57.8126 57.8096 57.7739 57.7644 57.7485 57.7378 57.7342 57.7324 57.7213 57.7006 57.6859 57.6370 57.5202 57.5229 57.5198 57.4494 57.4246 57.3888 57.3828 57.4145 57.4835 57.5048 57.4450 57.4513 57.4778 57.5335 57.5720 57.5789 57.6323 57.6385 57.5803 57.5994 57.5754 57.6099 57.6205 57.6428 57.6359 57.5592
57.8208 57.7686 57.7745 57.7395 57.7283 57.5829 57.5457 57.7616 57.8153 57.7880 57.8138 57.8933 57.8707 57.7945 57.7393 57.7714 57.7525 57.7708 57.7535 57.7700 57.7934 57.7921 57.8006 57.8148 57.8222 57.8316 57.8514 57.8625 57.8298 57.8092 57.8010 57.7671 57.7565 57.7597 57.7590 57.7315 57.7620 57.7767 57.7599 57.7183 57.6480 57.5539 57.5749 57.5447 57.4543 57.4223 57.3480 57.3219 57.3664 57.4027 57.4390 57.4375 57.4551 57.4499 57.4607 57.5057 57.4899 57.5637 57.5998 57.5603 57.5790 57.5762 57.5864 57.5822 57.5962 57.5816 57.5595
57.7544 57.7574 57.7790 57.7639 57.7693 57.6230 57.6699 57.7662 57.7986 57.8305 57.8580 57.9158 57.9885 57.9412 57.8363 57.8664 57.8450 57.8525 57.8616 57.8436 57.8613 57.8825 57.8337 57.8599 57.8329 57.8347 57.8859 57.9273 57.9186 57.9077 57.8867 57.8491 57.8457 57.8419 57.8208 57.7989 57.7760 57.7890 57.7357 57.7339 57.6680 57.5399 57.5641 57.5622 57.4594 57.3802 57.3000 57.2732 57.2974 57.3413 57.3697 57.4428 57.5037 57.4525 57.4255 57.4228 57.4073 57.4559 57.4863 57.4695 57.5208 57.5585 57.5883 57.5753 57.5940 57.5827 57.5709
57.8125 57.8255 57.8109 57.8271 57.7530 57.6596 57.7648 57.8122 57.7796 57.8455 57.9012 57.9622 58.0221 58.0150 57.9039 57.9385 57.9496 57.9609 57.9455 57.9426 57.9516 57.9760 57.9322 57.9266 57.9356 57.9610 57.9767 58.0043 58.0075 57.9965 57.9807 57.9357 57.9027 57.8827 57.8293 57.8232 57.7620 57.7639 57.7218 57.6701 57.6370 57.5110 57.5253 57.5788 57.4830 57.4226 57.3658 57.2692 57.2313 57.2689 57.3137 57.3777 57.4433 57.3975 57.3894 57.3984 57.4169 57.4546 57.4947 57.4914 57.5396 57.5369 57.5811 57.5684 57.5991 57.5672 57.5459
57.8841 57.8971 57.8923 57.8848 57.8026 57.7938 57.8650 57.8594 57.8457 57.8964 57.9457 58.0524 58.0993 58.1106 58.0314 58.0435 58.0193 58.0000 57.9852 57.9844 57.9608 57.9341 57.8670 57.8933 57.9250 57.9495 57.9564 57.9791 57.9834 57.9466 57.9327 57.9342 57.9523 57.9548 57.9656 57.9078 57.8808 57.8969 57.8080 57.6565 57.6578 57.5410 57.4895 57.4772 57.3856 57.3452 57.2973 57.2587 57.2563 57.3126 57.4178 57.4657 57.5285 57.4516 57.4298 57.4186 57.4263 57.4362 57.4301 57.4015 57.4511 57.4940 57.5377 57.5652 57.5619 57.5609 57.5471
57.9081 57.9255 57.9159 57.8411 57.8039 57.8724 57.9079 57.8888 57.8697 57.8890 58.0008 58.0777 58.0909 58.0722 58.0046 58.0111 57.9924 57.9939 57.9601 57.9673 57.9414 57.8882 57.8533 57.8815 57.9504 57.9392 57.9175 57.9366 57.9421 57.9212 57.8998 57.9296 57.9427 57.9223 57.9315 57.8804 57.7972 57.8052 57.6783 57.5866 57.5455 57.4924 57.4896 57.4516 57.3734 57.3380 57.3418 57.3113 57.2851 57.4226 57.4748 57.5256 57.6045 57.5585 57.5644 57.5605 57.5199 57.4653 57.4338 57.3815 57.4211 57.4103 57.5082 57.5054 57.4847 57.4697 57.5109
57.9357 57.9412 57.9251 57.7990 57.7808 57.8569 57.8943 57.8705 57.8726 57.9489 58.0592 58.1342 58.1150 58.0692 57.9888 57.9781 57.9520 57.9315 57.9268 57.9093 57.8865 57.8615 57.8319 57.8590 57.9026 57.8804 57.8661 57.9375 57.9468 57.9269 57.9513 57.9045 57.9079 57.8973 57.8951 57.8582 57.7980 57.7911 57.7125 57.6133 57.5260 57.4849 57.4702 57.4463 57.4207 57.3847 57.3829 57.3747 57.3497 57.4180 57.4953 57.5437 57.5998 57.5991 57.5965 57.5943 57.5915 57.5464 57.4959 57.4529 57.4141 57.4612 57.5383 57.5100 57.5871 57.5058 57.4780
57.9656 57.9775 57.9036 57.7624 57.7865 57.8346 57.8683 57.8978 57.8989 57.9763 58.0975 58.1718 58.1867 58.1756 58.0682 58.0284 57.9503 57.8895 57.8988 57.8395 57.8296 57.7634 57.7577 57.7933 57.7328 57.7034 57.7644 57.9542 57.9638 57.9627 57.9937 57.9776 57.9261 57.9058 57.8872 57.8280 57.8028 57.7808 57.7247 57.6091 57.5575 57.5532 57.5020 57.4771 57.4946 57.4830 57.4976 57.4707 57.4403 57.4480 57.4984 57.5575 57.6090 57.6374 57.6731 57.6518 57.6215 57.5503 57.4896 57.4514 57.4456 57.4360 57.4697 57.4256 57.4062 57.4185 57.4700
57.9873 57.9491 57.8416 57.8415 57.8650 57.8628 57.8936 57.9606 57.9441 58.0294 58.1535 58.2018 58.2191 58.1401 57.9933 57.9669 57.8500 57.8305 57.8197 57.7999 57.8011 57.7652 57.7869 57.7994 57.6743 57.5597 57.6733 57.8814 57.9331 57.9554 57.9861 57.9974 57.9199 57.8773 57.8514 57.7822 57.7586 57.7405 57.6749 57.5979 57.5624 57.5764 57.5372 57.5433 57.5710 57.5742 57.5774 57.5437 57.4659 57.4814 57.4958 57.5342 57.5983 57.6395 57.7063 57.6841 57.6292 57.5467 57.4744 57.4082 57.4291 57.4045 57.3723 57.4093 57.3892 57.3951 57.4005
57.9464 57.8853 57.8330 57.8530 57.8672 57.8830 57.9158 57.9704 57.9894 58.0667 58.1877 58.2196 58.1805 58.0542 57.9838 57.9837 57.9252 57.8593 57.8231 57.7965 57.8075 57.8208 57.8448 57.8386 57.7122 57.5784 57.6575 57.8190 57.8856 57.9428 57.9276 57.8958 57.8561 57.8315 57.8094 57.7726 57.7665 57.7557 57.7012 57.6315 57.6062 57.6169 57.6265 57.6541 57.6645 57.6646 57.6568 57.5892 57.5107 57.4815 57.4927 57.5167 57.5801 57.6448 57.7136 57.7111 57.6288 57.5477 57.4884 57.4283 57.4229 57.3940 57.3653 57.3690 57.3617 57.3558 57.3668
57.9179 57.7960 57.8282 57.8276 57.8649 57.8954 57.9249 57.9887 58.0295 58.1209 58.2202 58.3468 58.3925 58.2669 58.6756 58.6317 58.4104 58.0819 58.0517 57.9081 57.7963 57.8077 57.8081 57.7699 57.7095 57.6633 57.7046 57.7789 57.8463 57.9214 57.9351 57.9126 57.8544 57.8066 57.7939 57.7731 57.7568 57.7705 57.7515 57.7290 57.7394 57.7252 57.7411 57.7572 57.7205 57.7214 57.6818 57.6115 57.5435 57.4970 57.5047 57.5520 57.6137 57.6770 57.7429 57.7272 57.6699 57.5964 57.5273 57.4533 57.4489 57.4233 57.4225 57.4055 57.3845 57.3422 57.3695
57.8549 57.7713 57.8653 57.9418 57.9743 57.9853 58.0002 58.1253 58.1385 58.2155 58.3473 58.4480 58.6376 59.7894 61.3854 63.0385 63.8853 62.6076 60.6956 59.3242 58.7472 58.2209 57.9415 57.7074 57.5901 57.5806 57.6555 57.7323 57.8144 57.9379 57.9625 57.9883 57.9138 57.8658 57.8591 57.8519 57.8164 57.7980 57.8119 57.7727 57.7910 57.7928 57.7917 57.7950 57.7670 57.7711 57.7106 57.6680 57.5884 57.5252 57.5140 57.5771 57.6166 57.6726 57.7404 57.7555 57.7202 57.6613 57.5927 57.5063 57.4762 57.4601 57.4647 57.4598 57.4310 57.3851 57.3983
57.7513 57.7347 57.8929 57.9558 58.0032 58.0312 58.0897 58.1536 58.2076 58.2855 58.4641 58.5758 59.2836 61.1293 66.6429 68.2863 67.7091 70.2554 67.2768 62.0647 59.8173 59.7259 58.2020 57.7996 57.6479 57.5626 57.5846 57.6255 57.7521 57.8795 57.9403 57.9449 57.9132 57.8806 57.8757 57.8525 57.8451 57.8923 57.9124 57.8690 57.8980 57.8791 57.8909 57.9004 57.8828 57.9073 57.8410 57.7800 57.6761 57.6244 57.6025 57.6501 57.6685 57.7148 57.7513 57.7817 57.7436 57.6755 57.5888 57.5007 57.4670 57.4519 57.4823 57.4599 57.4371 57.3983 57.3944
57.6747 57.7694 57.8818 57.9559 58.0012 58.0474 58.1031 58.1624 58.2343 58.3240 58.4437 58.5195 59.2590 63.2305 70.0547 69.7570 72.4380 72.1298 72.1691 66.9521 61.8126 59.0155 58.0898 57.9357 57.7332 57.6684 57.7416 57.7798 57.7797 57.9315 57.9588 57.9270 57.9468 57.8985 57.9289 57.9078 57.9046 57.9372 57.9670 57.9062 57.8760 57.9141 57.9185 57.8880 57.9079 57.8933 57.9094 57.8508 57.7115 57.6665 57.6600 57.6647 57.6656 57.6656 57.7293 57.7406 57.7327 57.7087 57.6282 57.5447 57.5111 57.4747 57.5015 57.4641 57.4313 57.4108 57.4054
57.6962 57.8020 57.9001 57.9395 57.9571 58.0192 58.0825 58.1305 58.2109 58.3081 58.4122 58.3860 58.7941 61.3874 65.0344 67.6977 68.8725 69.6003 70.4392 65.6941 61.4208 59.2322 58.1707 57.8319 57.7527 57.7779 57.7814 57.8645 57.8392 57.8201 57.8524 57.8608 57.9000 57.9737 58.0049 57.9855 57.9889 58.0027 57.9849 57.8744 57.8252 57.8654 57.8745 57.8547 57.8685 57.8773 57.8466 57.8065 57.7220 57.7259 57.7411 57.6795 57.6433 57.6812 57.7062 57.6857 57.7069 57.6877 57.5925 57.5346 57.5114 57.5157 57.5057 57.4726 57.4584 57.4273 57.4208
57.7267 57.8459 57.9252 57.9466 57.9520 58.0111 58.0517 58.0815 58.1660 58.2513 58.3122 58.2501 58.3401 58.5739 60.7471 61.4976 61.2498 60.5234 59.5988 58.6138 58.2302 58.0452 57.9346 57.9009 57.8814 57.9256 57.9407 57.9906 57.9589 57.8794 57.8473 57.8093 57.8148 57.9020 57.9991 57.9879 57.9729 57.9753 57.9057 57.7969 57.8405 57.8337 57.8432 57.8609 57.8947 57.8851 57.8716 57.8420 57.7657 57.7648 57.7377 57.7544 57.7955 57.8069 57.8527 57.7239 57.7049 57.6362 57.5621 57.5354 57.5062 57.5466 57.5432 57.4801 57.4739 57.4625 57.4402
57.8098 57.8654 57.9042 57.9269 57.9405 57.9871 58.0518 58.0794 58.1384 58.1875 58.2846 58.2108 58.0902 57.9279 57.9920 58.1195 58.3404 58.5986 58.7031 58.4406 58.0895 58.0254 57.9675 57.9401 57.9544 58.0457 58.0368 58.0202 57.9663 57.8699 57.8316 57.7671 57.7543 57.8255 57.9122 57.9316 57.9329 57.9470 57.8774 57.8396 57.8639 57.8430 57.8425 57.8704 57.9253 57.9142 57.8945 57.8722 57.8221 57.8196 57.8119 57.8018 57.8217 57.8118 57.8400 57.7591 57.7103 57.6966 57.6408 57.5833 57.5997 57.6037 57.6325 57.5701 57.5310 57.5590 57.5177
57.7953 57.8545 57.9030 57.9281 57.9364 57.9743 58.0378 58.0599 58.1179 58.1322 58.1876 58.1624 58.1071 57.9431 57.9129 57.9431 58.1102 58.3165 58.5012 58.3743 58.1498 57.9594 57.9226 57.9602 58.0550 58.0891 58.0539 57.9920 57.9403 57.8668 57.8426 57.8008 57.7923 57.7966 57.8795 57.9118 57.8946 57.9402 57.8950 57.8946 57.8724 57.8854 57.8779 57.9115 57.9297 57.9238 57.9136 57.9001 57.8544 57.8382 57.8281 57.8188 57.8294 57.8083 57.8122 57.7288 57.6843 57.6726 57.6387 57.6293 57.6485 57.6567 57.6765 57.6212 57.5883 57.5479 57.5594
57.7389 57.8278 57.9024 57.9604 57.9680 58.0146 58.0589 58.0587 58.1114 58.1059 58.0975 58.0644 58.0172 57.8295 57.7138 57.8071 58.1013 58.2797 58.3769 58.3585 58.1683 57.9880 57.9669 57.9926 58.0851 58.0662 58.0525 57.9886 57.9474 57.9260 57.8879 57.8699 57.8562 57.8491 57.8507 57.8644 57.8258 57.9197 57.9293 57.9476 57.9392 57.9406 57.9255 57.9195 57.9022 57.8759 57.8871 57.8561 57.8156 57.8560 57.8495 57.8424 57.8444 57.8103 57.8027 57.7485 57.7142 57.6558 57.6271 57.6314 57.6690 57.6887 57.6972 57.6852 57.6737 57.6111 57.5905
57.7440 57.8376 57.9028 57.9653 58.0132 58.0314 58.0108 58.0148 58.0657 58.0281 57.9741 57.9270 57.8540 57.7361 57.6984 57.7352 57.8409 58.1099 58.2901 58.2800 58.2654 58.1097 58.0357 58.0363 58.0872 58.0481 58.0510 57.9870 57.9797 57.9606 57.9550 57.9197 57.9050 57.8799 57.8334 57.8005 57.7813 57.8880 57.9419 57.9582 57.9682 57.9597 57.9529 57.9108 57.8760 57.8511 57.8215 57.8330 57.8126 57.8629 57.8871 57.8525 57.8512 57.8233 57.8105 57.7875 57.7334 57.6814 57.6434 57.6519 57.6571 57.6819 57.6752 57.6941 57.7144 57.6767 57.6433
57.8091 57.9315 57.9990 58.0115 58.0143 58.0090 57.9997 57.9997 58.0244 58.0030 57.9627 57.9353 57.8858 57.7712 57.7168 57.7337 57.8314 58.1212 58.3461 58.3061 58.2493 58.2009 58.1153 58.0279 58.0069 58.0103 58.0520 58.0720 58.0710 58.0074 57.9823 57.9537 57.9064 57.8748 57.8279 57.7994 57.8104 57.8530 57.9068 57.9549 57.9583 58.0074 58.0050 57.9464 57.8859 57.8683 57.8580 57.8620 57.8462 57.8890 57.9049 57.8589 57.8331 57.8116 57.7998 57.7696 57.7485 57.6976 57.6559 57.6330 57.6565 57.6680 57.6976 57.7155 57.7294 57.6927 57.6793
57.8643 57.9756 58.0355 58.0548 58.0692 58.0217 58.0051 58.0537 58.0935 58.1085 58.0833 58.0391 57.9376 57.8498 57.7986 57.7884 57.8851 58.1700 58.3273 58.2838 58.2216 58.2032 58.1445 58.1169 58.0332 58.0180 58.0605 58.0592 58.0316 57.9873 57.9937 57.9214 57.8824 57.8691 57.8343 57.8859 57.8554 57.8782 57.8873 57.9171 57.9435 58.0250 57.9975 57.9624 57.9077 57.8823 57.8785 57.9030 57.8774 57.8741 57.8820 57.8266 57.8129 57.8139 57.8087 57.7752 57.7510 57.7446 57.7007 57.6636 57.6915 57.7037 57.7106 57.7534 57.7592 57.7112 57.6930
57.9808 58.0630 58.0652 58.0688 58.0766 58.0750 58.0570 58.0791 58.1298 58.1538 58.1326 58.0753 58.0167 57.9208 57.9273 57.9384 57.9831 58.2399 58.3612 58.2591 58.2429 58.2151 58.1929 58.2003 58.1828 58.1275 58.0737 58.0435 58.0482 58.0098 57.9984 57.9766 57.9243 57.9044 57.8877 57.9051 57.9501 57.9472 57.9376 57.9518 57.9460 57.9901 57.9898 57.9525 57.9073 57.8810 57.8915 57.9086 57.8747 57.8625 57.8674 57.8038 57.8055 57.8044 57.8051 57.8099 57.7807 57.7643 57.7333 57.6777 57.7029 57.7042 57.7114 57.7724 57.7806 57.7440 57.7439
58.0505 58.1116 58.1276 58.1140 58.1213 58.0871 58.0810 58.0969 58.1425 58.1092 58.1165 58.0914 58.0591 57.9541 57.9403 57.9375 58.0229 58.2044 58.3505 58.2864 58.2608 58.2337 58.2462 58.2627 58.2891 58.2673 58.1939 58.1551 58.1174 58.0620 58.0724 58.0103 57.9634 57.9529 57.8945 57.9077 57.8970 57.9293 57.9263 57.9450 58.0027 57.9949 57.9991 58.0082 57.9737 57.9392 57.9453 57.9540 57.9312 57.9070 57.8574 57.8014 57.8103 57.7932 57.7832 57.7852 57.7667 57.7781 57.7651 57.7341 57.7516 57.7668 57.7838 57.8208 57.8316 57.7926 57.8110
