regresion/ABRIL_2003_CORREGIDOS/MODIS/Composicion (B10).txt
ncols         167
nrows         127
xllcorner     -112.016
yllcorner     26.721
cellsize      0.00898
[rows 58 to 86 of 127, columns 67 to 133 of 167]
57.8856 57.9061 57.9425 58.0132 58.0486 58.0453 58.0361 58.0851 58.0970 58.1301 58.1702 58.1665 58.2129 58.2883 58.3152 58.3241 58.3155 58.3120 58.3670 58.3706 58.4460 58.5001 58.5028 58.5119 58.5403 58.6054 58.7043 58.8157 58.7853 58.8421 58.7214 58.5972 58.3069 58.1414 58.0899 58.0653 58.1536 58.2257 58.3771 58.4477 58.5499 58.7114 58.8852 58.9773 59.0054 59.0308 59.0585 59.0863 59.1357 59.1415 59.1085 59.0751 59.0204 59.0068 58.9699 59.0080 59.0353 59.0416 59.0425 59.0370 59.0068 58.9976 58.9803 58.9872 58.9965 58.9566 58.8467
57.8776 57.9133 57.9455 58.0076 58.0525 58.0753 58.0931 58.1127 58.1074 58.1294 58.1739 58.1886 58.2616 58.3091 58.3452 58.3676 58.3558 58.3411 58.3687 58.3783 58.4467 58.4667 58.4952 58.5176 58.5431 58.6206 58.7382 58.8327 58.8089 58.7830 58.6597 58.5414 58.3215 58.1680 58.0788 58.1217 58.2563 58.3320 58.4210 58.5106 58.6593 58.7882 58.9361 58.9878 59.0007 59.0160 59.0655 59.1071 59.1093 59.1132 59.0756 59.0492 59.0267 58.9987 58.9586 58.9987 59.0044 59.0040 59.0201 59.0410 59.0697 59.0730 59.0709 59.1053 59.0927 59.1209 59.0622
57.9329 57.9632 57.9972 58.0194 58.0547 58.0708 58.1095 58.1486 58.1432 58.1490 58.1532 58.1871 58.2798 58.3293 58.3739 58.4190 58.3927 58.3776 58.3779 58.3979 58.4508 58.4805 58.4827 58.5156 58.5960 58.6810 58.7692 58.8084 58.7731 58.7509 58.6287 58.5363 58.4283 58.2484 58.1803 58.2488 58.3361 58.4181 58.5160 58.6077 58.7732 58.8858 58.9838 59.0008 59.0228 59.0489 59.0856 59.0884 59.0766 59.0809 59.0482 59.0312 59.0215 59.0073 58.9507 58.9896 59.0114 59.0365 59.0668 59.1000 59.1281 59.1134 59.1410 59.1602 59.1530 59.1671 59.1625
58.0118 58.0216 58.0630 58.0725 58.0986 58.1226 58.1590 58.1993 58.2045 58.1988 58.1783 58.2194 58.2761 58.3383 58.4006 58.4555 58.4497 58.4212 58.4015 58.4083 58.4441 58.4630 58.4860 58.5231 58.5969 58.7086 58.8155 58.7741 58.7250 58.6805 58.5804 58.5207 58.4713 58.2873 58.2881 58.4264 58.4562 58.5463 58.6658 58.7466 58.9104 58.9750 59.0454 59.0731 59.0768 59.0717 59.0979 59.0688 59.0472 59.0417 59.0405 59.0234 59.0300 59.0047 58.9975 59.0162 59.0337 59.0826 59.1291 59.1673 59.1813 59.1576 59.1801 59.2118 59.2107 59.2371 59.2360
58.0058 58.1265 58.1193 58.1118 58.1332 58.1447 58.1433 58.1814 58.1980 58.1986 58.1944 58.2112 58.2984 58.3519 58.3999 58.4677 58.4815 58.4812 58.4320 58.4568 58.4820 58.5262 58.4978 58.5405 58.6019 58.6947 58.7991 58.7822 58.6847 58.6230 58.5255 58.5124 58.5286 58.4703 58.4570 58.5857 58.6605 58.7578 58.8654 58.9278 59.0549 59.0713 59.1118 59.1172 59.1139 59.0967 59.0719 59.0667 59.0280 59.0576 59.0704 59.0427 59.0529 59.0080 58.9948 59.0197 59.0553 59.1159 59.1518 59.1852 59.1912 59.1851 59.2067 59.2257 59.2293 59.2838 59.2642
58.1444 58.1805 58.1546 58.1431 58.1962 58.1784 58.1602 58.2082 58.2200 58.2042 58.2258 58.2185 58.2611 58.3458 58.3914 58.4316 58.4757 58.4776 58.4604 58.4610 58.4968 58.5249 58.5160 58.5836 58.6706 58.7691 58.8380 58.7560 58.6644 58.6235 58.5994 58.6493 58.5803 58.6022 58.6083 58.6932 58.8574 58.9619 59.0103 59.0809 59.1239 59.0930 59.1167 59.1230 59.1212 59.1113 59.0899 59.0761 59.0747 59.0924 59.0914 59.0752 59.0703 59.0270 59.0257 59.0192 59.0487 59.0680 59.1205 59.1451 59.1588 59.1483 59.1980 59.2413 59.2487 59.2529 59.2492
58.1828 58.2080 58.2195 58.2184 58.2055 58.1941 58.1680 58.1597 58.2194 58.1500 58.2145 58.2621 58.2722 58.3593 58.4166 58.4709 58.5229 58.5201 58.4836 58.4362 58.5096 58.5550 58.5860 58.6212 58.6715 58.7523 58.7963 58.7398 58.6354 58.5985 58.5802 58.5961 58.6612 58.7033 58.7408 58.8259 58.9632 59.0398 59.0564 59.1020 59.0893 59.1131 59.0977 59.1171 59.1072 59.1265 59.1108 59.1174 59.1189 59.1081 59.1113 59.0952 59.0906 59.0305 59.0248 59.0202 59.0490 59.0835 59.1132 59.1329 59.1338 59.1403 59.1568 59.1599 59.1931 59.2088 59.1927
58.1558 58.1801 58.1810 58.1832 58.2101 58.2112 58.1780 58.2153 58.2708 58.2429 58.2267 58.2519 58.2623 58.3230 58.3470 58.3680 58.4599 58.5187 58.5087 58.4883 58.5133 58.5794 58.6076 58.6283 58.6731 58.7632 58.7580 58.6909 58.6320 58.5756 58.5499 58.5562 58.6145 58.7332 58.8171 58.9124 59.0664 59.0792 59.0741 59.1091 59.0755 59.0652 59.0889 59.0990 59.1131 59.1321 59.1437 59.1826 59.1657 59.1644 59.1546 59.0892 59.0556 59.0168 59.0178 59.0235 59.0303 59.0705 59.0838 59.0829 59.0723 59.0816 59.1060 59.0920 59.1013 59.0968 59.1100
58.1586 58.1755 58.1911 58.1952 58.2119 58.2394 58.2354 58.2790 58.3229 58.3033 58.2914 58.3106 58.3171 58.3470 58.3677 58.3620 58.3884 58.4412 58.4151 58.4381 58.5293 58.5977 58.6116 58.6357 58.6877 58.7570 58.7324 58.6508 58.6006 58.5558 58.5085 58.5185 58.5833 58.7101 58.8438 58.9678 59.0768 59.0923 59.0661 59.0733 59.0252 59.0531 59.0709 59.0930 59.0854 59.0956 59.1191 59.1577 59.1789 59.2155 59.2020 59.1287 59.0956 59.0220 59.0219 59.0238 59.0099 59.0228 59.0379 59.0448 59.0215 59.0117 59.0219 59.0162 59.0628 59.0540 59.0410
58.1901 58.1893 58.2029 58.1740 58.2001 58.2518 58.2659 58.3187 58.3622 58.3631 58.3350 58.3644 58.3720 58.3866 58.4207 58.4280 58.4293 58.4358 58.4608 58.4699 58.5257 58.5471 58.5657 58.6195 58.6818 58.7526 58.7175 58.6159 58.5451 58.5105 58.5048 58.5320 58.6083 58.7143 58.8554 58.9743 59.0542 59.0524 59.0430 59.0534 59.0279 59.0484 59.0658 59.0960 59.1079 59.1041 59.1160 59.1370 59.1590 59.2070 59.1918 59.1386 59.1118 59.0529 59.0290 59.0091 58.9847 58.9663 58.9381 58.9447 58.9215 58.8965 58.8823 58.8776 58.8932 58.9032 58.8969
58.2425 58.2370 58.1950 58.1455 58.1789 58.2231 58.2792 58.3702 58.4235 58.4040 58.3793 58.3797 58.3809 58.3945 58.4297 58.4464 58.4503 58.4650 58.4904 58.4698 58.5047 58.5574 58.5892 58.6521 58.7103 58.7480 58.7046 58.5756 58.4391 58.4456 58.4912 58.5550 58.6286 58.7419 58.8746 58.9974 59.0541 59.0419 59.0306 59.0360 59.0287 59.0554 59.0873 59.1291 59.1635 59.1526 59.1614 59.1704 59.1624 59.2016 59.1507 59.1092 59.0915 59.0489 59.0016 58.9717 58.9697 58.9142 58.8734 58.8512 58.8027 58.8017 58.8164 58.8402 58.8676 58.8635 58.9577
58.3200 58.2777 58.2344 58.2022 58.2027 58.2235 58.2594 58.3531 58.4044 58.4391 58.4380 58.4223 58.4091 58.4117 58.4359 58.4493 58.4368 58.4520 58.5195 58.5132 58.5000 58.5407 58.5482 58.5977 58.6663 58.7142 58.7153 58.6035 58.4569 58.3892 58.4657 58.5468 58.5945 58.7458 58.9088 59.0620 59.1111 59.0962 59.0746 59.0681 59.0653 59.0902 59.1108 59.1562 59.1880 59.1759 59.2139 59.2141 59.1896 59.1940 59.1665 59.1162 59.1003 59.0789 59.0078 58.9441 58.9298 58.9455 58.8779 58.8401 58.8060 58.8028 58.8295 58.8265 58.8623 58.8875 58.8627
58.3332 58.3192 58.2973 58.2882 58.2833 58.2657 58.2703 58.3402 58.4184 58.4425 58.4888 58.4925 58.4670 58.4407 58.4305 58.4430 58.4371 58.4512 58.4899 58.4791 58.5178 58.5397 58.5345 58.5864 58.5966 58.6507 58.6872 58.5798 58.4465 58.3922 58.4800 58.6079 58.6673 58.8200 58.9884 59.0354 59.0956 59.0900 58.9968 59.0944 59.1219 59.1936 59.1762 59.2190 59.2692 59.2615 59.2635 59.2625 59.2720 59.2531 59.2263 59.1936 59.1650 59.1009 59.0226 58.9686 58.9546 58.9159 58.8709 58.8228 58.7802 58.7699 58.7869 58.7969 58.8107 58.8557 58.8453
58.4491 58.3778 58.3437 58.3016 58.3005 58.3062 58.3027 58.3679 58.4396 58.4508 58.5163 58.5324 58.5008 58.4582 58.4681 58.4830 58.4802 58.4967 58.4994 58.4901 58.5542 58.5616 58.5571 58.6104 58.5912 58.6318 58.6530 58.6064 58.4804 58.4142 58.4653 58.5894 58.6696 58.8163 59.0261 59.1166 59.1329 59.1380 59.1398 59.1358 59.1854 59.1482 59.1859 59.2593 59.3326 59.3179 59.2711 59.2740 59.2872 59.2490 59.2365 59.2401 59.2217 59.1587 59.0863 59.0296 58.9993 58.9700 58.9252 58.8796 58.8484 58.8400 58.8480 58.8466 58.8650 58.8852 58.8837
58.4946 58.4635 58.4077 58.3651 58.3667 58.3688 58.3447 58.3510 58.4459 58.4435 58.4990 58.5586 58.5388 58.4901 58.5086 58.4989 58.5395 58.5547 58.5776 58.5561 58.6261 58.6494 58.6097 58.6514 58.6522 58.6385 58.6700 58.5920 58.4605 58.4386 58.4780 58.6264 58.6868 58.8970 59.0560 59.0954 59.1165 59.1348 59.1815 59.1874 59.2484 59.2724 59.3062 59.3196 59.2477 59.2489 59.2354 59.2685 59.2657 59.2699 59.2635 59.3091 59.2838 59.2660 59.2001 59.1343 59.0969 59.0446 58.9930 58.9447 58.9192 58.9284 58.9102 58.9159 58.9111 58.9176 58.9302
58.5384 58.5313 58.4369 58.3938 58.4156 58.3928 58.3884 58.3969 58.4513 58.4355 58.5363 58.5847 58.5780 58.5405 58.5490 58.5634 58.5712 58.5696 58.5779 58.5472 58.6048 58.6327 58.6292 58.6577 58.6587 58.6631 58.6306 58.6037 58.4932 58.4905 58.5462 58.6123 58.6985 58.9066 59.0964 59.1518 59.1586 59.1481 59.2174 59.2405 59.2856 59.3153 59.3184 59.3302 59.3060 59.3191 59.2843 59.2637 59.2563 59.2232 59.2492 59.2712 59.3333 59.3248 59.3025 59.2616 59.2469 59.1772 59.1228 59.0784 59.0455 59.0510 59.0217 59.0045 59.0049 58.9681 58.9557
58.6037 58.5981 58.5444 58.4966 58.4692 58.4360 58.3922 58.3976 58.4534 58.4399 58.4914 58.5386 58.4927 58.4587 58.4672 58.5266 58.5724 58.6018 58.6311 58.6325 58.5977 58.6149 58.6196 58.6220 58.6239 58.5972 58.5914 58.6140 58.5183 58.5028 58.5339 58.6159 58.7214 58.9254 59.1082 59.1796 59.1487 59.1149 59.2015 59.2505 59.2962 59.3346 59.3172 59.3332 59.3216 59.2914 59.2530 59.2388 59.2527 59.2180 59.2461 59.3215 59.3733 59.4093 59.3727 59.3400 59.4017 59.3545 59.3254 59.3041 59.2556 59.2365 59.1808 59.1328 59.0995 59.0371 59.0452
58.5739 58.5583 58.5091 58.4715 58.4712 58.4304 58.3867 58.3964 58.4233 58.4333 58.4922 58.5639 58.5270 58.4832 58.4804 58.5455 58.5585 58.6037 58.6278 58.6403 58.6353 58.6192 58.6108 58.6189 58.5937 58.5788 58.5515 58.5777 58.5214 58.5308 58.5121 58.6190 58.7813 58.9621 59.1157 59.1617 59.1195 59.0850 59.1514 59.2364 59.3184 59.3284 59.3344 59.3178 59.2859 59.2609 59.2243 59.2325 59.2381 59.1992 59.2119 59.2951 59.4017 59.4242 59.4503 59.4681 59.4450 59.4647 59.4218 59.4722 59.4159 59.3685 59.3122 59.2668 59.2249 59.2139 59.1992
58.5229 58.5187 58.5156 58.4969 58.4865 58.4572 58.4166 58.4212 58.4484 58.4608 58.4799 58.4891 58.4815 58.5105 58.5038 58.5562 58.6044 58.6338 58.6253 58.6302 58.6437 58.5753 58.5596 58.5602 58.5744 58.5614 58.5650 58.6002 58.5311 58.5437 58.5315 58.6165 58.8151 58.9808 59.1301 59.1485 59.1010 59.0789 59.1214 59.2078 59.2771 59.3155 59.3048 59.2757 59.2504 59.2192 59.1925 59.1972 59.1794 59.1523 59.1907 59.2980 59.4079 59.4667 59.4786 59.4889 59.5208 59.5290 59.5850 59.5832 59.5820 59.5314 59.4507 59.3740 59.2633 59.2057 59.2630
58.5231 58.5182 58.5123 58.5016 58.4907 58.4860 58.4710 58.4519 58.4808 58.4761 58.5098 58.5224 58.5184 58.5301 58.5100 58.5282 58.5540 58.5888 58.6161 58.6073 58.6052 58.5569 58.5366 58.5253 58.5256 58.4842 58.5127 58.5503 58.5180 58.5260 58.5278 58.6111 58.7942 58.9663 59.1355 59.1705 59.1327 59.1128 59.1210 59.1624 59.2334 59.2852 59.2461 59.2219 59.2242 59.1935 59.1760 59.1769 59.1625 59.1547 59.2279 59.3207 59.4280 59.4976 59.5280 59.5345 59.5540 59.5821 59.6332 59.6831 59.6873 59.6577 59.6170 59.5496 59.4693 59.3861 59.3712
58.5575 58.5228 58.5223 58.5081 58.4940 58.4955 58.4951 58.4850 58.4990 58.4743 58.5028 58.5138 58.5179 58.5317 58.5130 58.5299 58.5259 58.5698 58.5736 58.5728 58.5703 58.5221 58.4687 58.4607 58.4732 58.5092 58.5266 58.5725 58.4899 58.5225 58.5202 58.6180 58.8121 58.9922 59.1386 59.1906 59.1491 59.1158 59.1171 59.1536 59.1989 59.2481 59.2445 59.2128 59.2156 59.1764 59.1703 59.1521 59.1782 59.1960 59.2708 59.3463 59.4329 59.5179 59.5445 59.5537 59.6076 59.6161 59.7035 59.7488 59.7520 59.7516 59.7106 59.6440 59.5107 59.4128 59.4056
58.6109 58.5907 58.5568 58.5298 58.5131 58.5212 58.4996 58.5100 58.5057 58.4847 58.4790 58.5028 58.5212 58.5602 58.5270 58.5436 58.5182 58.5082 58.5725 58.5711 58.5120 58.5047 58.4560 58.4182 58.3993 58.3996 58.4392 58.5551 58.5212 58.5417 58.5734 58.6465 58.8288 58.9744 59.1175 59.2177 59.2086 59.1842 59.1353 59.1783 59.1683 59.2246 59.2265 59.1919 59.1872 59.1468 59.1617 59.1759 59.1963 59.2291 59.2812 59.3702 59.4398 59.5223 59.5601 59.5832 59.6243 59.6782 59.7348 59.7846 59.7981 59.7556 59.7254 59.6605 59.5408 59.4716 59.4053
58.6324 58.6155 58.5688 58.5397 58.5101 58.5197 58.5520 58.5342 58.5359 58.5173 58.5126 58.5297 58.5673 58.5852 58.5403 58.5554 58.5314 58.5253 58.5677 58.5320 58.4956 58.4624 58.4400 58.4142 58.3887 58.3795 58.4262 58.4933 58.4707 58.5167 58.5615 58.6395 58.7763 58.9041 59.0011 59.1661 59.2764 59.2599 59.1379 59.2210 59.1688 59.2109 59.2043 59.1538 59.1398 59.0962 59.1295 59.1796 59.2198 59.2485 59.2884 59.3532 59.4381 59.5008 59.5890 59.6023 59.6331 59.6961 59.7572 59.7936 59.8147 59.7886 59.7324 59.6440 59.5405 59.4675 59.4268
58.6253 58.6119 58.6148 58.5872 58.5583 58.5424 58.5446 58.5366 58.5716 58.5481 58.5590 58.5598 58.5876 58.5924 58.5426 58.5577 58.5384 58.5145 58.5039 58.4776 58.4496 58.4391 58.3997 58.3848 58.4126 58.4143 58.4678 58.5065 58.4865 58.4919 58.5193 58.5972 58.7460 58.8642 58.9595 59.1113 59.2399 59.2306 59.1575 59.2315 59.2173 59.2550 59.2776 59.2194 59.1341 59.1079 59.1412 59.1972 59.2301 59.2492 59.2844 59.3049 59.3786 59.4448 59.5325 59.5623 59.6249 59.7188 59.7845 59.8132 59.8153 59.7744 59.7124 59.6279 59.5563 59.4999 59.4745
58.5442 58.5715 58.5533 58.5413 58.5625 58.5638 58.5405 58.5127 58.5413 58.5419 58.5522 58.5688 58.6039 58.6407 58.6041 58.5920 58.5426 58.5161 58.4711 58.4451 58.4417 58.4245 58.4291 58.3832 58.4404 58.4417 58.5087 58.5401 58.5211 58.4798 58.5227 58.6082 58.7562 58.8517 58.9914 59.1682 59.2595 59.2758 59.2114 59.2942 59.2823 59.2818 59.2894 59.2398 59.2172 59.2163 59.2198 59.2184 59.1894 59.1800 59.1873 59.2165 59.3029 59.3492 59.4671 59.5262 59.5892 59.6849 59.7913 59.7991 59.8113 59.7530 59.6940 59.6182 59.5698 59.5410 59.5293
58.5222 58.5336 58.6157 58.5384 58.5659 58.5603 58.5550 58.5337 58.5450 58.5319 58.5458 58.5874 58.6025 58.6447 58.5942 58.5706 58.5386 58.4790 58.4214 58.4010 58.3908 58.3890 58.3613 58.3981 58.4522 58.4827 58.5505 58.6281 58.6044 58.5930 58.6431 58.6646 58.7890 58.9046 59.0099 59.1667 59.2816 59.2999 59.2185 59.3116 59.3245 59.3378 59.3451 59.3030 59.2674 59.2535 59.2347 59.2575 59.2932 59.2466 59.2056 59.2154 59.2361 59.2911 59.3518 59.3784 59.4934 59.6413 59.7646 59.7930 59.8125 59.7769 59.6973 59.6137 59.5601 59.5768 59.5670
58.4237 58.4345 58.4980 58.5531 58.5521 58.6156 58.6260 58.5810 58.5820 58.5737 58.5459 58.5629 58.5630 58.5836 58.5396 58.5177 58.4891 58.4221 58.3712 58.3566 58.3827 58.4164 58.3928 58.4416 58.4872 58.5433 58.5566 58.6318 58.6324 58.6730 58.7183 58.7197 58.8143 58.8961 59.0086 59.1490 59.3225 59.3664 59.2934 59.4010 59.3756 59.3459 59.3239 59.3197 59.2927 59.2970 59.2548 59.2497 59.2344 59.1808 59.2085 59.2101 59.2601 59.3200 59.3630 59.4870 59.4528 59.5925 59.6646 59.7734 59.7847 59.7354 59.6663 59.6110 59.5933 59.5958 59.5783
58.4171 58.3970 58.4389 58.4787 58.5197 58.5457 58.5588 58.5953 58.6303 58.5919 58.5664 58.5779 58.6092 58.5787 58.5585 58.5129 58.4599 58.3927 58.3160 58.3403 58.3461 58.3835 58.3863 58.4251 58.4795 58.5379 58.5577 58.6390 58.6450 58.6864 58.7235 58.7313 58.7848 58.8861 58.9662 59.0761 59.2371 59.3338 59.3252 59.3977 59.4199 59.3907 59.3480 59.3392 59.3186 59.2925 59.2717 59.2605 59.2689 59.2197 59.2159 59.1869 59.2286 59.2777 59.3574 59.3965 59.4357 59.5528 59.7170 59.7801 59.8196 59.7477 59.5683 59.6125 59.5853 59.5823 59.5867
58.4263 58.4107 58.4374 58.4758 58.5145 58.5526 58.5845 58.6263 58.6778 58.6589 58.6720 58.6747 58.6413 58.6148 58.5842 58.5504 58.4754 58.3756 58.2811 58.2906 58.2777 58.3258 58.3332 58.4136 58.4814 58.5541 58.5516 58.5927 58.5999 58.6564 58.6868 58.7262 58.7631 58.8393 58.9137 58.9912 59.1564 59.2919 59.3372 59.4192 59.4393 59.4089 59.3614 59.3445 59.3384 59.3267 59.2949 59.2647 59.2587 59.2131 59.1672 59.1603 59.1994 59.2438 59.3050 59.3516 59.4060 59.4823 59.5856 59.6559 59.7077 59.6494 59.6510 59.6307 59.6138 59.5409 59.5271
