regresion/ABRIL_2003_CORREGIDOS/MODIS/Composicion (B10).txt
ncols         167
nrows         127
xllcorner     -112.016
yllcorner     26.721
cellsize      0.00898
[rows 58 to 86 of 127, columns 0 to 66 of 167]
58.1486 58.1691 58.1758 58.1801 58.1457 58.1094 58.1041 58.1214 58.1646 58.1452 58.1297 58.0889 58.0618 58.0024 57.9806 57.9689 58.0497 58.1916 58.2551 58.2378 58.1983 58.1621 58.2101 58.2618 58.3108 58.2963 58.1819 58.1175 58.1127 58.1132 58.1183 58.0791 58.0546 58.0389 58.0146 57.9663 57.9776 57.9809 57.9760 57.9969 58.0712 58.0577 57.9942 58.0103 57.9593 57.9830 57.9533 57.9670 57.9431 57.9197 57.9063 57.8770 57.8947 57.8701 57.8699 57.8537 57.8115 57.7969 57.7826 57.7613 57.8018 57.8113 57.8207 57.8113 57.8276 57.8351 57.8560
58.2546 58.2675 58.2679 58.2819 58.2625 58.2136 58.1952 58.1558 58.1541 58.1508 58.1321 58.0911 58.0453 57.9799 57.9467 57.9290 57.9998 58.0920 58.2157 58.2361 58.2094 58.1562 58.2141 58.2478 58.2459 58.2646 58.2343 58.1719 58.1148 58.1098 58.1589 58.1248 58.1072 58.0609 58.0549 58.0210 57.9853 57.9918 57.9913 58.0094 58.0133 58.0259 58.0066 57.9777 57.9841 57.9988 57.9924 58.0009 58.0087 57.9983 57.9578 57.9606 57.9801 57.9581 57.9214 57.9514 57.9111 57.9074 57.8584 57.8351 57.8432 57.8395 57.8269 57.8226 57.8414 57.8314 57.8430
58.3182 58.3062 58.3400 58.3450 58.3248 58.3080 58.2725 58.2227 58.2067 58.1879 58.1362 58.0766 58.0147 57.9569 57.9279 57.9129 57.9540 58.0603 58.2107 58.2327 58.2276 58.1475 58.1857 58.1981 58.1627 58.1785 58.2124 58.1920 58.1368 58.0738 58.1330 58.1187 58.0740 58.0662 58.0378 58.0216 58.0153 58.0328 58.0221 58.0164 58.0145 58.0429 58.0108 58.0018 57.9940 58.0191 58.0159 58.0651 58.0524 58.0552 58.0471 58.0421 58.0641 58.0544 58.0270 57.9897 57.9723 57.8747 57.8632 57.9259 57.9415 57.9368 57.9056 57.9128 57.9130 57.8849 57.9362
58.3577 58.3453 58.3705 58.3860 58.3957 58.3560 58.3048 58.2144 58.2095 58.1975 58.1571 58.0827 58.0239 57.9926 57.9477 57.9203 57.9552 58.0092 58.1492 58.2128 58.1994 58.1322 58.1264 58.1642 58.1378 58.1445 58.1588 58.1563 58.0804 58.0111 58.0562 58.0770 58.0521 58.0626 58.0745 58.1016 58.0825 58.0987 58.0973 58.0669 58.0327 58.0459 58.0292 58.0140 58.0124 58.0474 58.0724 58.0884 58.0679 58.0761 58.0624 58.0551 58.0614 58.0811 58.1059 58.0602 58.0219 57.9990 57.9647 57.9271 57.8891 57.8836 57.9057 57.9192 57.9695 57.9685 57.9795
58.4111 58.3973 58.3791 58.3957 58.4336 58.3836 58.3187 58.2151 58.1950 58.1475 58.1063 58.0481 58.0331 57.9903 57.9498 57.9815 57.9870 58.0533 58.2155 58.2608 58.2034 58.0908 58.0268 58.0513 58.0728 58.1116 58.1048 58.1362 58.1403 58.0702 58.0590 58.0660 58.0706 58.0566 58.0741 58.1137 58.0975 58.1312 58.1540 58.1403 58.1340 58.1243 58.1101 58.0809 58.0616 58.0894 58.1025 58.1038 58.0548 58.0699 58.0598 58.0754 58.0699 58.0721 58.1219 58.0970 58.0471 58.0446 58.0073 57.9642 57.9669 57.9765 57.9831 57.9876 58.0040 58.0019 58.0512
58.4657 58.4479 58.4320 58.4089 58.4168 58.3895 58.3386 58.1990 58.1521 58.0702 58.0418 58.0158 58.0072 57.9233 57.9339 57.9457 58.0047 58.0877 58.2761 58.3011 58.2571 58.1576 58.0953 58.0890 58.0731 58.0890 58.0698 58.0819 58.1263 58.1042 58.0954 58.0733 58.0741 58.0687 58.0996 58.1324 58.1266 58.1723 58.1743 58.1647 58.1805 58.1976 58.1932 58.1889 58.1585 58.1671 58.1687 58.1440 58.1020 58.1141 58.1056 58.1032 58.1050 58.0983 58.1352 58.1249 58.1121 58.0668 58.0045 57.9853 58.0103 58.0316 58.0563 58.0653 58.0875 58.0794 58.1245
58.5320 58.5092 58.4618 58.4009 58.3925 58.3428 58.2614 58.1140 58.0551 58.0069 58.0030 58.0438 58.0791 58.0107 58.0131 58.0463 58.0822 58.1538 58.2794 58.3028 58.2567 58.1918 58.1305 58.1380 58.1006 58.0959 58.0692 58.0476 58.0305 58.0780 58.0803 58.0432 58.0209 58.0574 58.1141 58.1802 58.1679 58.2209 58.2398 58.2179 58.2175 58.2453 58.2433 58.2345 58.2156 58.2247 58.2148 58.1947 58.1428 58.1445 58.1440 58.1392 58.1312 58.1128 58.1112 58.0986 58.1082 58.0877 58.0251 58.0349 58.0652 58.0853 58.1359 58.1385 58.1334 58.1291 58.1332
58.4987 58.4803 58.4419 58.3895 58.4016 58.3626 58.3111 58.2108 58.1516 58.0778 58.0850 58.1558 58.1550 58.1101 58.1175 58.1726 58.2155 58.2793 58.3603 58.3696 58.3773 58.3040 58.2284 58.2247 58.1708 58.1242 58.0657 58.0503 58.0262 58.0298 58.0578 58.0255 58.0094 58.1000 58.1739 58.2387 58.2288 58.2862 58.2606 58.2327 58.2254 58.2502 58.2313 58.2144 58.2147 58.2363 58.2449 58.2339 58.1837 58.1985 58.1847 58.1767 58.1747 58.1570 58.1632 58.1295 58.1178 58.0929 58.0468 58.0644 58.1251 58.1464 58.1544 58.1690 58.1705 58.1329 58.1500
58.5928 58.5674 58.5363 58.4794 58.4266 58.3652 58.3264 58.2480 58.2080 58.1716 58.2338 58.3034 58.2952 58.2868 58.3110 58.3547 58.3583 58.4347 58.4973 58.4776 58.4553 58.4621 58.3855 58.3810 58.2809 58.2295 58.1631 58.0820 58.0573 58.0490 58.0594 58.0503 58.1138 58.1941 58.2304 58.2991 58.2534 58.3081 58.2969 58.2569 58.2302 58.2455 58.2515 58.2463 58.2359 58.2552 58.2860 58.2779 58.2665 58.2583 58.2038 58.2090 58.2163 58.2009 58.1961 58.1632 58.1497 58.0981 58.0322 58.0605 58.1059 58.1613 58.1724 58.1652 58.1496 58.1168 58.1573
58.6322 58.6189 58.6000 58.5782 58.5103 58.4412 58.3936 58.3357 58.2960 58.2895 58.4060 58.4538 58.4351 58.3890 58.3847 58.4340 58.4323 58.4715 58.5689 58.5266 58.5253 58.4950 58.4830 58.4539 58.4077 58.3494 58.2824 58.1741 58.1039 58.0750 58.0934 58.1002 58.1826 58.2349 58.2627 58.3334 58.3069 58.3552 58.3280 58.2963 58.2809 58.2488 58.2419 58.2883 58.2802 58.2929 58.3117 58.3266 58.3276 58.3402 58.2939 58.2935 58.2889 58.2677 58.2503 58.2049 58.2017 58.1639 58.1198 58.1428 58.1779 58.2225 58.2342 58.2198 58.2223 58.1739 58.1792
58.7053 58.6674 58.6470 58.6286 58.5749 58.5024 58.4553 58.3973 58.3716 58.3798 58.4759 58.5209 58.5454 58.4641 58.3769 58.4367 58.4239 58.5017 58.5508 58.5455 58.5342 58.5571 58.5740 58.5901 58.5062 58.3960 58.3203 58.2185 58.1533 58.1304 58.1152 58.1821 58.2896 58.3398 58.3294 58.3694 58.3702 58.4011 58.3809 58.3686 58.3718 58.3584 58.3337 58.2993 58.3034 58.3424 58.3431 58.3656 58.3574 58.4026 58.3559 58.3851 58.3619 58.3548 58.3370 58.2991 58.3181 58.3246 58.2548 58.2518 58.2934 58.3209 58.3385 58.3274 58.3162 58.2492 58.2371
58.8867 58.8178 58.7542 58.6837 58.6254 58.5652 58.4966 58.4429 58.4872 58.5163 58.6189 58.6511 58.6786 58.5302 58.4367 58.4500 58.4898 58.5152 58.5269 58.4813 58.5097 58.5718 58.6042 58.6108 58.5452 58.4369 58.3422 58.2871 58.2164 58.1241 58.1442 58.2457 58.3521 58.4132 58.4224 58.3789 58.3575 58.3775 58.3600 58.3317 58.3737 58.3818 58.3526 58.3499 58.3452 58.3731 58.3797 58.3819 58.4057 58.4354 58.4161 58.4139 58.4191 58.4314 58.4145 58.4422 58.4388 58.4382 58.3592 58.3523 58.3678 58.4289 58.4111 58.4259 58.3995 58.3372 58.3184
59.0272 58.8840 58.7653 58.7228 58.6454 58.6032 58.5630 58.5237 58.5687 58.5963 58.6805 58.7133 58.6445 58.5551 58.5006 58.5111 58.5343 58.5334 58.5409 58.4842 58.5365 58.5631 58.5854 58.5989 58.5494 58.4439 58.3436 58.2778 58.2178 58.1605 58.1940 58.3061 58.3939 58.4360 58.4330 58.3342 58.3172 58.3057 58.2548 58.2519 58.3293 58.3846 58.4215 58.4268 58.4116 58.4574 58.4523 58.4545 58.4573 58.4856 58.4760 58.4781 58.4738 58.4727 58.4664 58.4625 58.4615 58.4572 58.3996 58.3960 58.4042 58.4542 58.4663 58.4873 58.4554 58.3916 58.3941
59.4863 59.1675 58.9179 58.8808 58.7850 58.7304 58.6931 58.6803 58.6923 58.7074 58.7107 58.6532 58.5635 58.5243 58.5364 58.5755 58.6065 58.5937 58.5645 58.5216 58.5761 58.5900 58.5830 58.5964 58.5210 58.3964 58.3021 58.1968 58.1147 58.1638 58.2180 58.3522 58.3918 58.4024 58.4122 58.3993 58.3687 58.3034 58.2418 58.2681 58.3143 58.3717 58.4155 58.4321 58.4322 58.4790 58.4760 58.4843 58.4840 58.5148 58.4969 58.5216 58.5602 58.5720 58.5678 58.5778 58.5227 58.5092 58.4536 58.4356 58.4245 58.4800 58.5300 58.5521 58.5582 58.5017 58.4575
60.0966 59.4521 59.0010 58.9873 58.8992 58.8151 58.8013 58.7830 58.7747 58.6944 58.5942 58.5387 58.4702 58.4607 58.5601 58.5228 58.5770 58.5491 58.5253 58.5502 58.6513 58.5863 58.5292 58.5096 58.4349 58.3533 58.2980 58.2618 58.2235 58.2553 58.3246 58.4047 58.4081 58.3853 58.3916 58.3729 58.3562 58.3448 58.2771 58.2979 58.3383 58.3582 58.3756 58.4589 58.4812 58.5208 58.5346 58.5402 58.5511 58.5751 58.5638 58.5633 58.5917 58.6022 58.6143 58.6094 58.5904 58.5612 58.5321 58.5356 58.5623 58.5457 58.5674 58.5623 58.5750 58.5416 58.5293
60.2155 59.3974 59.0787 59.0515 58.9670 58.9007 58.8836 58.8635 58.7962 58.6312 58.5256 58.4918 58.4093 58.3562 58.4081 58.4391 58.4309 58.4202 58.4462 58.5328 58.6249 58.4833 58.5239 58.5053 58.4399 58.3943 58.3511 58.3253 58.3048 58.3424 58.3965 58.4376 58.4260 58.3979 58.3709 58.3410 58.3507 58.3835 58.3513 58.3526 58.3900 58.4280 58.4204 58.4580 58.5016 58.5521 58.6283 58.6413 58.6329 58.6274 58.6041 58.6386 58.6380 58.6234 58.6342 58.6037 58.6076 58.5814 58.5443 58.5563 58.5828 58.5842 58.5561 58.5629 58.5763 58.5507 58.5586
60.2459 59.3056 59.1788 59.0513 58.9601 58.8950 58.8488 58.7421 58.6658 58.6051 58.5833 58.5227 58.4421 58.3944 58.3945 58.4119 58.4301 58.4492 58.5193 58.5929 58.6334 58.5620 58.5186 58.4882 58.4209 58.3916 58.3748 58.3459 58.3839 58.4052 58.4335 58.4334 58.4180 58.3948 58.3423 58.3212 58.2945 58.3340 58.3551 58.3571 58.3982 58.4535 58.4700 58.4866 58.4863 58.5602 58.6164 58.6634 58.6656 58.6916 58.6405 58.6244 58.6459 58.6143 58.6349 58.6132 58.5989 58.6087 58.5648 58.5635 58.6071 58.5959 58.5805 58.5759 58.5777 58.5535 58.5627
59.9526 59.1752 59.0914 58.9983 58.9053 58.8433 58.8045 58.7603 58.7938 58.7281 58.6506 58.5709 58.5276 58.5156 58.4962 58.4922 58.5096 58.5095 58.5230 58.5494 58.5608 58.5181 58.5164 58.5018 58.4795 58.4416 58.4243 58.4109 58.3948 58.4114 58.4365 58.4358 58.4063 58.3780 58.3603 58.3436 58.3071 58.3393 58.3498 58.3408 58.3891 58.4432 58.4583 58.5336 58.5467 58.6513 58.6334 58.6488 58.6431 58.6696 58.6246 58.6233 58.6402 58.6351 58.6623 58.6723 58.6629 58.6913 58.6557 58.6673 58.6884 58.6522 58.6145 58.5951 58.5608 58.5635 58.5608
59.7339 59.3162 59.1539 59.0131 58.8939 58.7785 58.7410 58.7216 58.7338 58.7320 58.6952 58.6645 58.6757 58.6339 58.6525 58.6159 58.6224 58.6286 58.5646 58.4943 58.5031 58.4791 58.4631 58.4766 58.4812 58.5186 58.5038 58.4970 58.4580 58.4436 58.4400 58.4565 58.4305 58.4247 58.3938 58.3813 58.3599 58.3847 58.3699 58.3548 58.3816 58.4074 58.4045 58.4818 58.5680 58.6628 58.6627 58.6429 58.6046 58.6063 58.6067 58.6189 58.6315 58.6221 58.6367 58.6268 58.5889 58.5945 58.5885 58.6099 58.6320 58.6476 58.5977 58.5873 58.5738 58.5325 58.5305
59.5444 59.3434 59.1870 59.0422 58.8949 58.7818 58.7335 58.6991 58.6850 58.7021 58.7257 58.7480 58.7664 58.6972 58.6820 58.6189 58.6739 58.6144 58.5244 58.4416 58.4162 58.4297 58.4844 58.5020 58.5867 58.6234 58.6097 58.5574 58.5173 58.4955 58.5046 58.5011 58.5066 58.5035 58.4898 58.4599 58.4343 58.4478 58.4519 58.4372 58.4478 58.4620 58.4254 58.4546 58.5139 58.5735 58.6114 58.6119 58.5866 58.5645 58.5413 58.5807 58.6132 58.5604 58.5685 58.5618 58.5088 58.4990 58.5272 58.5515 58.5939 58.6558 58.6474 58.6099 58.6028 58.5557 58.5314
59.4218 59.3138 59.2191 59.1098 58.9318 58.7631 58.6925 58.6863 58.7467 58.7995 58.7948 58.8358 58.8341 58.7551 58.7242 58.6965 58.7350 58.6677 58.5382 58.4533 58.3991 58.4208 58.4909 58.5633 58.6338 58.6544 58.6621 58.6243 58.5738 58.5628 58.5753 58.6080 58.6042 58.5914 58.5696 58.5317 58.5150 58.5269 58.4999 58.5014 58.5293 58.5533 58.5049 58.4749 58.4886 58.4831 58.5014 58.5326 58.5053 58.4536 58.4430 58.5060 58.5569 58.5361 58.5409 58.5128 58.4898 58.4888 58.4859 58.5014 58.5393 58.6187 58.6682 58.6598 58.6386 58.5849 58.5413
59.6440 59.4957 59.3757 59.2695 59.0978 58.9300 58.8064 58.7834 58.8119 58.8280 58.8433 58.8783 58.8729 58.8129 58.7705 58.7417 58.7663 58.7260 58.5957 58.5094 58.4400 58.4534 58.5593 58.6548 58.6754 58.6896 58.6891 58.6485 58.6117 58.6180 58.6380 58.6451 58.6445 58.6262 58.5985 58.5536 58.5198 58.5321 58.5061 58.4984 58.5238 58.5433 58.4846 58.4832 58.4707 58.4878 58.4676 58.4329 58.4683 58.4660 58.4299 58.5287 58.5189 58.5374 58.5266 58.5149 58.4766 58.4091 58.3648 58.4002 58.4132 58.5007 58.5880 58.6437 58.6690 58.6272 58.5920
59.8514 59.6319 59.4445 59.3730 59.2439 59.0936 58.9675 58.9647 58.9609 58.8695 58.8496 58.8963 58.9036 58.8432 58.8141 58.8194 58.8056 58.7250 58.6191 58.5503 58.4593 58.4545 58.6056 58.6871 58.7334 58.7241 58.7119 58.6860 58.6417 58.6427 58.6443 58.6631 58.6470 58.6105 58.5622 58.5241 58.4861 58.5135 58.5046 58.5021 58.5283 58.5508 58.5434 58.5081 58.4973 58.5298 58.5160 58.4841 58.4575 58.4573 58.4371 58.4671 58.4813 58.5061 58.5364 58.5156 58.4996 58.4693 58.4457 58.4195 58.4355 58.4898 58.5361 58.6412 58.6710 58.6555 58.6320
62.5378 61.6504 60.5727 60.4210 59.5717 59.3943 59.2519 59.1090 59.0514 58.9656 58.9489 58.9500 58.8802 58.8432 58.7951 58.8455 58.8178 58.7289 58.6111 58.5301 58.4939 58.4752 58.5636 58.6578 58.7057 58.6980 58.6727 58.6431 58.6450 58.6184 58.5987 58.6154 58.6123 58.5700 58.5438 58.5256 58.5059 58.5382 58.5643 58.5859 58.5995 58.6295 58.6164 58.6147 58.5802 58.6083 58.5846 58.5498 58.5287 58.5250 58.4979 58.5095 58.4973 58.4545 58.4836 58.5292 58.5171 58.4814 58.4339 58.4039 58.3988 58.4161 58.4595 58.5161 58.5630 58.6022 58.5963
70.1797 68.7703 64.9598 63.0133 60.4281 59.9820 59.6547 59.3505 59.2521 59.1162 59.0599 59.0375 58.9921 58.9598 58.9335 58.8644 58.8279 58.7266 58.5595 58.5001 58.4143 58.4157 58.5356 58.5761 58.6189 58.6418 58.6270 58.6085 58.6339 58.6338 58.6283 58.6529 58.6437 58.6107 58.5869 58.5409 58.5271 58.5489 58.6025 58.6123 58.6319 58.6781 58.6652 58.6534 58.6504 58.6897 58.6599 58.6395 58.6079 58.6169 58.5824 58.5766 58.5875 58.5366 58.5148 58.5091 58.5188 58.5238 58.4965 58.4585 58.4506 58.4234 58.4391 58.4696 58.5014 58.5238 58.5590
81.9709 85.2863 76.0192 68.4570 63.2800 61.0417 60.2210 59.6827 59.5077 59.3343 59.2370 59.1985 59.0994 59.0347 58.9448 58.8400 58.7571 58.6524 58.5239 58.4986 58.4397 58.4599 58.5615 58.5695 58.6092 58.6355 58.6275 58.5944 58.6096 58.6307 58.6438 58.6590 58.6461 58.6379 58.6067 58.5651 58.5362 58.5479 58.5695 58.6049 58.5851 58.6631 58.6707 58.6623 58.7025 58.7385 58.7401 58.7227 58.7075 58.7013 58.6614 58.6260 58.6544 58.6405 58.6009 58.5640 58.5497 58.5096 58.5551 58.5426 58.5482 58.4991 58.4808 58.4636 58.4258 58.4350 58.4913
81.9617 87.5107 85.9783 74.4711 63.7237 64.7144 63.1184 61.7713 60.9852 60.1714 59.5134 59.4190 59.2644 59.1998 59.0796 58.8843 58.8332 58.6887 58.5547 58.5294 58.5147 58.5321 58.5633 58.5432 58.5840 58.5903 58.6042 58.5911 58.5694 58.5491 58.5739 58.5879 58.5758 58.5637 58.5531 58.5119 58.5008 58.5119 58.5379 58.5777 58.5834 58.6224 58.6425 58.6225 58.6327 58.6547 58.7270 58.7777 58.7604 58.7315 58.6572 58.6553 58.7143 58.6911 58.6361 58.5843 58.5089 58.4602 58.4227 58.5230 58.5599 58.6003 58.5527 58.5145 58.4731 58.4460 58.3987
89.0903 90.0907 87.9324 79.1491 76.7815 73.5721 70.7892 65.5824 64.9093 61.5163 60.6555 60.0222 59.6436 59.4309 59.2664 59.0500 58.9202 58.7358 58.6185 58.5604 58.6047 58.6303 58.6073 58.5823 58.5709 58.5634 58.5676 58.5889 58.5606 58.5316 58.5701 58.5604 58.5566 58.5686 58.5521 58.5242 58.4741 58.4908 58.4759 58.5100 58.5285 58.5748 58.5802 58.5859 58.5502 58.5836 58.6508 58.7326 58.7681 58.7931 58.6937 58.6831 58.7131 58.6972 58.6656 58.5959 58.5156 58.4241 58.3867 58.3939 58.4337 58.5054 58.4886 58.4716 58.4894 58.4772 58.4098
84.7178 85.0593 83.4929 79.4380 82.2274 86.4075 89.3924 82.8260 75.6260 65.4216 62.1272 61.0753 60.0787 59.5501 59.2998 59.1510 58.9726 58.8353 58.7218 58.6373 58.6876 58.7209 58.6991 58.6674 58.6298 58.5847 58.5685 58.5699 58.5666 58.5655 58.6134 58.6381 58.6182 58.6062 58.5942 58.5692 58.5061 58.5425 58.4977 58.4716 58.4993 58.5396 58.5453 58.5444 58.5569 58.5636 58.6274 58.6954 58.7522 58.7844 58.7588 58.7246 58.7306 58.6968 58.6569 58.6148 58.5432 58.4630 58.4231 58.3977 58.4399 58.3994 58.4106 58.4444 58.4804 58.4940 58.4171
