regresion/ABRIL_2003_CORREGIDOS/MODIS/Composicion (B10).txt
ncols         167
nrows         127
xllcorner     -112.016
yllcorner     26.721
cellsize      0.00898
[rows 87 to 115 of 127, columns 67 to 133 of 167]
58.4202 58.4524 58.5077 58.4835 58.5156 58.5599 58.5793 58.6359 58.6997 58.6950 58.6796 58.6858 58.6867 58.6444 58.6005 58.5159 58.4315 58.3830 58.3565 58.3332 58.2828 58.3261 58.3305 58.3914 58.4553 58.5308 58.5344 58.5457 58.5407 58.5901 58.6040 58.6716 58.7396 58.7950 58.8618 58.9212 59.0724 59.2450 59.3123 59.3928 59.4545 59.4361 59.3677 59.3345 59.3280 59.3009 59.2786 59.2450 59.2314 59.1982 59.1525 59.1403 59.1717 59.2304 59.2755 59.3271 59.3767 59.4550 59.4597 59.5010 59.4956 59.4263 59.4291 59.4238 59.4104 59.4431 59.4780
58.3870 58.4218 58.4836 58.5060 58.5082 58.5631 58.5918 58.6144 58.6667 58.6788 58.6722 58.6790 58.6474 58.6400 58.5906 58.5009 58.3948 58.3717 58.3264 58.3025 58.2799 58.3346 58.3501 58.4151 58.4547 58.5443 58.5600 58.6129 58.5378 58.5520 58.5910 58.6765 58.7168 58.7508 58.8043 58.8826 59.0287 59.1826 59.2828 59.3547 59.3940 59.4213 59.3799 59.3272 59.3239 59.2760 59.2637 59.2279 59.2416 59.2477 59.1878 59.1663 59.2024 59.2160 59.2306 59.2545 59.3109 59.2921 59.2431 59.2848 59.1156 59.1225 59.1964 59.2177 59.3076 59.3907 59.4453
58.4303 58.4278 58.4322 58.4718 58.5231 58.5762 58.6047 58.6323 58.6638 58.6726 58.6629 58.6479 58.6220 58.6091 58.5571 58.4805 58.4022 58.3434 58.3111 58.2918 58.2889 58.3501 58.3783 58.4149 58.4547 58.5076 58.5659 58.6028 58.5787 58.5533 58.5735 58.6325 58.6630 58.7494 58.7950 58.8546 58.9553 59.0892 59.2028 59.3110 59.3684 59.4058 59.3788 59.3271 59.3012 59.2821 59.2744 59.2614 59.2748 59.2773 59.2565 59.2261 59.2700 59.2749 59.2869 59.3020 59.3058 59.2478 59.1616 59.1455 59.1074 59.0477 59.0848 59.1040 59.1379 59.1972 59.2925
58.5356 58.4848 58.4631 58.4573 58.4831 58.5545 58.5826 58.6159 58.6562 58.6792 58.6567 58.6344 58.5980 58.5785 58.5150 58.4720 58.4001 58.3562 58.2966 58.2627 58.2903 58.3731 58.4097 58.4551 58.4769 58.5146 58.5227 58.5415 58.5314 58.5332 58.5406 58.5839 58.6599 58.7365 58.8521 58.8605 58.9025 59.0202 59.1129 59.2080 59.3310 59.3711 59.3952 59.3367 59.3018 59.2858 59.2866 59.3096 59.3313 59.3207 59.3103 59.3017 59.2971 59.3021 59.2939 59.2744 59.2280 59.1339 59.0143 58.9353 58.8797 58.8923 58.9302 58.9530 58.9849 59.0381 59.1055
58.6143 58.5896 58.5703 58.5281 58.5417 58.5467 58.5310 58.5056 58.5443 58.5754 58.5937 58.5458 58.5744 58.5581 58.5010 58.4725 58.3998 58.3453 58.2877 58.2615 58.2776 58.3798 58.4082 58.4405 58.4691 58.5180 58.5061 58.5256 58.5038 58.5251 58.5424 58.5835 58.6393 58.6920 58.7295 58.7989 58.8742 59.0143 59.1609 59.2370 59.2917 59.3191 59.4015 59.3952 59.3300 59.2995 59.2781 59.2932 59.3067 59.2868 59.2765 59.2530 59.2538 59.2349 59.1713 59.1325 59.0523 59.0003 58.9507 58.8616 58.8578 58.8944 58.9281 58.9387 58.9599 58.9710 59.0231
58.7235 58.7050 58.6662 58.6373 58.6040 58.5792 58.5358 58.4699 58.5116 58.4879 58.4191 58.4112 58.4419 58.4147 58.4648 58.4426 58.4116 58.3993 58.3631 58.3639 58.3607 58.4121 58.4120 58.4387 58.4311 58.4858 58.4902 58.5041 58.5123 58.4968 58.5080 58.5786 58.6249 58.6905 58.7167 58.7315 58.8425 58.9278 59.0112 59.0655 59.2066 59.3524 59.4531 59.4374 59.4194 59.3813 59.2582 59.2851 59.2441 59.2417 59.2388 59.2330 59.2354 59.1552 59.0662 59.0050 58.9522 58.9285 58.9332 58.8997 58.8694 58.8586 58.8930 58.9026 58.9158 58.9203 58.9831
58.8358 58.8495 58.7969 58.7349 58.6499 58.6499 58.6371 58.5642 58.5575 58.5130 58.4885 58.3856 58.3687 58.3328 58.3326 58.3330 58.3561 58.3778 58.3848 58.4051 58.3877 58.4327 58.4384 58.4610 58.4975 58.5180 58.4907 58.5179 58.5430 58.5593 58.5787 58.6519 58.6416 58.7239 58.7287 58.7151 58.7272 58.7982 58.9273 58.9331 59.0859 59.1835 59.3103 59.3648 59.3361 59.3263 59.2930 59.2744 59.3617 59.2566 59.2002 59.0948 59.0951 59.0050 58.8960 58.8691 58.8825 58.9065 58.9337 58.9049 58.8794 58.8613 58.8786 58.8733 58.8910 58.9148 58.9551
58.9314 58.9306 58.8674 58.7975 58.7641 58.7677 58.7520 58.6891 58.6689 58.6016 58.5226 58.4228 58.3526 58.2722 58.2285 58.2744 58.2532 58.3180 58.3400 58.3833 58.4268 58.4465 58.4777 58.4824 58.5138 58.5162 58.5154 58.5243 58.5060 58.5103 58.5269 58.6028 58.6577 58.7133 58.7205 58.7021 58.6879 58.7506 58.8607 58.8712 59.0096 59.1056 59.3088 59.3017 59.2402 59.2881 59.2111 59.1581 59.1009 59.0431 59.0498 59.0898 59.0091 58.9079 58.7559 58.7626 58.8135 58.8605 58.8725 58.8786 58.8691 58.8677 58.8749 58.8537 58.8949 58.9266 58.9336
58.8963 58.9032 58.9128 58.8535 58.8100 58.7667 58.7177 58.6898 58.6886 58.6838 58.6058 58.5543 58.4595 58.3709 58.3017 58.3054 58.2881 58.2954 58.3394 58.3482 58.3904 58.4664 58.4795 58.4844 58.4780 58.4961 58.5054 58.5327 58.5069 58.4574 58.4566 58.5306 58.5936 58.6619 58.6517 58.6480 58.6693 58.7214 58.7662 58.7617 58.8730 58.9598 59.1056 59.1670 59.1568 59.2218 59.1662 59.1669 59.0834 58.9939 59.0451 58.8886 58.9465 58.8034 58.7869 58.8323 58.8856 58.8610 58.9307 58.8876 58.9105 58.8721 58.8478 58.8715 58.8840 58.8699 58.8597
58.8661 58.8409 58.8543 58.8763 58.8706 58.8211 58.7931 58.7647 58.7586 58.7018 58.6725 58.6689 58.6339 58.5154 58.4887 58.4963 58.4153 58.3944 58.3249 58.2983 58.3534 58.4140 58.4741 58.5004 58.5103 58.4862 58.4751 58.5229 58.5122 58.4624 58.4388 58.4835 58.5250 58.5560 58.5824 58.6143 58.6276 58.6710 58.7284 58.7221 58.7854 58.8432 58.9355 58.9734 58.9821 59.0165 58.9874 58.9582 58.8835 58.8737 58.8877 58.8449 58.8368 58.8187 58.7545 58.7578 58.7901 58.8355 58.8526 58.8685 58.8756 58.8752 58.8746 58.8805 58.8949 58.8197 58.7758
58.8873 58.8735 58.9030 58.9170 58.9062 58.8730 58.8437 58.8336 58.8255 58.8008 58.7404 58.7053 58.6724 58.6234 58.5894 58.6048 58.5936 58.5460 58.4995 58.4297 58.4083 58.3523 58.3839 58.4235 58.5356 58.5223 58.4924 58.5049 58.4622 58.4353 58.4313 58.4710 58.4995 58.5215 58.5726 58.6021 58.6265 58.6620 58.7021 58.6759 58.7083 58.7444 58.8160 58.8842 58.9029 58.9065 58.8908 58.8575 58.8612 58.8578 58.8954 58.8410 58.8428 58.8141 58.7745 58.7632 58.7808 58.8146 58.8567 58.8521 58.8405 58.8545 58.8719 58.8800 58.8311 58.7089 58.6953
58.9018 58.8551 58.8875 58.8885 58.8930 58.8850 58.8682 58.8518 58.8492 58.8496 58.8390 58.7855 58.7504 58.7097 58.6615 58.6744 58.6744 58.6601 58.6219 58.5366 58.4697 58.4201 58.3602 58.3732 58.4839 58.4964 58.5276 58.5175 58.4155 58.3767 58.3724 58.3973 58.4411 58.5218 58.5622 58.6033 58.6258 58.6609 58.6913 58.6704 58.6520 58.6894 58.7601 58.8510 58.8988 58.9077 58.9181 58.8531 58.8736 58.8731 58.8870 58.8489 58.8487 58.7987 58.7355 58.7423 58.7642 58.8040 58.8167 58.8165 58.8161 58.8612 58.8842 58.8706 58.7724 58.6617 58.6662
58.9510 58.9367 58.9403 58.9222 58.9247 58.9064 58.8692 58.8599 58.8392 58.8422 58.8280 58.7940 58.7942 58.7936 58.7491 58.7487 58.7121 58.7016 58.6842 58.6264 58.5610 58.4934 58.4082 58.4304 58.4092 58.4172 58.4905 58.5547 58.4828 58.3540 58.3353 58.3433 58.3812 58.4544 58.5430 58.5880 58.6287 58.6584 58.6978 58.7016 58.6502 58.6448 58.7181 58.7794 58.8203 58.8754 58.8905 58.8489 58.8604 58.8651 58.8547 58.8151 58.8018 58.7195 58.6858 58.7013 58.7329 58.7662 58.7841 58.8077 58.8208 58.8563 58.8778 58.8452 58.7226 58.6049 58.6155
59.0036 59.0069 58.9993 58.9920 58.9845 58.9583 58.8910 58.8604 58.8457 58.8436 58.8235 58.8013 58.8258 58.8337 58.8327 58.8303 58.8154 58.7740 58.7484 58.7065 58.6604 58.5555 58.4811 58.5179 58.4645 58.4016 58.3784 58.4115 58.3920 58.3900 58.3716 58.3603 58.3994 58.4638 58.5167 58.5420 58.6085 58.6324 58.6069 58.6746 58.6478 58.6177 58.6602 58.7483 58.7823 58.8261 58.8621 58.8366 58.8487 58.8836 58.8657 58.8138 58.8217 58.7652 58.7232 58.6982 58.7265 58.7644 58.7999 58.8159 58.8602 58.8488 58.8741 58.8352 58.6875 58.5652 58.5719
59.0215 59.0313 59.0568 59.0435 59.0478 59.0424 58.9472 58.8988 58.8855 58.8510 58.8626 58.8304 58.8217 58.8251 58.8221 58.8376 58.8717 58.8499 58.7968 58.7642 58.7089 58.6277 58.5884 58.6245 58.5520 58.4483 58.3856 58.3640 58.3370 58.3366 58.3147 58.3221 58.3351 58.3589 58.4633 58.5263 58.5711 58.5706 58.5945 58.5944 58.6181 58.5645 58.5802 58.6521 58.7410 58.7775 58.8327 58.8430 58.8553 58.8808 58.8767 58.8375 58.8431 58.8001 58.7513 58.6884 58.7389 58.8058 58.8274 58.8348 58.8598 58.8653 58.8666 58.8145 58.6747 58.5519 58.5753
58.9824 59.0348 59.0600 59.0700 59.0790 59.0473 58.9758 58.8807 58.8692 58.8364 58.8251 58.8030 58.7615 58.7929 58.7599 58.7776 58.8271 58.8278 58.8367 58.7958 58.7039 58.6586 58.6349 58.6599 58.6123 58.5072 58.4291 58.3715 58.2829 58.2651 58.2367 58.2417 58.2996 58.3969 58.4254 58.4588 58.5108 58.5432 58.5426 58.5615 58.6106 58.6540 58.6425 58.6594 58.6803 58.7177 58.8186 58.7949 58.8146 58.8811 58.8683 58.8605 58.8634 58.8175 58.7611 58.7053 58.7182 58.8180 58.8352 58.8223 58.8418 58.8496 58.8456 58.7877 58.6494 58.5736 58.6170
58.9877 59.0024 59.0347 59.0207 59.0443 59.0320 58.9856 58.8557 58.8208 58.7575 58.7306 58.7487 58.7401 58.7403 58.7545 58.7482 58.7636 58.7548 58.7590 58.7631 58.6915 58.6310 58.6366 58.6724 58.6134 58.5478 58.5098 58.4916 58.3772 58.3313 58.2496 58.1723 58.3101 58.4464 58.4469 58.4504 58.4694 58.4925 58.5070 58.5334 58.5578 58.6364 58.6736 58.6877 58.7754 58.7885 58.8421 58.8515 58.8824 58.9125 58.8748 58.8359 58.8675 58.8156 58.7679 58.7107 58.7319 58.8221 58.8132 58.7974 58.8001 58.8039 58.7810 58.7166 58.6111 58.5853 58.6219
58.9966 58.9826 58.9964 59.0020 59.0091 59.0257 58.9843 58.8976 58.8490 58.7255 58.6464 58.6364 58.6421 58.6192 58.6128 58.6135 58.5966 58.6150 58.6466 58.6830 58.6190 58.6436 58.6798 58.6726 58.6255 58.6024 58.5867 58.5454 58.4361 58.3509 58.2619 58.1553 58.1895 58.3841 58.4667 58.4798 58.4851 58.5366 58.5267 58.5328 58.5703 58.6277 58.6742 58.7019 58.7030 58.7384 58.8038 58.8347 58.8904 58.9660 58.8989 58.9092 58.8838 58.8386 58.7840 58.6707 58.7321 58.7967 58.7787 58.7717 58.7431 58.7494 58.7376 58.6915 58.5946 58.5867 58.6025
58.9128 58.9209 58.9184 58.9469 58.9551 58.9689 58.9443 58.8517 58.7796 58.6940 58.5580 58.5247 58.5431 58.5361 58.5247 58.5283 58.5215 58.5406 58.5351 58.5517 58.5471 58.6013 58.6446 58.6305 58.5896 58.5741 58.5807 58.5289 58.4444 58.3528 58.2767 58.1632 58.1321 58.2178 58.3506 58.4389 58.4806 58.5347 58.4932 58.4881 58.5056 58.5619 58.6151 58.6709 58.7294 58.7648 58.7891 58.8093 58.8745 58.9445 58.9152 58.8926 58.8744 58.8264 58.7407 58.7013 58.7217 58.7933 58.7488 58.6965 58.6489 58.6423 58.6342 58.6236 58.5523 58.6298 58.6781
58.8482 58.8436 58.8374 58.8613 58.8731 58.9237 58.9190 58.8556 58.7811 58.6591 58.5460 58.5317 58.5348 58.4852 58.4906 58.4567 58.4751 58.4748 58.4481 58.4803 58.4812 58.5878 58.6233 58.6048 58.5837 58.5905 58.5806 58.5476 58.4705 58.3917 58.3052 58.1786 58.1084 58.1028 58.2034 58.3754 58.4432 58.4897 58.4343 58.4304 58.4103 58.4844 58.5488 58.5868 58.6281 58.7013 58.7229 58.7652 58.8583 58.9075 58.8880 58.8464 58.8219 58.7782 58.7116 58.6505 58.6584 58.7437 58.7874 58.7530 58.6961 58.6716 58.6875 58.5450 58.6159 58.6564 58.6956
58.7486 58.7806 58.8063 58.8208 58.8209 58.8945 58.9001 58.8241 58.7254 58.6362 58.5590 58.5246 58.4943 58.4346 58.4605 58.5117 58.5197 58.5130 58.5672 58.4830 58.5049 58.5485 58.5686 58.5609 58.5425 58.5688 58.5786 58.5680 58.4970 58.4063 58.3225 58.2355 58.1359 58.0757 58.1116 58.2610 58.3770 58.4062 58.3808 58.4004 58.3499 58.4150 58.4914 58.5073 58.5288 58.5742 58.6047 58.6567 58.7386 58.8095 58.8126 58.7822 58.7697 58.7384 58.7125 58.6648 58.6233 58.6960 58.7484 58.6688 58.6338 58.6108 58.6326 58.6248 58.6511 58.7483 58.7010
58.7025 58.7362 58.7338 58.7592 58.7693 58.8108 58.8365 58.8053 58.7136 58.6208 58.5591 58.5368 58.5107 58.4621 58.4494 58.4888 58.5031 58.5093 58.5696 58.5560 58.5371 58.5749 58.5583 58.5535 58.5241 58.4992 58.5225 58.4986 58.4511 58.3857 58.3320 58.2475 58.1744 58.1147 58.0767 58.1604 58.2934 58.3448 58.3633 58.3804 58.3107 58.3371 58.3926 58.4247 58.4252 58.4307 58.5281 58.5843 58.6724 58.7175 58.7664 58.7584 58.7773 58.7600 58.7517 58.6939 58.6405 58.6627 58.7419 58.6642 58.6405 58.6075 58.6056 58.6454 58.6891 58.6941 58.7081
58.7553 58.7558 58.7174 58.7158 58.7310 58.7778 58.8013 58.8132 58.7300 58.6372 58.5731 58.5273 58.4841 58.4456 58.4294 58.4527 58.5029 58.5060 58.5074 58.4921 58.5027 58.5187 58.5085 58.5208 58.5108 58.5004 58.5014 58.4780 58.3994 58.3841 58.3593 58.2662 58.1478 58.0778 58.0379 58.0778 58.2079 58.2626 58.3396 58.3549 58.3237 58.3064 58.3342 58.3772 58.3316 58.3657 58.4426 58.4836 58.5769 58.6166 58.7202 58.7217 58.7646 58.7426 58.7248 58.6458 58.6286 58.6515 58.6830 58.6501 58.6033 58.5694 58.5933 58.6805 58.7294 58.7529 58.7605
58.7885 58.7720 58.6763 58.6369 58.6915 58.7361 58.7696 58.7612 58.6970 58.6051 58.5099 58.4599 58.4306 58.4146 58.4090 58.4209 58.4588 58.4548 58.4674 58.4494 58.4804 58.4943 58.4716 58.4830 58.4581 58.4336 58.4419 58.4374 58.3821 58.3732 58.3650 58.3013 58.2084 58.1020 58.0491 58.0290 58.1513 58.2136 58.3186 58.3582 58.3406 58.3154 58.3367 58.3541 58.2886 58.3441 58.3964 58.4546 58.5541 58.6379 58.7457 58.7904 58.8241 58.8136 58.7587 58.7086 58.6493 58.6447 58.6333 58.6323 58.5924 58.5776 58.6270 58.7023 58.7571 58.7941 58.7944
58.7975 58.8024 58.6964 58.6792 58.6688 58.7292 58.7062 58.7331 58.7450 58.6090 58.4841 58.4751 58.4318 58.4351 58.4377 58.4107 58.4017 58.4278 58.4607 58.4418 58.4413 58.4371 58.4360 58.4291 58.4124 58.3865 58.4187 58.4201 58.3422 58.3416 58.3163 58.2812 58.2153 58.1858 58.1519 58.1034 58.1512 58.2218 58.3567 58.3052 58.2874 58.2709 58.3333 58.3076 58.2430 58.3234 58.4085 58.4823 58.5967 58.6648 58.7742 58.8339 58.8959 58.8400 58.7830 58.7332 58.6633 58.6413 58.6486 58.6595 58.6319 58.6523 58.6810 58.7349 58.7697 58.8227 58.7897
58.8748 58.8432 58.7614 58.7298 58.7322 58.7342 58.7285 58.7472 58.7108 58.6197 58.5167 58.4977 58.4730 58.4332 58.4151 58.4119 58.3938 58.4197 58.4215 58.4781 58.4532 58.4842 58.4812 58.4292 58.4248 58.4304 58.4039 58.3208 58.2686 58.2984 58.2518 58.2489 58.2114 58.1603 58.1093 58.0959 58.1770 58.1642 58.3416 58.3462 58.3369 58.2868 58.2814 58.2771 58.2087 58.2599 58.3393 58.4467 58.5852 58.6694 58.8185 58.8638 58.9061 58.8780 58.8076 58.7204 58.6300 58.6106 58.6591 58.6644 58.6866 58.7184 58.7285 58.7630 58.7940 58.8364 58.8002
58.9155 58.9009 58.8127 58.7764 58.7829 58.7477 58.7656 58.7958 58.7234 58.6272 58.5647 58.5053 58.4570 58.3688 58.3711 58.4194 58.4075 58.3940 58.4001 58.4413 58.4825 58.4891 58.4263 58.4033 58.3638 58.3462 58.3316 58.2951 58.2612 58.2695 58.2915 58.2563 58.2569 58.2424 58.1791 58.1210 58.1348 58.1663 58.2661 58.2811 58.2626 58.2037 58.2189 58.2615 58.3061 58.3581 58.4101 58.4780 58.5922 58.6557 58.7843 58.8363 58.8779 58.8310 58.7502 58.6859 58.6098 58.5668 58.6610 58.6724 58.7084 58.7555 58.7826 58.7601 58.7766 58.8179 58.7808
59.0457 58.9845 58.9824 58.8477 58.8077 58.7578 58.7184 58.7360 58.7064 58.6006 58.4944 58.4300 58.4090 58.3745 58.3385 58.3690 58.3537 58.3655 58.3977 58.3957 58.4329 58.4364 58.3808 58.3234 58.2920 58.2350 58.2021 58.1982 58.2164 58.2348 58.2446 58.2640 58.2680 58.2342 58.2187 58.2048 58.1725 58.1566 58.1696 58.2769 58.2097 58.1909 58.2543 58.2810 58.3213 58.4227 58.4943 58.5193 58.5857 58.6106 58.6967 58.7367 58.8020 58.7411 58.7237 58.6365 58.5988 58.5470 58.6483 58.6679 58.6896 58.7607 58.8211 58.7602 58.7377 58.7856 58.7701
58.9830 58.9674 58.9378 58.8611 58.8166 58.8156 58.7777 58.7760 58.7403 58.5734 58.4589 58.3595 58.3410 58.3482 58.3458 58.3668 58.3690 58.3781 58.3857 58.3799 58.3828 58.3545 58.3143 58.2600 58.1899 58.1517 58.1696 58.2157 58.2091 58.2294 58.2102 58.2252 58.2580 58.2664 58.2110 58.1671 58.0936 58.0786 58.0656 58.1487 58.2031 58.2122 58.2650 58.3138 58.3292 58.3967 58.4591 58.4695 58.5151 58.5728 58.6146 58.6887 58.7882 58.7675 58.7496 58.7283 58.6232 58.5926 58.5967 58.6738 58.6770 58.7420 58.8197 58.7910 58.7463 58.7498 58.7599
