regresion/ABRIL_2003_CORREGIDOS/MODIS/Composicion (B12).txt
ncols         167
nrows         127
xllcorner     -112.016
yllcorner     26.721
cellsize      0.00898
[rows 58 to 86 of 127, columns 0 to 66 of 167]
36.9926 36.9957 37.0067 36.9721 36.9528 36.8963 36.8824 36.8770 36.9364 36.9521 36.9578 36.9498 36.9342 36.8908 36.8777 36.8917 37.0003 37.1707 37.2786 37.2970 37.2594 37.2368 37.2666 37.2977 37.3346 37.3231 37.1916 37.1304 37.1621 37.1957 37.2341 37.2632 37.3166 37.3434 37.3803 37.4065 37.4402 37.3869 37.3292 37.3160 37.3951 37.3904 37.3622 37.2990 37.2247 37.2149 37.2010 37.2130 37.1450 37.1272 37.1082 37.0728 37.0912 37.0086 36.9631 36.9163 36.8593 36.8031 36.7641 36.7513 36.8336 36.8902 36.9452 36.9099 36.9149 36.8747 36.8703
37.0396 37.0668 37.1006 37.1058 37.0976 37.0165 36.9862 36.9760 37.0017 37.0083 36.9946 36.9707 36.9523 36.9146 36.9075 36.9100 37.0060 37.1537 37.2985 37.3140 37.2529 37.1788 37.2028 37.2277 37.2232 37.2552 37.2105 37.1489 37.1025 37.1332 37.2131 37.2464 37.2892 37.3240 37.3830 37.4311 37.4146 37.4074 37.3780 37.3503 37.3112 37.3274 37.3161 37.2899 37.2292 37.2329 37.2375 37.2705 37.2099 37.1558 37.1577 37.1069 37.1483 37.1403 37.0792 36.9727 37.0396 36.9702 36.9398 36.8794 36.9453 36.9852 36.9986 36.9673 36.9736 36.9544 36.9718
37.0767 37.0766 37.1427 37.1367 37.1333 37.1109 37.0778 37.0749 37.0900 37.0798 37.0428 37.0213 36.9849 36.9644 36.9480 36.9584 37.0310 37.1637 37.2920 37.2627 37.1990 37.1258 37.1591 37.1784 37.1572 37.1961 37.2201 37.1978 37.1526 37.1153 37.1896 37.2299 37.2251 37.2894 37.3497 37.3667 37.3486 37.3514 37.3455 37.3119 37.2796 37.3119 37.2752 37.2751 37.2888 37.3467 37.3665 37.4166 37.3600 37.3329 37.3005 37.2586 37.2641 37.2606 37.2453 37.1523 37.1003 37.0199 36.9572 36.9724 37.0379 37.0296 37.0649 36.9887 36.9720 37.0089 36.9599
37.1048 37.1064 37.1602 37.1561 37.1790 37.1694 37.1483 37.1371 37.1464 37.1363 37.1222 37.0869 37.0489 37.0153 37.0114 37.0129 37.0684 37.1268 37.2411 37.2493 37.1944 37.1257 37.1209 37.1652 37.1579 37.1846 37.1898 37.1827 37.1332 37.0969 37.1435 37.1879 37.2129 37.2882 37.3443 37.3648 37.3317 37.3229 37.3030 37.2791 37.2329 37.2581 37.2577 37.2807 37.2968 37.3516 37.4004 37.4593 37.4254 37.4110 37.3818 37.3751 37.3729 37.3805 37.3859 37.2990 37.2413 37.1800 37.1268 37.0867 37.0961 37.1258 37.1217 37.0997 37.1082 37.0915 37.1163
37.1795 37.1745 37.1758 37.1757 37.1851 37.1939 37.1624 37.1528 37.1549 37.1388 37.1335 37.1149 37.1213 37.0957 37.0625 37.0861 37.0909 37.1272 37.2453 37.2595 37.2147 37.1275 37.1099 37.1560 37.2121 37.2618 37.2526 37.2950 37.2987 37.2459 37.2339 37.2591 37.2767 37.3276 37.3803 37.3728 37.3254 37.3235 37.2967 37.2632 37.2432 37.2409 37.2488 37.2769 37.3197 37.3879 37.4460 37.4746 37.4365 37.4204 37.3928 37.3816 37.3828 37.3795 37.3913 37.3396 37.2741 37.2300 37.1652 37.1218 37.1633 37.2038 37.2148 37.1865 37.1902 37.1914 37.2402
37.2617 37.2458 37.2255 37.1965 37.1856 37.2049 37.1900 37.1658 37.1708 37.1276 37.1234 37.1249 37.1223 37.0492 37.0557 37.0298 37.0720 37.1260 37.2766 37.3165 37.3084 37.2665 37.2536 37.2973 37.3449 37.3745 37.3668 37.4134 37.4531 37.4477 37.4060 37.4016 37.4031 37.4180 37.4479 37.3966 37.3429 37.3436 37.3278 37.2751 37.2494 37.2424 37.2528 37.2892 37.3310 37.4023 37.4253 37.4587 37.4630 37.4887 37.4866 37.4547 37.4206 37.3919 37.3930 37.3679 37.3267 37.2539 37.1857 37.1503 37.2029 37.2421 37.2747 37.2387 37.2702 37.2769 37.3314
37.3795 37.3442 37.2714 37.1947 37.1906 37.1983 37.1173 37.0803 37.0737 37.0872 37.1318 37.1730 37.2002 37.1247 37.0912 37.0854 37.1118 37.1936 37.3373 37.4088 37.3822 37.3646 37.3650 37.4014 37.4112 37.4220 37.4042 37.3867 37.3891 37.4680 37.4514 37.4511 37.4758 37.4654 37.4356 37.4083 37.3551 37.3625 37.3621 37.3116 37.2664 37.2719 37.2842 37.3021 37.3311 37.3952 37.3886 37.4122 37.3982 37.4276 37.4714 37.4666 37.4514 37.4132 37.3907 37.3524 37.3359 37.3188 37.2264 37.2337 37.2928 37.3222 37.3651 37.3565 37.3204 37.3169 37.3347
37.3573 37.3225 37.2609 37.1849 37.2099 37.2341 37.1801 37.1795 37.1576 37.1597 37.2195 37.2715 37.2634 37.1761 37.1478 37.1716 37.1846 37.2807 37.3794 37.3925 37.3875 37.3752 37.3603 37.4021 37.4139 37.4179 37.3647 37.3594 37.3761 37.4446 37.4572 37.4958 37.4945 37.4739 37.4407 37.4464 37.4003 37.4454 37.4048 37.3556 37.3136 37.3268 37.3206 37.3127 37.3221 37.3667 37.3706 37.3761 37.3692 37.3973 37.4058 37.4211 37.4258 37.4183 37.4213 37.3810 37.3520 37.3093 37.2491 37.2685 37.3373 37.3720 37.3633 37.3875 37.3743 37.3271 37.3330
37.4706 37.4352 37.3846 37.2875 37.2483 37.2351 37.2097 37.2306 37.2643 37.2824 37.3374 37.3532 37.3099 37.2491 37.2207 37.2410 37.2876 37.3558 37.4146 37.4353 37.4046 37.3779 37.3793 37.3772 37.3944 37.3850 37.3197 37.3454 37.4334 37.4917 37.4903 37.5190 37.5601 37.5280 37.4843 37.5143 37.4348 37.4627 37.4417 37.4211 37.3344 37.3293 37.3340 37.3206 37.3126 37.3600 37.3890 37.3865 37.3737 37.3807 37.3387 37.3649 37.3804 37.3633 37.3502 37.3140 37.2934 37.2398 37.1761 37.2178 37.2956 37.3743 37.3529 37.3227 37.2817 37.2479 37.3032
37.5739 37.5316 37.4908 37.4138 37.3603 37.3430 37.3204 37.3676 37.3841 37.4087 37.4508 37.4127 37.3078 37.2333 37.1774 37.1823 37.2124 37.2755 37.3979 37.4047 37.4128 37.4293 37.4281 37.4621 37.4560 37.4404 37.4585 37.4349 37.4874 37.5521 37.5287 37.5132 37.5466 37.5209 37.4577 37.5200 37.4983 37.5174 37.4840 37.4496 37.4120 37.3467 37.3308 37.3526 37.3222 37.3577 37.3769 37.3832 37.3820 37.3966 37.3659 37.3597 37.3689 37.3441 37.3220 37.3000 37.2835 37.2636 37.2157 37.2581 37.3288 37.4026 37.4046 37.3863 37.3773 37.3344 37.3447
37.7612 37.6632 37.5911 37.5222 37.4814 37.4797 37.4296 37.4566 37.4449 37.4552 37.4695 37.3965 37.3306 37.2526 37.1552 37.1985 37.2228 37.3121 37.3952 37.4258 37.4381 37.4790 37.4814 37.5086 37.4723 37.4110 37.3898 37.4400 37.5168 37.5481 37.5483 37.5317 37.5375 37.5186 37.4680 37.5187 37.5097 37.5222 37.5004 37.4923 37.4955 37.4584 37.4159 37.3841 37.3711 37.3788 37.3723 37.3600 37.3507 37.3710 37.3692 37.3820 37.3829 37.3798 37.3452 37.3261 37.3469 37.3544 37.2985 37.3163 37.3892 37.4536 37.4862 37.4860 37.4580 37.4074 37.4067
37.9233 37.8400 37.7317 37.5951 37.5806 37.5774 37.5346 37.5765 37.6029 37.5791 37.5343 37.4963 37.4641 37.3084 37.2457 37.2662 37.3443 37.3857 37.4321 37.4256 37.4371 37.5003 37.5122 37.5310 37.4982 37.4328 37.4292 37.5051 37.5618 37.5305 37.5299 37.5141 37.5126 37.5166 37.5118 37.4883 37.4823 37.5150 37.5041 37.5029 37.5517 37.5037 37.4281 37.4026 37.3601 37.3914 37.3753 37.3724 37.3912 37.4182 37.4169 37.3796 37.4401 37.4513 37.4280 37.4330 37.4383 37.4241 37.3555 37.3452 37.4324 37.5096 37.5134 37.5159 37.5096 37.4580 37.4460
38.1742 37.9356 37.7615 37.6846 37.6683 37.7070 37.6734 37.6536 37.6214 37.5300 37.5037 37.5070 37.4194 37.3238 37.3103 37.3620 37.4335 37.4543 37.4697 37.4277 37.4646 37.5058 37.5374 37.5706 37.5478 37.4806 37.4473 37.5323 37.5969 37.5581 37.5136 37.5012 37.4668 37.4893 37.5062 37.4606 37.4650 37.4703 37.4530 37.4762 37.5459 37.5539 37.5222 37.4743 37.4024 37.4344 37.4143 37.4104 37.4187 37.4406 37.4140 37.4116 37.4167 37.4161 37.3907 37.4108 37.4534 37.4454 37.3832 37.4132 37.4661 37.5291 37.5649 37.5653 37.5573 37.5098 37.4785
38.7183 38.2710 37.9215 37.8599 37.8121 37.7833 37.6985 37.6012 37.5117 37.4262 37.4104 37.3548 37.3074 37.2895 37.3250 37.4091 37.4567 37.4931 37.4897 37.4595 37.4964 37.5444 37.5747 37.5992 37.5768 37.5307 37.4959 37.5290 37.5321 37.4868 37.4152 37.4073 37.4030 37.4246 37.4507 37.4888 37.4857 37.4531 37.4350 37.4526 37.5028 37.5475 37.5548 37.5060 37.4548 37.5022 37.4512 37.4464 37.4448 37.4701 37.4600 37.4660 37.4789 37.4753 37.4838 37.5026 37.4743 37.4721 37.4283 37.4228 37.4580 37.5245 37.5596 37.5574 37.5931 37.5404 37.5067
39.3698 38.5525 38.0032 37.9757 37.9112 37.7844 37.7195 37.5730 37.5015 37.3834 37.3094 37.2989 37.2583 37.2470 37.3553 37.3743 37.4345 37.4305 37.4461 37.4663 37.5411 37.5566 37.5627 37.5934 37.5900 37.5734 37.5661 37.5942 37.5521 37.4564 37.4136 37.3877 37.3689 37.3785 37.4137 37.4608 37.4917 37.4846 37.4379 37.4599 37.4901 37.5145 37.5490 37.5761 37.5332 37.5687 37.5374 37.5187 37.5132 37.5113 37.4849 37.4860 37.5044 37.5118 37.5274 37.5543 37.5476 37.5302 37.5148 37.5016 37.5404 37.5444 37.5772 37.5994 37.6049 37.5766 37.5472
39.4658 38.4538 38.0496 38.0237 37.9175 37.7710 37.6972 37.5788 37.4964 37.3577 37.2881 37.2747 37.2342 37.1887 37.2321 37.2701 37.2882 37.3230 37.3924 37.4483 37.5232 37.5165 37.6020 37.6528 37.6447 37.6222 37.6273 37.6314 37.5317 37.4111 37.3867 37.3861 37.3910 37.4049 37.3983 37.4148 37.4632 37.4842 37.4635 37.4756 37.5170 37.5604 37.5616 37.6058 37.6062 37.6462 37.6597 37.6267 37.5914 37.5626 37.5202 37.5299 37.5433 37.5488 37.5614 37.5671 37.5672 37.5488 37.5378 37.5246 37.5524 37.5598 37.5311 37.5492 37.5532 37.5298 37.5596
39.3548 38.2711 38.1316 38.0010 37.8265 37.6665 37.5583 37.4013 37.3863 37.3680 37.3559 37.2970 37.2533 37.2101 37.2090 37.2425 37.2874 37.3333 37.4450 37.5163 37.5623 37.5874 37.6113 37.6280 37.6290 37.6144 37.6230 37.5680 37.4869 37.3963 37.3946 37.3831 37.4003 37.4047 37.3764 37.3762 37.3793 37.4083 37.4256 37.4190 37.5023 37.5720 37.5907 37.6217 37.6249 37.6874 37.7142 37.7223 37.6848 37.6731 37.6062 37.5754 37.5939 37.5729 37.5748 37.5701 37.5618 37.5851 37.5507 37.5406 37.5762 37.5685 37.5394 37.5399 37.5350 37.4935 37.5306
38.9645 38.0443 37.9752 37.8779 37.7117 37.6124 37.5349 37.4598 37.5064 37.4778 37.4272 37.3502 37.2968 37.2931 37.3012 37.3343 37.3916 37.4176 37.4630 37.5220 37.5590 37.5870 37.6337 37.6425 37.6453 37.5865 37.5794 37.4960 37.4367 37.4122 37.4105 37.4025 37.3965 37.4072 37.3969 37.3807 37.3760 37.3997 37.3992 37.3757 37.4532 37.5227 37.5617 37.6648 37.6712 37.7499 37.7427 37.7638 37.7415 37.7226 37.6594 37.6401 37.6656 37.6411 37.6306 37.6275 37.6080 37.6253 37.5971 37.6079 37.6307 37.6074 37.5813 37.5608 37.5198 37.5211 37.5269
38.6601 38.0943 37.9497 37.8108 37.6210 37.4724 37.4077 37.3960 37.4523 37.4522 37.4298 37.4086 37.4087 37.3778 37.4261 37.4441 37.5099 37.5368 37.5403 37.5257 37.5434 37.5703 37.6199 37.6271 37.5982 37.5787 37.5738 37.4710 37.4306 37.4048 37.4231 37.4445 37.4318 37.4340 37.4218 37.4354 37.4397 37.4341 37.4186 37.3997 37.4162 37.4553 37.4369 37.5225 37.6575 37.7332 37.7672 37.7726 37.7446 37.7260 37.7012 37.6728 37.6739 37.6524 37.6346 37.6119 37.5796 37.5798 37.5670 37.5692 37.6035 37.6040 37.5756 37.5607 37.5318 37.4898 37.4957
38.4485 38.1080 37.9309 37.7853 37.5906 37.4657 37.4158 37.3908 37.4093 37.4427 37.4358 37.4529 37.4776 37.4300 37.4275 37.4300 37.5478 37.5404 37.5231 37.5134 37.4947 37.5163 37.5701 37.5954 37.6273 37.6180 37.6057 37.5836 37.5006 37.4323 37.4655 37.4547 37.4711 37.4683 37.4575 37.4583 37.4604 37.4746 37.4638 37.4408 37.4513 37.4345 37.3602 37.4112 37.5318 37.5756 37.6645 37.7196 37.7287 37.6889 37.6642 37.6841 37.6857 37.6378 37.6192 37.5906 37.5550 37.5417 37.5627 37.5674 37.6153 37.6532 37.6322 37.5975 37.5917 37.5359 37.5258
38.3975 38.1707 38.0492 37.9123 37.7036 37.5116 37.4370 37.4145 37.4637 37.4815 37.4491 37.4983 37.5614 37.5248 37.5044 37.5225 37.6012 37.5900 37.5528 37.5332 37.4987 37.5234 37.5656 37.5932 37.5879 37.6012 37.6029 37.5713 37.4979 37.4720 37.5032 37.5096 37.5132 37.5113 37.4816 37.4712 37.4719 37.4827 37.4628 37.4394 37.4410 37.4654 37.4115 37.4043 37.4637 37.4474 37.5132 37.5860 37.5833 37.5172 37.5266 37.5786 37.6104 37.6054 37.5990 37.5665 37.5675 37.5883 37.6165 37.6143 37.6565 37.7087 37.6981 37.6639 37.6450 37.6005 37.5641
38.6856 38.5654 38.3748 38.2690 38.0074 37.8147 37.6041 37.5617 37.5275 37.5385 37.5225 37.5860 37.6211 37.5916 37.6128 37.6285 37.6782 37.6325 37.5666 37.5346 37.5050 37.5223 37.5891 37.6204 37.5780 37.6023 37.6058 37.5711 37.5206 37.5148 37.5395 37.5413 37.5597 37.5440 37.5099 37.4758 37.4467 37.4488 37.4323 37.4070 37.4068 37.4281 37.3906 37.4061 37.4096 37.4071 37.3734 37.4076 37.4427 37.4310 37.4461 37.5925 37.5548 37.5918 37.5801 37.5772 37.5597 37.5108 37.4884 37.5370 37.5468 37.6216 37.6888 37.7178 37.7276 37.6919 37.6521
39.1680 38.8171 38.5054 38.3432 38.0654 37.9520 37.7441 37.7505 37.7071 37.6039 37.5490 37.6192 37.6537 37.6315 37.6742 37.7328 37.7674 37.6927 37.5801 37.5309 37.5023 37.5027 37.5691 37.5821 37.5969 37.6031 37.6009 37.5638 37.5339 37.5520 37.5585 37.5935 37.5740 37.5318 37.4699 37.4264 37.3814 37.3988 37.3647 37.3601 37.3922 37.4148 37.4189 37.4173 37.4112 37.4136 37.3963 37.3889 37.3704 37.3684 37.3773 37.4699 37.4916 37.5314 37.6222 37.5882 37.5706 37.5431 37.5276 37.5184 37.5391 37.5812 37.6179 37.7072 37.7624 37.7424 37.7047
39.2845 38.5177 37.6326 37.3258 38.6028 38.3332 38.0989 37.8801 37.8219 37.6889 37.6563 37.6653 37.6334 37.6230 37.6545 37.7636 37.7755 37.7146 37.5646 37.4831 37.4932 37.4817 37.5036 37.5479 37.5594 37.5512 37.5183 37.4955 37.5315 37.5172 37.5181 37.5293 37.5198 37.4675 37.4296 37.4005 37.3675 37.4016 37.4053 37.4343 37.4435 37.4744 37.4789 37.4892 37.4560 37.4666 37.4357 37.4216 37.4272 37.4123 37.4055 37.4715 37.4357 37.4390 37.5221 37.6415 37.6413 37.6004 37.5661 37.5046 37.5101 37.5198 37.5610 37.6242 37.6940 37.7313 37.7094
40.4177 39.7985 41.5002 39.1012 39.6299 39.0534 38.7036 38.3146 38.0989 37.8861 37.7843 37.7787 37.7319 37.7369 37.7822 37.8211 37.8104 37.6849 37.4770 37.4552 37.4023 37.4039 37.4273 37.4411 37.4412 37.4541 37.4283 37.4321 37.5103 37.5322 37.5352 37.5379 37.5357 37.5025 37.4570 37.4165 37.3925 37.4075 37.4562 37.4755 37.5030 37.5263 37.5175 37.5143 37.5132 37.5483 37.5065 37.4925 37.4873 37.5121 37.4918 37.5368 37.5800 37.5692 37.5584 37.6150 37.6833 37.7031 37.6927 37.6368 37.6174 37.5656 37.5876 37.6209 37.6560 37.6847 37.7244
18.1177 25.1546 35.7527 37.2024 39.0824 40.4548 39.4498 38.7735 38.4792 38.1527 38.0373 38.0005 37.8996 37.8650 37.8174 37.7510 37.7167 37.5765 37.4521 37.4597 37.4112 37.4027 37.4470 37.4407 37.4307 37.4234 37.4152 37.4147 37.4783 37.5331 37.5545 37.5546 37.5428 37.5383 37.4931 37.4562 37.4339 37.4476 37.4717 37.5048 37.4953 37.5538 37.5491 37.5303 37.5508 37.5822 37.5820 37.6043 37.6347 37.6526 37.6191 37.6206 37.6778 37.7008 37.6907 37.7001 37.7170 37.7123 37.8407 37.8137 37.7848 37.6938 37.6421 37.6485 37.6190 37.6211 37.6698
7.1260 7.7823 22.2895 37.7117 43.0054 45.3129 43.2412 41.4593 40.4150 39.2816 38.3981 38.2962 38.1275 38.0662 37.9331 37.7554 37.7662 37.5840 37.4645 37.4695 37.4605 37.4302 37.4550 37.4025 37.4111 37.4013 37.4239 37.4180 37.4343 37.4573 37.4937 37.5032 37.4728 37.4461 37.4360 37.4077 37.4011 37.4191 37.4411 37.4858 37.4964 37.5484 37.5463 37.5178 37.5233 37.5475 37.6146 37.6778 37.7043 37.7108 37.6571 37.6873 37.7801 37.7489 37.7047 37.6651 37.6040 37.5742 37.6146 37.7848 37.8209 37.8668 37.7783 37.7054 37.6493 37.6297 37.5907
4.5950 4.4334 6.7309 22.3614 33.0537 35.4074 42.7812 44.8752 42.8250 40.9845 39.7635 39.0221 38.5633 38.2927 38.1173 37.8922 37.8091 37.6015 37.5294 37.5298 37.5455 37.5193 37.4780 37.4277 37.3825 37.3828 37.3937 37.4069 37.4137 37.4220 37.4833 37.4630 37.4451 37.4095 37.3801 37.3642 37.3253 37.3611 37.3690 37.4209 37.4453 37.5044 37.4918 37.4904 37.4802 37.4973 37.5830 37.6751 37.7348 37.7825 37.7120 37.7369 37.7943 37.7800 37.7301 37.6552 37.5763 37.5038 37.5146 37.5539 37.6051 37.7420 37.7036 37.6730 37.6921 37.7036 37.6251
-1.0000 -1.0000 -0.7024 -1.0000 0.6782 7.9645 23.5510 25.7128 37.7034 43.7494 41.6853 40.3196 39.0729 38.3892 38.0776 37.9201 37.7878 37.6336 37.5856 37.5840 37.5955 37.5907 37.5595 37.5036 37.4199 37.3916 37.3793 37.3946 37.3932 37.4140 37.4860 37.4753 37.4316 37.3854 37.3726 37.3598 37.2994 37.3782 37.3462 37.3589 37.4279 37.4572 37.4651 37.4558 37.4653 37.4790 37.5407 37.6097 37.6833 37.7653 37.7362 37.7547 37.7683 37.7388 37.6856 37.6234 37.5348 37.4704 37.4658 37.4770 37.5520 37.5627 37.5947 37.6502 37.7138 37.7411 37.6291
