regresion/ABRIL_2003_CORREGIDOS/MODIS/Composicion (B12).txt
ncols         167
nrows         127
xllcorner     -112.016
yllcorner     26.721
cellsize      0.00898
[rows 29 to 57 of 127, columns 0 to 66 of 167]
37.4556 37.4495 37.4551 37.4502 37.4179 37.3676 37.3169 37.2465 37.3326 37.1629 36.9966 37.1267 37.2446 37.2178 37.1884 37.2182 37.2181 37.2151 37.2590 37.3257 37.3365 37.3117 37.2852 37.2536 37.2531 37.2326 37.1964 37.1325 37.0551 37.0139 36.9844 36.9156 36.8627 36.8650 36.8579 36.8898 36.8594 36.8956 36.8010 36.6547 36.4370 36.2616 36.2729 36.2891 36.3228 36.3913 36.4220 36.4631 36.5296 36.5547 36.6488 36.7031 36.6982 36.6896 36.6688 36.5738 36.5136 36.4944 36.4781 36.4688 36.4753 36.4110 36.4305 36.3870 36.4034 36.4058 36.3501
37.4581 37.4272 37.3755 37.3733 37.3658 37.2948 37.2378 37.1419 37.1971 36.9652 37.1033 37.2435 37.2867 37.2111 37.1691 37.1281 37.0819 37.0668 37.1371 37.1839 37.2489 37.2788 37.2723 37.2563 37.1874 37.1832 37.1657 37.0482 37.0006 36.9193 36.8991 36.8398 36.7915 36.7686 36.8279 36.8379 36.8238 36.8331 36.7885 36.6905 36.5651 36.3399 36.2249 36.2888 36.3213 36.3870 36.4047 36.4018 36.4275 36.4900 36.5582 36.6248 36.6823 36.6907 36.6820 36.6722 36.5846 36.5499 36.5349 36.5388 36.5146 36.4693 36.4903 36.4297 36.4451 36.5270 36.4414
37.4267 37.3827 37.3224 37.3417 37.3173 37.2610 37.2320 37.0816 37.1072 36.9340 37.0619 37.1307 37.1521 37.1388 37.1059 37.0843 37.0850 37.0094 37.0083 37.0772 37.1548 37.2005 37.1958 37.1832 37.1334 37.0711 37.0034 36.9503 36.9286 36.8770 36.8487 36.8213 36.7942 36.7692 36.8053 36.8209 36.7977 36.8027 36.7335 36.7411 36.6319 36.3762 36.1873 36.2924 36.3068 36.3633 36.3909 36.4243 36.3865 36.4266 36.5157 36.5765 36.6407 36.6517 36.6439 36.6900 36.6613 36.6149 36.6031 36.5870 36.6022 36.5850 36.6130 36.5991 36.5626 36.5529 36.5954
37.3120 37.2858 37.2730 37.2512 37.2288 37.2400 37.2090 36.9938 36.9666 36.9738 37.1333 37.1089 37.0567 36.9804 36.9065 36.8890 36.8674 36.8353 36.8796 36.9732 37.1294 37.2188 37.1968 37.1908 37.1962 37.0958 36.9409 36.8893 36.8740 36.8571 36.8440 36.8383 36.8189 36.7913 36.8073 36.8307 36.8029 36.7924 36.7373 36.7649 36.6783 36.4474 36.2135 36.2774 36.3115 36.3244 36.3311 36.3598 36.3631 36.3742 36.4276 36.4824 36.5443 36.5971 36.6088 36.6383 36.6626 36.6289 36.5971 36.5715 36.5973 36.6180 36.6653 36.7138 36.6913 36.6294 36.6775
37.2354 37.2155 37.2105 37.1858 37.1363 37.0947 36.9467 36.9299 36.9404 37.0395 37.0554 37.0430 36.9863 36.9036 36.8685 36.8627 36.8459 36.8479 36.8839 36.9575 37.0426 37.1143 37.1886 37.1905 37.2042 37.1288 37.0033 36.9234 36.8929 36.8913 36.8833 36.8640 36.8537 36.8278 36.7977 36.8019 36.7883 36.8043 36.7798 36.7496 36.7079 36.4937 36.3324 36.3194 36.2497 36.2509 36.2759 36.2999 36.3278 36.3393 36.3552 36.3909 36.4843 36.5190 36.5713 36.6254 36.6444 36.6166 36.6013 36.5908 36.6714 36.6625 36.6737 36.7365 36.7754 36.6928 36.7033
37.1852 37.1705 37.1423 37.1031 37.1001 37.0281 36.8243 36.9748 36.9589 37.0192 37.0585 37.0710 36.9859 36.9094 36.8962 36.9101 36.8890 36.8667 36.8781 36.9655 36.9817 37.0054 37.1118 37.1570 37.1766 37.0853 37.0041 36.9375 36.9150 36.9101 36.9251 36.8803 36.8647 36.8228 36.7826 36.7729 36.7840 36.7882 36.8176 36.7930 36.7123 36.5216 36.4310 36.3489 36.2821 36.2855 36.2686 36.2767 36.3184 36.3694 36.3862 36.4025 36.4764 36.5276 36.5691 36.5991 36.6356 36.6607 36.6539 36.6392 36.6817 36.6815 36.6798 36.7084 36.7817 36.8060 36.7538
37.1959 37.1771 37.2045 37.1850 37.1428 36.9288 36.9039 37.0096 37.0269 37.0065 37.0390 37.1102 37.0564 36.9828 36.9716 36.9813 36.9863 36.9833 36.9612 37.0103 37.0416 37.0114 37.0115 37.0591 37.0582 36.9941 36.9903 36.9470 36.9142 36.9097 36.9188 36.8906 36.8693 36.8280 36.8193 36.7497 36.8081 36.8252 36.8711 36.8411 36.7468 36.6154 36.5576 36.4465 36.3351 36.3145 36.2460 36.2351 36.2909 36.3340 36.3555 36.3759 36.4438 36.4579 36.4907 36.5437 36.5378 36.5901 36.6268 36.6258 36.6654 36.6897 36.6635 36.6623 36.7325 36.7640 36.7496
37.1701 37.1736 37.1516 37.1002 37.0925 36.8913 36.9229 36.9735 37.0021 37.0452 37.0646 37.0945 37.1203 37.0829 37.0335 37.0531 37.0694 37.0448 37.0386 37.0365 37.0774 37.0589 36.9620 37.0349 37.0169 36.9565 37.0086 37.0322 37.0418 37.0432 37.0227 36.9765 36.9581 36.9373 36.8974 36.8498 36.8190 36.8072 36.8092 36.8393 36.7617 36.6201 36.5621 36.4760 36.3753 36.2988 36.2324 36.2285 36.2697 36.3012 36.3384 36.4014 36.4878 36.4678 36.4945 36.4875 36.4576 36.4768 36.5255 36.5421 36.6040 36.6598 36.6783 36.6766 36.7276 36.7808 36.7718
37.2278 37.2110 37.1351 37.1462 37.0464 36.9143 36.9732 37.0138 36.9981 37.0942 37.1274 37.1316 37.1205 37.1309 37.0748 37.1116 37.2011 37.1826 37.1383 37.1270 37.1861 37.1631 37.0657 37.0729 37.0415 37.0876 37.0935 37.0801 37.0698 37.0787 37.0556 36.9900 36.9795 36.9436 36.9116 36.8553 36.7893 36.7814 36.7464 36.7371 36.7495 36.6127 36.5671 36.5527 36.4388 36.3519 36.2725 36.2483 36.2297 36.2680 36.3307 36.3856 36.4647 36.4607 36.4809 36.4728 36.4652 36.4588 36.5089 36.5388 36.6070 36.6430 36.6936 36.6925 36.7401 36.7905 36.7828
37.2651 37.2167 37.1965 37.1716 37.0815 37.0670 37.1232 37.1277 37.1336 37.2024 37.2144 37.2295 37.2274 37.2057 37.2027 37.1989 37.2613 37.2339 37.1886 37.1523 37.1503 37.0946 36.9781 37.0248 37.0585 37.0693 37.0704 37.0967 37.1057 37.0446 37.0204 36.9942 36.9844 36.9751 36.9900 36.9483 36.8965 36.9029 36.8083 36.7377 36.7573 36.6563 36.5875 36.4928 36.3909 36.3045 36.2885 36.2231 36.2046 36.2413 36.3714 36.4787 36.5060 36.4909 36.4811 36.4951 36.5000 36.4733 36.4714 36.4668 36.5345 36.6019 36.6544 36.6860 36.7123 36.7965 36.8156
37.2565 37.2058 37.2407 37.1708 37.1175 37.1722 37.2054 37.2100 37.1810 37.1966 37.2311 37.2305 37.2046 37.1626 37.1563 37.1564 37.2363 37.2599 37.2109 37.1752 37.1187 37.0135 36.9426 37.0080 37.0719 37.0576 37.0327 37.0522 37.0402 36.9966 36.9808 36.9866 37.0014 36.9842 36.9869 36.9462 36.8595 36.8778 36.7653 36.6958 36.6592 36.6038 36.6007 36.5339 36.4238 36.3512 36.3494 36.2954 36.2628 36.4126 36.4930 36.5681 36.6518 36.5869 36.5516 36.5591 36.5613 36.5210 36.4710 36.4610 36.5350 36.5677 36.6542 36.6340 36.6282 36.6839 36.7731
37.2182 37.2237 37.2808 37.1556 37.1140 37.1666 37.1994 37.1882 37.1756 37.2278 37.2389 37.2342 37.1959 37.1590 37.1233 37.1366 37.1918 37.2326 37.2345 37.1971 37.1311 37.0467 36.9776 37.0425 37.0483 37.0106 37.0027 37.0518 37.0168 36.9595 36.9631 36.9433 36.9478 36.9403 36.9430 36.9288 36.8679 36.8787 36.8132 36.7195 36.6659 36.6313 36.6265 36.6112 36.5508 36.4644 36.4576 36.4076 36.3405 36.4112 36.5046 36.5905 36.6646 36.6598 36.6421 36.6420 36.6189 36.5607 36.4987 36.4816 36.5138 36.5535 36.7073 36.6676 36.7564 36.7025 36.7473
37.2092 37.2825 37.2607 37.1062 37.1017 37.1137 37.1601 37.1757 37.1681 37.1850 37.1979 37.2004 37.2061 37.2341 37.1913 37.1755 37.1720 37.2162 37.2120 37.1736 37.1428 37.0356 36.9177 36.9680 36.8641 36.8314 36.9283 37.0647 37.0140 36.9990 37.0185 37.0037 36.9587 36.9522 36.9401 36.9158 36.8954 36.9166 36.8562 36.7607 36.7411 36.7479 36.7156 36.7087 36.6974 36.6282 36.6190 36.5504 36.4708 36.4770 36.5205 36.5944 36.6767 36.7015 36.7142 36.6990 36.6415 36.5844 36.5224 36.4678 36.4827 36.4912 36.5582 36.4896 36.4859 36.5111 36.6852
37.2119 37.2590 37.1662 37.1216 37.1487 37.1463 37.1763 37.2049 37.1814 37.2056 37.2149 37.2153 37.2290 37.2116 37.1341 37.1390 37.0955 37.1390 37.1468 37.1701 37.1225 37.0268 36.9693 36.9819 36.7991 36.6550 36.7868 36.9688 36.9819 37.0026 37.0342 37.0465 37.0006 36.9841 36.9592 36.9348 36.9227 36.9307 36.8637 36.8105 36.8019 36.8274 36.8155 36.8233 36.8190 36.7618 36.7383 36.6387 36.5323 36.5081 36.5213 36.5686 36.6748 36.7183 36.7552 36.7305 36.6544 36.5772 36.5030 36.4201 36.4792 36.5047 36.5270 36.5557 36.5031 36.4832 36.5370
37.1646 37.1858 37.1605 37.1519 37.1718 37.1895 37.2093 37.1794 37.1852 37.1539 37.2058 37.2222 37.1849 37.1428 37.1309 37.1497 37.1396 37.0984 37.0666 37.0944 37.0985 37.0631 37.0352 37.0304 36.8268 36.6509 36.7258 36.8855 36.9445 37.0026 37.0161 37.0264 37.0362 37.0443 37.0197 36.9873 36.9967 37.0031 36.9642 36.9086 36.8879 36.9171 36.9399 36.9558 36.9333 36.8829 36.8412 36.6991 36.5909 36.5440 36.5155 36.5428 36.6440 36.7159 36.7632 36.7378 36.6539 36.5887 36.5271 36.4316 36.4532 36.5168 36.5382 36.5692 36.5457 36.4990 36.4914
37.0938 37.0813 37.1026 37.1135 37.1513 37.1607 37.1577 37.1463 37.1846 37.2129 37.2331 37.4244 37.5730 37.4941 38.1094 38.0528 37.7557 37.3026 37.2971 37.2070 37.0610 37.0583 37.0070 36.9777 36.8343 36.7618 36.7878 36.8373 36.8911 36.9719 36.9912 37.0075 37.0118 37.0265 37.0459 37.0512 37.0395 37.0627 37.0475 37.0315 37.0507 37.0618 37.0812 37.0695 37.0030 36.9628 36.8938 36.7567 36.6555 36.5856 36.5446 36.5825 36.6571 36.7515 36.8027 36.7770 36.7017 36.6473 36.5831 36.4763 36.4817 36.5396 36.6049 36.6107 36.5886 36.5247 36.5095
36.9828 36.9722 37.1214 37.2000 37.2046 37.1961 37.1751 37.2047 37.2447 37.2911 37.3713 37.5668 38.0012 39.9172 42.1374 44.2403 43.0820 43.1575 40.6480 38.9687 38.1069 37.4322 37.1537 36.8286 36.7124 36.6850 36.7245 36.7818 36.8551 36.9695 36.9925 37.0323 37.0355 37.0500 37.0913 37.1033 37.1240 37.1322 37.1492 37.1342 37.1391 37.1406 37.1499 37.1232 37.0642 37.0212 36.9535 36.8492 36.7178 36.6392 36.5771 36.6071 36.6756 36.7572 36.8105 36.8027 36.7493 36.7108 36.6489 36.5332 36.5025 36.5411 36.6076 36.6387 36.6184 36.5399 36.5251
36.9414 37.0041 37.1724 37.1943 37.1809 37.1866 37.2049 37.2188 37.3007 37.3601 37.5758 37.8078 39.0383 41.8955 49.7394 52.3381 51.4057 54.0609 46.3423 41.5129 39.2924 39.1561 37.3523 36.8837 36.7136 36.6762 36.7118 36.7990 36.9231 37.0237 37.0446 37.0571 37.0777 37.1041 37.1364 37.1359 37.1508 37.2160 37.2526 37.2149 37.2559 37.2592 37.2927 37.2929 37.2193 37.1877 37.0884 36.9499 36.8122 36.7155 36.6675 36.7074 36.7448 36.8050 36.8468 36.8306 36.7739 36.7201 36.6588 36.5300 36.4850 36.4922 36.6133 36.6482 36.6091 36.5091 36.4865
36.9381 37.0464 37.1569 37.1713 37.1741 37.1677 37.1860 37.2250 37.3151 37.3857 37.5343 37.7122 39.1243 45.0920 54.8430 54.8512 58.9884 57.9963 51.1820 39.4544 41.6294 38.4780 37.2796 37.0739 36.8635 36.8241 36.8867 36.9613 37.0013 37.0814 37.0903 37.0879 37.1470 37.1583 37.1985 37.2296 37.2626 37.3096 37.3568 37.3034 37.2857 37.3296 37.3356 37.2791 37.2853 37.2182 37.2014 37.0457 36.8774 36.7915 36.7461 36.7477 36.7587 36.7924 36.8472 36.8159 36.7711 36.7493 36.6751 36.5544 36.5187 36.5239 36.6112 36.6551 36.5912 36.4823 36.4412
36.9677 37.0724 37.1208 37.1065 37.0972 37.1128 37.1590 37.2006 37.2875 37.3877 37.5036 37.5011 38.3387 42.3919 47.6461 51.7275 53.5903 54.3470 49.9881 40.9339 41.2930 38.6859 37.3708 36.9744 36.8879 36.9095 36.9414 37.0421 37.0609 37.1000 37.1264 37.1563 37.2141 37.2623 37.2913 37.3322 37.3545 37.4035 37.4187 37.3229 37.2883 37.3437 37.3108 37.2958 37.2623 37.1846 37.1170 36.9895 36.8491 36.8450 36.8302 36.7660 36.7372 36.7844 36.7972 36.7615 36.7284 36.7165 36.6175 36.5282 36.5264 36.5605 36.6024 36.6075 36.5357 36.4438 36.4075
36.9972 37.1102 37.1297 37.1078 37.0869 37.1141 37.1395 37.1565 37.2613 37.3640 37.4099 37.3338 37.5358 38.0834 41.2894 42.3166 41.9077 40.7535 39.1850 37.8628 37.3916 37.1365 36.9996 36.9813 36.9513 36.9933 37.0362 37.1078 37.1233 37.1476 37.1748 37.2179 37.2783 37.3350 37.3723 37.3819 37.3737 37.4107 37.3601 37.2586 37.2870 37.2827 37.2884 37.2923 37.2807 37.2006 37.1403 37.0257 36.9239 36.8755 36.8182 36.8056 36.8560 36.8642 36.9128 36.7547 36.6934 36.5910 36.4818 36.4475 36.4647 36.5700 36.6193 36.5814 36.5082 36.4204 36.3933
37.0874 37.1018 37.0715 37.0538 37.0215 37.0564 37.1322 37.1524 37.2421 37.3092 37.3619 37.2665 37.1010 36.9605 37.0904 37.2512 37.5248 37.7756 37.8038 37.4972 37.1268 37.0492 36.9811 36.9698 36.9922 37.0877 37.1056 37.1263 37.1321 37.1373 37.1746 37.2241 37.2700 37.3123 37.3278 37.3600 37.3356 37.3721 37.3073 37.2633 37.2768 37.2760 37.2759 37.2919 37.2927 37.2189 37.1594 37.0583 36.9903 36.9332 36.8948 36.8609 36.8643 36.8321 36.8542 36.7947 36.7358 36.7344 36.6154 36.5046 36.5244 36.5637 36.6704 36.5914 36.4856 36.4432 36.4315
37.0547 37.0535 37.0514 37.0388 37.0282 37.0449 37.1170 37.1036 37.1927 37.2164 37.2125 37.1544 37.0587 36.9499 37.0151 36.9728 37.1615 37.3529 37.5228 37.3676 37.1576 36.9624 36.9063 36.9634 37.0760 37.1331 37.1219 37.1271 37.1164 37.1290 37.1469 37.1868 37.2495 37.3172 37.3278 37.3041 37.2685 37.3198 37.2665 37.2801 37.2486 37.2522 37.2506 37.2561 37.2300 37.1810 37.1446 37.0493 37.0112 36.9462 36.8998 36.8627 36.8637 36.8135 36.8057 36.7215 36.6796 36.6226 36.5237 36.4761 36.5421 36.6475 36.7249 36.7573 36.6155 36.5006 36.4832
36.9437 36.9714 37.0207 37.0437 37.0489 37.0936 37.1431 37.1266 37.1468 37.1159 37.0697 37.0173 36.9547 36.7762 36.6812 36.8017 37.2158 37.3496 37.5089 37.4843 37.1494 36.9436 36.9058 36.9628 37.0796 37.1186 37.1271 37.1071 37.1265 37.1385 37.1205 37.1588 37.2052 37.2930 37.3357 37.2996 37.2615 37.2978 37.2699 37.2655 37.2461 37.2547 37.2506 37.2001 37.1142 37.0470 37.0677 36.9951 36.9660 36.9820 36.9298 36.8778 36.8733 36.8203 36.8042 36.7155 36.6578 36.5727 36.5032 36.4806 36.5263 36.5980 36.6788 36.7189 36.6955 36.5821 36.5476
36.9022 36.9395 36.9804 37.0278 37.0788 37.0999 37.0728 37.0544 37.0469 36.9631 36.8868 36.8416 36.7581 36.6681 36.6371 36.6787 36.7966 37.0627 37.2567 37.2457 37.2520 37.0633 37.0144 37.0087 37.0857 37.0989 37.1227 37.1114 37.1083 37.0936 37.1103 37.1390 37.1738 37.2308 37.2445 37.2749 37.2766 37.3334 37.3134 37.2692 37.2497 37.2215 37.2116 37.1268 37.0194 36.9355 36.9195 36.9458 36.9456 36.9657 36.9516 36.9089 36.8954 36.8432 36.8210 36.7584 36.6710 36.5718 36.5138 36.5119 36.5251 36.5942 36.6397 36.7083 36.7003 36.6128 36.5869
36.9391 36.9708 36.9929 36.9969 37.0311 37.0276 36.9901 36.9291 36.9216 36.8626 36.8317 36.8113 36.7753 36.6779 36.6326 36.6557 36.7708 37.0572 37.2580 37.2159 37.1792 37.1514 37.0789 37.0233 37.0416 37.0885 37.1496 37.1671 37.1701 37.1181 37.1233 37.1411 37.1532 37.1778 37.1810 37.2294 37.2711 37.3337 37.3384 37.3088 37.2744 37.2440 37.1928 37.0524 36.9486 36.8887 36.8762 36.9464 36.9626 37.0057 36.9946 36.9328 36.9013 36.8416 36.8012 36.7415 36.6805 36.5948 36.5296 36.5038 36.5396 36.5798 36.6442 36.6868 36.6867 36.5917 36.5889
36.9149 36.9649 36.9918 36.9920 36.9808 36.9810 36.9326 36.9300 36.9279 36.9075 36.8815 36.8692 36.7878 36.7200 36.6701 36.6825 36.7971 37.0981 37.2528 37.2196 37.1911 37.1905 37.1600 37.1657 37.1251 37.1425 37.1661 37.1468 37.1400 37.1333 37.1475 37.1239 37.1412 37.1440 37.1408 37.2419 37.2918 37.3315 37.3146 37.3009 37.2983 37.2868 37.1903 37.0744 36.9622 36.9127 36.8918 36.9722 36.9889 36.9931 36.9861 36.9208 36.8946 36.8379 36.8015 36.7402 36.7090 36.6390 36.5789 36.5333 36.5863 36.6338 36.6707 36.7000 36.6760 36.5895 36.5938
36.9267 36.9405 36.8959 36.8701 36.8601 36.8512 36.8115 36.8244 36.8832 36.9226 36.9280 36.8882 36.8654 36.7752 36.7745 36.8060 36.8786 37.1456 37.2725 37.2454 37.2441 37.2444 37.2586 37.3025 37.3118 37.2573 37.2118 37.2183 37.2312 37.2290 37.2367 37.2429 37.2189 37.1904 37.1577 37.2268 37.3078 37.3399 37.3669 37.4011 37.3639 37.3603 37.2343 37.1046 36.9778 36.9323 36.9245 36.9834 36.9709 36.9739 36.9694 36.9215 36.9084 36.8678 36.8467 36.8010 36.7578 36.6979 36.6610 36.5869 36.6396 36.6722 36.6945 36.7091 36.6735 36.6048 36.6191
36.9110 36.9246 36.9160 36.8845 36.8694 36.8259 36.7944 36.8202 36.8838 36.9011 36.9250 36.9267 36.9052 36.8210 36.7885 36.8257 36.9481 37.1522 37.3102 37.2910 37.2918 37.2843 37.2960 37.3328 37.3720 37.3066 37.2481 37.2213 37.2307 37.2699 37.2461 37.2739 37.3108 37.2779 37.2534 37.3054 37.3346 37.3244 37.2888 37.3448 37.4084 37.3813 37.3541 37.2885 37.1437 37.0934 37.0996 37.1054 37.0758 37.0624 37.0227 36.9672 36.9669 36.8863 36.8426 36.7937 36.7594 36.7292 36.7071 36.6716 36.7282 36.7890 36.8236 36.8261 36.7694 36.7090 36.7328
