regresion/ABRIL_2003_CORREGIDOS/MODIS/Composicion (B12).txt
ncols         167
nrows         127
xllcorner     -112.016
yllcorner     26.721
cellsize      0.00898
[rows 87 to 115 of 127, columns 67 to 133 of 167]
37.5171 37.5714 37.6739 37.6873 37.7681 37.8669 37.8968 38.0171 38.1064 38.0858 38.0350 37.9655 37.8969 37.8464 37.8230 37.7668 37.7478 37.7273 37.6851 37.6515 37.5750 37.5145 37.4409 37.4216 37.4360 37.3999 37.3834 37.4268 37.5636 37.6051 37.6460 37.6758 37.5970 37.5258 37.5280 37.5985 37.7590 37.8788 37.9108 37.9307 37.7759 37.6159 37.5427 37.5866 37.6968 37.6776 37.6831 37.6428 37.6089 37.5709 37.6148 37.7067 37.7325 37.8219 37.8442 37.8459 37.8793 37.9415 37.9807 38.0341 38.0668 38.0316 38.0352 38.0026 38.0013 38.0353 38.0382
37.4020 37.4671 37.6289 37.6984 37.7446 37.8491 37.8985 37.9814 38.0613 38.0969 38.0831 38.0465 37.9971 37.9701 37.9528 37.8716 37.7703 37.7562 37.6908 37.6500 37.5693 37.5180 37.4308 37.4247 37.4180 37.4092 37.4391 37.5210 37.5761 37.5759 37.6189 37.5984 37.5417 37.5080 37.5143 37.6086 37.7522 37.8667 37.9359 37.9470 37.7647 37.6136 37.5700 37.5516 37.5918 37.5595 37.6343 37.5933 37.5981 37.5729 37.5840 37.6992 37.7341 37.8027 37.8005 37.7954 37.8358 37.8555 37.8521 37.8813 37.7584 37.7639 37.8293 37.8330 37.8990 37.9606 37.9857
37.4157 37.4121 37.4734 37.5854 37.7132 37.8119 37.8577 37.9502 38.0086 38.0463 38.0608 38.0346 38.0069 38.0003 37.9447 37.8893 37.8125 37.7685 37.7283 37.6881 37.6166 37.5362 37.4447 37.4366 37.4303 37.4200 37.4597 37.5410 37.6312 37.6314 37.6695 37.6253 37.5265 37.5187 37.5159 37.5946 37.6907 37.7950 37.8839 37.9303 37.7471 37.6264 37.5819 37.5620 37.5420 37.5229 37.5979 37.5835 37.5713 37.5644 37.6669 37.7258 37.7777 37.8126 37.8282 37.8102 37.8357 37.8297 37.7709 37.7824 37.7376 37.6810 37.7112 37.7276 37.7521 37.8081 37.8711
37.4849 37.4533 37.4312 37.4574 37.5245 37.6191 37.6585 37.7849 37.8198 37.9131 37.9305 37.9673 37.9558 37.9639 37.9266 37.9133 37.8482 37.8222 37.7458 37.7034 37.6447 37.5926 37.5343 37.5227 37.4910 37.4560 37.4492 37.5131 37.6107 37.6199 37.7193 37.6568 37.5821 37.5607 37.6269 37.6406 37.6810 37.7734 37.8260 37.8302 37.7268 37.6404 37.6230 37.5884 37.5565 37.5324 37.5716 37.5905 37.5634 37.5725 37.6894 37.7607 37.7743 37.7985 37.8136 37.8067 37.7918 37.7373 37.6536 37.6106 37.5328 37.5397 37.5769 37.5833 37.6014 37.6499 37.7132
37.5564 37.5256 37.4946 37.4696 37.5059 37.5242 37.5156 37.5111 37.5469 37.6617 37.7616 37.7389 37.8112 37.8567 37.8549 37.8523 37.8220 37.8045 37.7339 37.6866 37.6272 37.5778 37.5514 37.5350 37.4949 37.4695 37.4747 37.4905 37.5996 37.6603 37.7626 37.7075 37.5988 37.5495 37.5526 37.5993 37.6676 37.7644 37.8408 37.8258 37.7363 37.6244 37.6174 37.6210 37.5693 37.5419 37.5597 37.5437 37.5210 37.5207 37.6297 37.6953 37.7124 37.7346 37.7261 37.7082 37.6642 37.6314 37.5870 37.5295 37.5043 37.5300 37.5677 37.5690 37.5707 37.5853 37.6239
37.6088 37.6109 37.5677 37.5114 37.4994 37.5112 37.4595 37.4354 37.4734 37.4895 37.4384 37.4629 37.5397 37.5457 37.7116 37.6963 37.7512 37.7974 37.7794 37.7949 37.7042 37.6484 37.5739 37.5714 37.5083 37.4751 37.4548 37.4917 37.6043 37.6511 37.7862 37.7310 37.6050 37.5685 37.5668 37.5840 37.6281 37.6920 37.6941 37.6999 37.7430 37.7435 37.7156 37.7160 37.7187 37.6726 37.5534 37.5468 37.4398 37.4851 37.5920 37.6764 37.7221 37.7054 37.6660 37.6084 37.5619 37.5584 37.5723 37.5466 37.4965 37.4930 37.5305 37.5282 37.5333 37.5470 37.5752
37.6775 37.6858 37.6311 37.5743 37.5134 37.5274 37.5108 37.4733 37.4485 37.4153 37.4336 37.3363 37.3451 37.3442 37.4207 37.4302 37.5643 37.6943 37.7631 37.7979 37.7136 37.6387 37.5897 37.5557 37.5239 37.4799 37.4466 37.5133 37.6280 37.6978 37.8363 37.7599 37.6487 37.5843 37.5761 37.5691 37.5317 37.5858 37.6461 37.6203 37.7078 37.6663 37.6723 37.7212 37.6873 37.6787 37.6929 37.6100 37.6683 37.5867 37.6672 37.6393 37.6955 37.6229 37.5309 37.4796 37.4888 37.5124 37.5495 37.5334 37.4979 37.4811 37.5132 37.5043 37.5169 37.5289 37.5268
37.7322 37.7330 37.6314 37.5565 37.5495 37.5739 37.5611 37.4996 37.4631 37.4010 37.3566 37.3148 37.2825 37.2333 37.2086 37.2618 37.2969 37.5167 37.5985 37.6712 37.6638 37.6142 37.6398 37.5921 37.5130 37.4637 37.4499 37.4755 37.5404 37.6012 37.7483 37.6998 37.6386 37.6078 37.5784 37.5442 37.5110 37.5581 37.6089 37.6026 37.6848 37.6426 37.6944 37.7089 37.6952 37.7254 37.7187 37.5893 37.4585 37.4438 37.6270 37.7608 37.7011 37.6023 37.4421 37.3682 37.4129 37.4540 37.4657 37.5035 37.4859 37.4821 37.4944 37.4890 37.5163 37.5072 37.4713
37.6766 37.6925 37.6755 37.5996 37.5403 37.4735 37.4345 37.4131 37.4052 37.4648 37.3810 37.3365 37.3001 37.2612 37.2343 37.2492 37.2613 37.3171 37.4451 37.4942 37.5116 37.5666 37.5798 37.5446 37.4697 37.4524 37.4659 37.4525 37.5088 37.5175 37.6584 37.6111 37.5684 37.5851 37.5354 37.5254 37.5010 37.5325 37.5489 37.5200 37.5775 37.5617 37.5789 37.6529 37.7258 37.7850 37.7675 37.6250 37.4387 37.4138 37.5843 37.5417 37.5766 37.4643 37.4364 37.4346 37.4531 37.4318 37.5331 37.4637 37.5008 37.4846 37.4553 37.4865 37.4766 37.4113 37.3890
37.5434 37.5275 37.5234 37.5372 37.5205 37.4632 37.4500 37.4217 37.4064 37.3456 37.3436 37.3670 37.3970 37.3321 37.3413 37.3677 37.3376 37.3666 37.3415 37.3316 37.3830 37.4519 37.5403 37.5135 37.4823 37.3886 37.3944 37.4540 37.5376 37.5214 37.6224 37.5724 37.5077 37.4861 37.4811 37.5028 37.4795 37.4921 37.5191 37.4901 37.5080 37.4941 37.5075 37.5349 37.5944 37.6303 37.6677 37.5352 37.3167 37.2867 37.4075 37.4569 37.4636 37.4380 37.3609 37.3222 37.3358 37.3625 37.4175 37.4796 37.4816 37.4802 37.4899 37.5014 37.4731 37.3692 37.3296
37.4757 37.4771 37.4950 37.4848 37.4740 37.4509 37.4310 37.4258 37.4093 37.3523 37.2950 37.2867 37.3165 37.3002 37.2906 37.3318 37.3667 37.3756 37.3701 37.3519 37.3464 37.3052 37.4088 37.3954 37.4966 37.4219 37.3599 37.4076 37.5229 37.5281 37.6104 37.5490 37.4843 37.4507 37.4648 37.4930 37.5045 37.4974 37.4976 37.4768 37.4662 37.4403 37.4503 37.4630 37.4658 37.4604 37.5492 37.5082 37.3069 37.2084 37.3481 37.4188 37.4244 37.4001 37.3557 37.3152 37.2945 37.3218 37.3855 37.4160 37.4161 37.4147 37.4407 37.4620 37.4064 37.2946 37.2520
37.4182 37.3823 37.4193 37.3889 37.3905 37.3812 37.3701 37.3545 37.3514 37.3313 37.3278 37.3050 37.3148 37.2977 37.2629 37.3043 37.3501 37.3640 37.3554 37.3075 37.2878 37.2359 37.2351 37.2594 37.3359 37.3359 37.3713 37.3752 37.4458 37.4832 37.5889 37.5253 37.4393 37.4426 37.4464 37.4778 37.5091 37.5294 37.5150 37.4801 37.4235 37.4116 37.4201 37.4441 37.4090 37.4236 37.5286 37.5292 37.3725 37.1561 37.2995 37.4121 37.4295 37.3844 37.3239 37.2848 37.2595 37.3111 37.3325 37.3523 37.3783 37.4068 37.4211 37.4115 37.3445 37.2532 37.2198
37.4059 37.3849 37.3631 37.3257 37.3278 37.3173 37.2846 37.2971 37.2916 37.2976 37.2817 37.2660 37.2743 37.2806 37.2727 37.2985 37.3043 37.3224 37.3495 37.3177 37.2721 37.2086 37.1700 37.1791 37.1243 37.1137 37.2560 37.3684 37.4514 37.4043 37.5061 37.5228 37.4359 37.3839 37.4155 37.4534 37.5182 37.5500 37.5359 37.5084 37.4244 37.3686 37.4072 37.4141 37.3654 37.4062 37.4937 37.5291 37.3457 37.1643 37.3020 37.3879 37.3871 37.3135 37.2678 37.2521 37.2372 37.2612 37.3204 37.3576 37.3782 37.3908 37.4079 37.3740 37.2881 37.2143 37.1823
37.3892 37.3673 37.3507 37.3265 37.3166 37.2966 37.2442 37.2391 37.2517 37.2628 37.2519 37.2410 37.2711 37.2855 37.3004 37.3089 37.3119 37.3156 37.3221 37.2970 37.2579 37.1995 37.1698 37.1524 37.0678 36.9540 36.9777 37.1011 37.2693 37.3800 37.4828 37.5700 37.5431 37.4434 37.4190 37.4286 37.4855 37.5275 37.4738 37.4756 37.4187 37.3582 37.3724 37.3956 37.3653 37.4059 37.5147 37.4605 37.2349 37.2189 37.3370 37.3717 37.3689 37.3098 37.2743 37.2336 37.2208 37.2597 37.3302 37.3611 37.3866 37.3558 37.3756 37.3452 37.2396 37.1898 37.1870
37.3591 37.3660 37.3601 37.3472 37.3447 37.3189 37.2641 37.2602 37.2893 37.2874 37.2757 37.2573 37.2506 37.2522 37.2602 37.2810 37.2981 37.2946 37.2783 37.2598 37.2111 37.1715 37.1383 37.0976 36.9994 36.8596 36.8225 36.9523 37.1028 37.1995 37.3929 37.5358 37.5065 37.4277 37.3945 37.4053 37.4250 37.4657 37.4838 37.4295 37.4195 37.3377 37.3390 37.3739 37.4169 37.4452 37.5286 37.4920 37.2407 37.1961 37.3194 37.3559 37.3652 37.3140 37.2757 37.2334 37.2464 37.3065 37.3429 37.3684 37.3874 37.3579 37.3503 37.3184 37.2246 37.1983 37.1972
37.3324 37.3706 37.3524 37.3628 37.3712 37.3476 37.3027 37.2565 37.2539 37.2692 37.2861 37.2694 37.2344 37.2269 37.1979 37.2285 37.2601 37.2529 37.2711 37.2354 37.1716 37.1310 37.1378 37.1190 36.9999 36.9224 36.8585 36.8830 36.9622 37.1043 37.2296 37.4607 37.5691 37.5098 37.4106 37.3754 37.3756 37.4402 37.4478 37.3810 37.4242 37.4538 37.4285 37.4265 37.4027 37.4269 37.5273 37.4968 37.1632 37.1717 37.2829 37.3454 37.3666 37.3351 37.2949 37.2744 37.2590 37.3285 37.3728 37.3770 37.3735 37.3365 37.3220 37.2950 37.2188 37.2045 37.2158
37.3563 37.3628 37.3630 37.3722 37.3841 37.3816 37.3490 37.2498 37.2498 37.2296 37.2229 37.2640 37.2292 37.1940 37.1995 37.1959 37.2016 37.1866 37.1979 37.1708 37.1024 37.0444 37.0336 36.9998 36.9224 36.8528 36.8156 36.9098 36.9782 37.0586 37.1715 37.2850 37.4816 37.5433 37.4854 37.4107 37.3610 37.3996 37.4478 37.4196 37.4105 37.4868 37.5152 37.5179 37.5740 37.5570 37.5548 37.5006 37.1824 37.1973 37.2813 37.3315 37.3985 37.3605 37.3172 37.2962 37.2805 37.3398 37.3567 37.3715 37.3554 37.2813 37.2576 37.2491 37.2195 37.2360 37.2160
37.4048 37.3709 37.3632 37.3818 37.4094 37.3726 37.3495 37.3282 37.2907 37.1930 37.1415 37.1515 37.1439 37.0921 37.0932 37.0837 37.0752 37.0669 37.0574 37.0675 37.0121 37.0281 37.0172 36.8996 36.8544 36.8269 36.8471 36.9278 36.9645 37.0058 37.0959 37.1943 37.3111 37.4863 37.5256 37.4699 37.4127 37.3822 37.3942 37.4401 37.4230 37.4669 37.5300 37.4999 37.5951 37.6033 37.6132 37.4604 37.2386 37.3110 37.3389 37.4250 37.4249 37.4347 37.3590 37.2796 37.2863 37.2998 37.3071 37.3446 37.3113 37.2506 37.2361 37.2325 37.2131 37.2471 37.2094
37.3293 37.3162 37.3287 37.3631 37.3486 37.3386 37.3254 37.2800 37.2593 37.1633 37.0562 37.0197 37.0329 37.0201 37.0126 37.0000 36.9839 37.0014 36.9668 36.9428 36.9369 36.9467 36.9298 36.8476 36.8154 36.8097 36.8832 36.9452 36.9820 36.9915 37.0561 37.1540 37.2154 37.3405 37.5259 37.5680 37.5003 37.4744 37.4418 37.4363 37.4951 37.4541 37.4741 37.5207 37.6131 37.6182 37.6228 37.4463 37.2363 37.2997 37.3549 37.4040 37.4631 37.4096 37.3589 37.3478 37.2964 37.2746 37.2325 37.2592 37.2130 37.1968 37.1584 37.1666 37.1887 37.2663 37.2301
37.2578 37.2446 37.2558 37.2736 37.2684 37.2947 37.3012 37.2646 37.2131 37.1310 37.0527 37.0747 37.0844 36.9842 36.9745 36.9140 36.9137 36.8964 36.8698 36.8620 36.8539 36.9024 36.8979 36.8386 36.8325 36.8421 36.9216 36.9952 37.0191 37.0166 37.0766 37.1524 37.1960 37.2253 37.3847 37.5891 37.5642 37.5216 37.4817 37.4786 37.4986 37.4459 37.4323 37.4474 37.5020 37.5797 37.6194 37.4790 37.3213 37.3607 37.4233 37.4361 37.4269 37.3846 37.2699 37.2153 37.2047 37.2063 37.2294 37.3039 37.2472 37.2374 37.2478 37.1362 37.2121 37.2151 37.2215
37.1584 37.1781 37.2116 37.2195 37.2109 37.2611 37.2564 37.1832 37.1386 37.0890 37.0585 37.0363 36.9928 36.9220 36.9202 36.9811 36.9648 36.9039 36.9669 36.8576 36.8530 36.8479 36.8276 36.8214 36.8320 36.8479 36.9309 37.0374 37.0395 37.0296 37.1001 37.1733 37.2004 37.1956 37.2753 37.5094 37.5648 37.5008 37.5032 37.4984 37.5035 37.4507 37.4095 37.3989 37.4403 37.5003 37.5556 37.4521 37.2431 37.2870 37.3692 37.3738 37.3627 37.3165 37.2104 37.1524 37.1008 37.0901 37.1279 37.1857 37.1898 37.1945 37.1791 37.1675 37.1827 37.2691 37.1868
37.1374 37.1596 37.1494 37.1804 37.1865 37.1860 37.2021 37.1791 37.1285 37.0786 37.0609 37.0287 36.9905 36.9173 36.8799 36.8986 36.8900 36.8949 36.9095 36.9080 36.8470 36.8501 36.8390 36.8683 36.8630 36.8227 36.9284 36.9862 37.0049 37.0561 37.1259 37.1786 37.2191 37.2281 37.2241 37.3759 37.5559 37.5302 37.5317 37.4914 37.4634 37.4152 37.3809 37.3857 37.3897 37.4286 37.4790 37.4063 37.1449 37.1710 37.2877 37.3127 37.2883 37.2469 37.1502 37.0869 37.0554 37.0419 37.1118 37.1534 37.1712 37.1486 37.0967 37.1205 37.1518 37.1646 37.1279
37.2221 37.2179 37.1825 37.1735 37.1776 37.1759 37.1787 37.1791 37.1471 37.0954 37.0694 37.0287 36.9703 36.9040 36.8570 36.8886 36.9071 36.8809 36.8184 36.7987 36.7820 36.7866 36.8081 36.8579 36.8748 36.8551 36.9408 37.0056 36.9717 37.0508 37.1553 37.2120 37.1925 37.1962 37.1822 37.2538 37.4294 37.4235 37.5131 37.4759 37.4258 37.3872 37.3589 37.3855 37.3881 37.4048 37.4215 37.3393 37.1246 37.1043 37.2463 37.2571 37.2220 37.1582 37.0728 37.0330 37.0131 37.0433 37.1101 37.1428 37.1334 37.1200 37.0878 37.0943 37.1420 37.1589 37.1455
37.2218 37.2013 37.0818 37.0998 37.1247 37.0665 37.1311 37.0870 37.0217 36.9856 36.9185 36.8828 36.8889 36.8815 36.8479 36.8395 36.8141 36.7920 36.7646 36.7495 36.7580 36.7739 36.7796 36.8326 36.8648 36.8631 36.9324 36.9934 37.0173 37.0868 37.1732 37.2148 37.2183 37.1569 37.1446 37.1353 37.2711 37.2740 37.4311 37.4530 37.3949 37.3498 37.3824 37.3622 37.3551 37.3982 37.4031 37.2373 37.0614 37.1006 37.2076 37.2236 37.1770 37.1300 37.0765 37.0434 37.0254 37.0334 37.0424 37.1045 37.0778 37.0834 37.0555 37.0694 37.1169 37.1622 37.1505
37.1743 37.1921 37.1448 37.0861 37.0941 37.1841 37.1116 37.0578 37.1422 36.9874 36.8836 36.9362 36.8393 36.7992 36.7576 36.7315 36.7188 36.7318 36.7756 36.7592 36.7512 36.7446 36.7633 36.8156 36.8754 36.8957 36.9962 37.0352 37.0240 37.0480 37.1199 37.1915 37.1946 37.2162 37.1581 37.1311 37.2354 37.2926 37.4177 37.3498 37.2682 37.2517 37.3547 37.3672 37.3812 37.4055 37.4417 37.2825 37.0431 37.0513 37.1286 37.1620 37.1466 37.1167 37.0926 37.0496 37.0283 37.0135 37.0166 37.0837 37.0475 37.0715 37.0534 37.0711 37.0998 37.1526 37.1368
37.1850 37.1367 37.0725 37.0516 37.0885 37.0849 37.0807 37.0814 37.0439 36.9879 36.8894 36.8837 36.8375 36.7333 36.7560 36.7188 36.6672 36.7054 36.7460 36.7434 36.7691 36.7962 36.7987 36.8116 36.8782 36.9241 36.9985 37.0216 37.0058 37.0581 37.0752 37.1218 37.1395 37.1298 37.0807 37.0831 37.2312 37.2099 37.3796 37.3656 37.3070 37.3023 37.3339 37.3946 37.3699 37.3445 37.3943 37.2622 36.9658 36.9683 37.0585 37.1047 37.1120 37.1347 37.1104 37.0303 36.9971 36.9824 36.9817 37.0177 37.0085 37.0645 37.0508 37.0672 37.0975 37.1175 37.1182
37.1720 37.1673 37.0754 37.0506 37.0901 37.0466 37.0666 37.0443 36.9740 36.9171 36.8532 36.8081 36.7351 36.6775 36.6977 36.7379 36.7333 36.7348 36.7539 36.7665 36.8017 36.8028 36.7643 36.8083 36.8706 36.8894 36.9444 36.9642 36.9799 37.0254 37.0754 37.1153 37.1319 37.1280 37.0938 37.0981 37.1534 37.1236 37.2499 37.2930 37.2610 37.2344 37.2725 37.3091 37.3688 37.3442 37.3473 37.1777 36.8974 36.8596 36.9589 37.0229 37.0566 37.1093 37.0672 36.9968 36.9305 36.9105 36.9570 36.9698 36.9927 37.0481 37.0567 37.0368 37.0576 37.0974 37.0929
37.2290 37.1705 37.1554 37.0478 37.0039 36.9736 36.9338 36.9086 36.8814 36.8326 36.7834 36.7387 36.7151 36.6861 36.6806 36.7212 36.7312 36.7505 36.7921 36.7832 36.8141 36.8249 36.7979 36.8221 36.8519 36.8343 36.9112 36.9726 36.9922 37.0015 37.0576 37.0867 37.1056 37.1131 37.1431 37.1529 37.1027 37.0486 37.1369 37.2618 37.2164 37.2325 37.2576 37.2305 37.2820 37.2055 37.2184 37.0906 36.8815 36.7802 36.8333 36.9118 36.9535 36.9759 37.0123 36.9151 36.8857 36.8518 36.9209 36.9398 36.9464 37.0191 37.0655 37.0074 37.0047 37.0592 37.0580
37.0853 37.0976 37.0932 37.0322 37.0141 37.0208 37.0027 36.9610 36.9225 36.8473 36.7860 36.7240 36.7087 36.7141 36.7205 36.7632 36.7860 36.8301 36.8539 36.8646 36.8532 36.8306 36.8287 36.8594 36.8662 36.8655 36.9148 37.0002 36.9689 36.9738 36.9959 37.0253 37.0510 37.0933 37.0866 37.0366 36.9638 36.9370 36.9742 37.0901 37.0984 37.1003 37.1100 37.1124 37.1305 37.0941 37.1451 37.0766 36.8698 36.7596 36.7870 36.8806 36.9286 36.9580 36.9991 36.9955 36.8850 36.8740 36.8528 36.8950 36.9030 36.9669 37.0635 37.0303 36.9890 37.0087 37.0418
