regresion/ABRIL_2003_CORREGIDOS/MODIS/Composicion (B12).txt
ncols         167
nrows         127
xllcorner     -112.016
yllcorner     26.721
cellsize      0.00898
[rows 87 to 115 of 127, columns 0 to 66 of 167]
-1.0000 -1.0000 -1.0000 -1.0000 -0.5028 1.1112 5.4108 11.2278 27.6063 53.4972 44.3953 42.5357 39.8055 38.7625 38.3179 38.0257 37.8531 37.6227 37.5901 37.6183 37.6357 37.6348 37.5877 37.5588 37.4957 37.4247 37.4402 37.4118 37.4323 37.4547 37.4974 37.5602 37.5084 37.4475 37.4470 37.4322 37.4152 37.4217 37.3836 37.4135 37.4234 37.4349 37.4154 37.3860 37.3620 37.3838 37.4150 37.4983 37.5732 37.6584 37.6620 37.6758 37.6775 37.6431 37.6075 37.5500 37.4719 37.4331 37.3828 37.3674 37.4675 37.4777 37.4659 37.5245 37.6188 37.6602 37.5629
-1.0000 -1.0000 0.2181 0.2181 4.9561 4.0587 5.0184 15.9617 24.3545 47.2555 45.5903 43.5365 40.7059 39.7655 38.5086 38.5014 37.9467 37.7445 37.6396 37.6452 37.6796 37.6837 37.6099 37.6159 37.5738 37.5088 37.4881 37.4863 37.4537 37.4932 37.5277 37.5698 37.5302 37.4779 37.4344 37.4328 37.4183 37.4456 37.3936 37.3890 37.4000 37.4287 37.4156 37.4190 37.3919 37.3640 37.3914 37.4347 37.4329 37.4803 37.5320 37.5296 37.5862 37.5529 37.5115 37.4550 37.4295 37.4263 37.3979 37.3946 37.4626 37.5041 37.5033 37.5131 37.5090 37.5173 37.4479
-1.0000 -1.0000 0.5802 0.5802 8.1355 21.8330 39.6007 38.4734 38.1699 45.5267 46.8773 45.8423 43.1952 41.1553 39.2587 38.4099 38.0565 37.8497 37.6920 37.6999 37.6869 37.6709 37.6169 37.5850 37.6017 37.5312 37.5155 37.4745 37.4444 37.4642 37.4797 37.5317 37.5337 37.4894 37.4231 37.4158 37.4120 37.4487 37.4452 37.4128 37.4128 37.3937 37.3815 37.3547 37.3710 37.3916 37.4193 37.5361 37.5356 37.4544 37.5077 37.4930 37.5336 37.4818 37.4462 37.4500 37.4218 37.4303 37.4196 37.4258 37.4558 37.4866 37.4786 37.4962 37.4578 37.4600 37.4226
-1.0000 -1.0000 1.3601 1.3601 16.6111 34.9355 41.1892 41.6823 46.3100 52.0046 50.3174 49.6499 49.0697 45.8037 41.3469 39.1258 38.4574 37.9851 37.7599 37.7717 37.7150 37.6676 37.6320 37.5982 37.5815 37.5632 37.5298 37.5017 37.4853 37.4980 37.4907 37.4885 37.4890 37.4685 37.4207 37.3773 37.3668 37.4065 37.4398 37.4298 37.4182 37.4027 37.3954 37.3955 37.4333 37.4593 37.4605 37.4533 37.4763 37.4572 37.4705 37.5919 37.6768 37.5233 37.5078 37.4360 37.4413 37.4012 37.3704 37.4005 37.4273 37.4730 37.5196 37.5336 37.4969 37.4965 37.4774
-1.0000 -1.0000 2.4735 4.2544 31.5192 46.1734 41.3344 46.1931 51.9257 54.9508 55.7806 55.5722 52.3502 50.4861 41.9430 39.4765 38.5371 38.0056 37.7935 37.7901 37.7374 37.6811 37.6455 37.6249 37.5638 37.5301 37.5069 37.4879 37.4728 37.4709 37.4484 37.3824 37.3489 37.3878 37.4001 37.3611 37.3756 37.4020 37.4648 37.4578 37.4579 37.4361 37.4350 37.4344 37.4980 37.5115 37.5162 37.4982 37.4945 37.4686 37.4734 37.4929 37.5170 37.6202 37.6351 37.5690 37.5819 37.5576 37.5024 37.4424 37.4214 37.4500 37.4818 37.4980 37.5132 37.5242 37.5609
-1.0000 -1.0000 3.3104 20.5641 31.3621 43.3323 44.7555 44.1889 45.4525 49.4023 54.9003 56.8454 46.1217 48.4646 41.5532 39.3226 38.6542 38.0742 37.8690 37.8030 37.7061 37.6459 37.5818 37.5801 37.4747 37.4296 37.3993 37.4355 37.4408 37.4440 37.4161 37.3848 37.3860 37.3838 37.3877 37.3771 37.3838 37.4097 37.4697 37.4333 37.4686 37.4707 37.4605 37.4664 37.5151 37.5516 37.5358 37.5559 37.5557 37.5331 37.5580 37.5522 37.5506 37.5967 37.5937 37.5612 37.5498 37.5600 37.5337 37.4933 37.5466 37.5427 37.5339 37.5624 37.5757 37.5806 37.6231
2.2713 4.7409 16.6630 32.5704 36.1692 40.1961 41.5172 41.2471 41.2779 42.5666 44.1208 45.5491 44.1152 41.5282 40.3085 39.0593 38.1808 37.9104 37.8131 37.7447 37.6717 37.6335 37.5642 37.5425 37.4834 37.4520 37.4132 37.4254 37.4456 37.4294 37.4045 37.3966 37.4034 37.3953 37.4009 37.3932 37.3859 37.4189 37.4484 37.4204 37.4623 37.5189 37.4899 37.4753 37.4858 37.5037 37.5560 37.5520 37.5601 37.5555 37.5557 37.5894 37.5918 37.6286 37.6699 37.6264 37.5837 37.5865 37.5556 37.5262 37.5456 37.5335 37.5664 37.6147 37.6647 37.6763 37.6502
14.0228 23.2521 33.1945 39.4994 36.7335 39.7891 40.5282 39.9318 39.8765 39.9436 40.2216 39.9982 39.6489 39.2221 38.7871 38.4293 38.1335 38.0228 37.8538 37.7905 37.6926 37.6039 37.5958 37.5209 37.5173 37.4735 37.4099 37.4136 37.4397 37.4583 37.4359 37.4205 37.4164 37.4039 37.3920 37.3992 37.3792 37.3998 37.4179 37.3947 37.4149 37.4866 37.4835 37.4760 37.4536 37.4682 37.5035 37.5609 37.5788 37.5625 37.5420 37.5683 37.5611 37.5961 37.6471 37.6692 37.6529 37.6052 37.5731 37.5695 37.5076 37.5502 37.5511 37.5940 37.6618 37.6630 37.7095
15.0406 23.7423 36.2808 44.0876 42.3814 42.7691 41.1797 39.7977 39.8836 39.2016 39.1642 39.3924 38.8888 38.6351 38.4663 38.3900 38.1599 38.0617 37.9440 37.8860 37.8218 37.7441 37.6656 37.5909 37.5395 37.4897 37.4450 37.3730 37.4281 37.4182 37.4223 37.3982 37.3732 37.3582 37.3378 37.3596 37.3556 37.3857 37.3659 37.3481 37.3876 37.4007 37.4161 37.4155 37.3912 37.4180 37.4368 37.5360 37.5551 37.4968 37.5890 37.5830 37.6346 37.6269 37.6708 37.6917 37.6747 37.6624 37.6233 37.5880 37.5860 37.5629 37.5523 37.5447 37.5709 37.6048 37.6436
15.0111 23.8445 41.1191 41.8293 41.9322 40.9519 39.9011 39.5216 39.3013 39.0734 38.7888 39.5698 39.5378 38.5669 38.7489 38.5660 38.2159 38.0851 38.0438 38.0144 37.9134 37.8009 37.7208 37.6409 37.5942 37.5072 37.4504 37.4136 37.3949 37.3845 37.3559 37.3476 37.3250 37.2924 37.3126 37.3094 37.3345 37.3900 37.3699 37.3667 37.4267 37.4204 37.4328 37.4511 37.4167 37.4206 37.4415 37.4980 37.5435 37.5776 37.5689 37.5411 37.5797 37.5852 37.5880 37.5959 37.5843 37.5821 37.5534 37.5057 37.5360 37.5349 37.5207 37.5024 37.5090 37.5379 37.5312
16.9939 26.6354 41.4085 39.9735 41.4447 40.5181 39.6672 39.2242 39.0909 38.9115 38.7233 38.6352 38.5093 38.3848 38.2841 38.2280 38.1500 38.0892 38.0699 38.0989 38.0165 37.8962 37.7575 37.6785 37.6404 37.4937 37.4845 37.4177 37.4274 37.4907 37.5122 37.4347 37.4201 37.3480 37.3516 37.3513 37.3924 37.4116 37.3775 37.3751 37.4059 37.4162 37.4095 37.4088 37.3596 37.3564 37.3674 37.3972 37.4490 37.5102 37.5096 37.5242 37.5690 37.5648 37.5414 37.5021 37.4836 37.4981 37.4838 37.4605 37.4925 37.4830 37.4487 37.4706 37.4716 37.4971 37.4758
19.1897 25.9747 36.8849 38.8473 41.6187 40.5621 39.6179 39.1253 39.0178 38.8196 38.6411 38.5616 38.4422 38.3371 38.2834 38.2307 38.1926 38.1069 38.0839 38.0970 38.0570 37.9950 37.9130 37.7830 37.6984 37.6245 37.5720 37.4970 37.4523 37.4761 37.5044 37.4725 37.4381 37.3650 37.3407 37.3368 37.3507 37.3600 37.3541 37.3674 37.3694 37.3880 37.4222 37.4359 37.3875 37.3669 37.3811 37.4143 37.4149 37.4693 37.4504 37.4572 37.5063 37.4931 37.4673 37.4382 37.4573 37.4548 37.4395 37.4468 37.4659 37.4667 37.4669 37.4472 37.4502 37.4540 37.4378
16.3202 34.7063 31.9883 40.8947 42.9712 40.6185 39.6120 39.0653 38.9443 38.7369 38.5842 38.5324 38.4030 38.2880 38.2485 38.2368 38.1874 38.1453 38.1181 38.0917 38.0498 38.0329 37.9321 37.8335 37.7066 37.6476 37.6024 37.5145 37.4474 37.4564 37.4576 37.4718 37.4264 37.3748 37.3368 37.3437 37.3527 37.3537 37.3551 37.3628 37.3725 37.3523 37.3712 37.3815 37.3211 37.3307 37.3523 37.3441 37.4063 37.4510 37.4628 37.4559 37.4913 37.4973 37.4791 37.4378 37.4293 37.4228 37.4316 37.4438 37.4904 37.4749 37.4478 37.4293 37.3992 37.4245 37.4253
22.6979 45.0369 43.7958 41.6657 43.8007 42.0943 40.3126 39.1620 39.0057 38.7895 38.6083 38.5557 38.4357 38.3097 38.2543 38.2430 38.2106 38.1351 38.1070 38.0282 37.9726 37.9969 37.9384 37.8596 37.7573 37.6989 37.6658 37.5861 37.5063 37.4831 37.4908 37.4666 37.4178 37.4441 37.3845 37.3578 37.3403 37.3440 37.3448 37.3041 37.2933 37.2831 37.3078 37.3259 37.3197 37.3276 37.3348 37.3481 37.3885 37.4440 37.4467 37.4333 37.4906 37.4839 37.4562 37.4573 37.4547 37.4027 37.3906 37.3934 37.4506 37.4320 37.3949 37.3696 37.3770 37.4034 37.3993
15.5653 30.9818 38.1560 35.9441 43.3830 41.3768 39.6596 39.4497 39.1355 38.8937 38.5978 38.5723 38.4800 38.3325 38.2614 38.2391 38.2088 38.0891 38.0804 38.0316 37.9409 37.9781 37.9210 37.8572 37.7580 37.6866 37.6583 37.6290 37.5506 37.4875 37.5075 37.4865 37.3937 37.3959 37.4012 37.3952 37.3852 37.3982 37.3739 37.3079 37.2881 37.2862 37.2786 37.2903 37.3152 37.3255 37.3342 37.3479 37.3683 37.4036 37.4122 37.4228 37.4424 37.4393 37.4297 37.4427 37.4264 37.4028 37.3544 37.3763 37.3460 37.3553 37.3217 37.2991 37.3171 37.3555 37.3547
10.1227 20.3046 24.3575 31.7247 36.4708 42.4162 40.9848 40.5658 40.0257 39.3866 38.7422 38.6292 38.4596 38.3678 38.2684 38.2304 38.1768 38.0886 38.0627 38.0607 37.9695 37.9216 37.8345 37.7821 37.6989 37.6181 37.6466 37.6388 37.5735 37.5271 37.5170 37.4953 37.4466 37.4348 37.4386 37.4737 37.4725 37.4865 37.4209 37.3380 37.2651 37.2524 37.2499 37.2791 37.3099 37.3235 37.3384 37.3227 37.3277 37.3621 37.3794 37.3500 37.3739 37.4020 37.4250 37.3918 37.3823 37.3885 37.3499 37.3678 37.3895 37.3526 37.2981 37.2906 37.2734 37.3222 37.3117
9.7750 15.1551 21.3525 24.8174 30.4099 41.0837 42.4506 42.5916 40.4471 39.5409 38.8674 38.7777 38.5977 38.4069 38.2947 38.2310 38.1578 38.0211 37.9633 37.9109 37.8870 37.8463 37.7683 37.7150 37.6691 37.6233 37.7056 37.7168 37.6649 37.5784 37.5509 37.5032 37.4915 37.4830 37.4814 37.5228 37.5224 37.5331 37.4537 37.4029 37.3519 37.2813 37.2603 37.2693 37.3001 37.3131 37.3263 37.3272 37.3330 37.3178 37.3175 37.3140 37.3394 37.3703 37.3494 37.3218 37.2958 37.2997 37.2716 37.2850 37.2801 37.3046 37.2823 37.3675 37.3417 37.3426 37.4138
9.8987 11.8186 16.3501 14.3496 14.4448 36.3822 39.0651 39.0123 37.0911 38.9565 39.1038 38.8793 38.6029 38.4327 38.3318 38.2667 38.1893 38.1333 38.0158 37.9706 37.9335 37.8829 37.8139 37.7716 37.6989 37.6699 37.7195 37.7667 37.7862 37.6785 37.5614 37.5077 37.5001 37.4897 37.4585 37.4932 37.5172 37.5491 37.4935 37.4464 37.3994 37.3306 37.2667 37.2499 37.2654 37.2626 37.3140 37.3362 37.3145 37.2832 37.2713 37.2698 37.3034 37.2944 37.2765 37.2743 37.2331 37.2261 37.2139 37.2069 37.2530 37.2833 37.2589 37.2921 37.3396 37.3663 37.3919
9.9654 10.0820 10.2583 10.2583 10.3543 27.8181 37.5255 45.5590 44.6446 41.1280 39.9175 39.1536 38.8210 38.6431 38.4747 38.4167 38.3470 38.3022 38.2092 38.1316 38.0977 38.0456 37.9598 37.8620 37.7422 37.6493 37.6509 37.6755 37.8390 37.8140 37.6883 37.5724 37.5043 37.4857 37.4838 37.4856 37.4927 37.5070 37.4764 37.4496 37.4159 37.3646 37.2786 37.2650 37.2729 37.2711 37.2820 37.2817 37.2849 37.2684 37.2392 37.2399 37.3027 37.3039 37.3099 37.2779 37.2501 37.2268 37.2211 37.2409 37.2646 37.2866 37.2557 37.2782 37.3142 37.3555 37.3442
10.1580 10.2058 10.3300 10.3300 10.3796 12.3367 23.6176 34.7242 50.8665 42.3998 40.7624 39.8510 39.2181 38.8882 38.7234 38.5926 38.6044 38.5285 38.4938 38.3234 38.4823 38.6092 39.1624 38.9965 38.6747 39.3198 37.9595 37.9109 37.8388 37.7453 37.6899 37.6225 37.5459 37.4806 37.4729 37.4969 37.4887 37.4764 37.4646 37.4637 37.4168 37.4017 37.3656 37.3734 37.3624 37.3596 37.3589 37.3300 37.3181 37.2699 37.2217 37.2228 37.2510 37.2441 37.2500 37.2362 37.2144 37.1974 37.2145 37.2140 37.2501 37.2582 37.2463 37.2629 37.2610 37.2696 37.2454
10.5549 10.6027 10.4014 10.4014 10.2741 10.9595 16.8653 22.2218 35.2367 42.0412 44.1257 42.6012 40.9285 39.5331 39.2916 39.0715 39.0498 39.0546 39.3973 39.8420 40.4616 41.4735 42.5593 42.8921 40.9107 39.0062 40.2805 38.0789 37.9664 37.8103 37.7554 37.6367 37.5879 37.5335 37.5057 37.5017 37.4428 37.5156 37.4951 37.4915 37.4466 37.4326 37.4019 37.4170 37.3938 37.3935 37.3850 37.3434 37.3289 37.2751 37.2346 37.2089 37.2243 37.2085 37.2067 37.2053 37.2221 37.2096 37.2190 37.1904 37.2080 37.2203 37.2110 37.1907 37.1995 37.1863 37.1506
10.5453 10.4041 10.1606 10.1606 10.0360 12.9580 21.5766 20.5741 27.3081 35.4215 44.8604 45.8050 41.9985 41.7928 41.6849 39.7146 40.2441 40.7148 39.5457 33.5343 35.5458 40.4755 42.1219 38.6744 44.8961 42.5499 39.9779 38.9243 38.2257 37.9062 37.7111 37.6476 37.6118 37.5504 37.5326 37.5158 37.5143 37.5582 37.5184 37.4897 37.4910 37.4757 37.4610 37.4736 37.4156 37.4296 37.3966 37.3475 37.3224 37.3092 37.2761 37.2417 37.2290 37.2096 37.1959 37.2060 37.2289 37.2214 37.2111 37.2165 37.2312 37.2468 37.2346 37.2167 37.2001 37.1740 37.1406
2.5867 6.7728 10.3450 11.3677 18.2660 19.7399 20.1310 18.6074 25.0619 29.0860 37.3990 41.2565 39.4272 39.4556 40.3648 40.3982 40.7817 40.9421 39.7015 41.4339 45.9010 33.6778 27.6399 29.1114 38.1284 45.1266 45.4123 43.4759 41.2320 39.5425 38.1180 37.7992 37.6671 37.5388 37.5223 37.5037 37.4688 37.5029 37.4955 37.4775 37.4640 37.4470 37.4470 37.4448 37.4174 37.3975 37.3600 37.2887 37.3047 37.2846 37.2645 37.2439 37.2521 37.2223 37.2053 37.2253 37.2676 37.2514 37.2531 37.2703 37.3111 37.2833 37.2533 37.2236 37.1986 37.2260 37.1900
10.3862 9.1769 9.8752 9.8752 20.8102 20.9410 21.9657 11.7484 10.5131 13.3832 25.1238 20.7157 36.3782 40.7299 42.1669 41.7492 41.3242 41.5604 42.4935 36.2632 21.7519 14.4733 20.9575 23.6327 30.9390 39.7383 39.2068 45.6937 39.8027 37.7848 39.1281 38.5273 38.1272 37.5618 37.5340 37.4944 37.4565 37.4340 37.4447 37.4139 37.4021 37.3535 37.3477 37.3703 37.3511 37.3485 37.2994 37.2656 37.2869 37.3311 37.3222 37.2547 37.2882 37.2747 37.2542 37.2320 37.2840 37.2697 37.2277 37.2664 37.3277 37.2659 37.2297 37.1785 37.2147 37.2655 37.2041
6.4899 5.1494 5.7827 5.7827 18.4834 21.3242 21.0198 9.5404 9.7228 9.8163 10.0890 10.0890 23.4306 39.9260 44.3869 42.9118 41.6992 41.6232 41.5778 40.6746 29.2963 23.5986 21.5558 21.0506 20.5856 26.0711 29.4785 31.7942 41.1286 44.6940 42.3596 40.0710 38.7386 37.6422 37.5810 37.4673 37.3949 37.3821 37.3847 37.3777 37.3614 37.3328 37.3254 37.2975 37.2783 37.2907 37.2624 37.2702 37.2663 37.2717 37.2931 37.2940 37.2981 37.2797 37.2819 37.2710 37.2395 37.2837 37.2479 37.2380 37.2826 37.2530 37.1953 37.1795 37.1792 37.2146 37.1888
7.2963 9.4599 9.4314 10.2482 21.0585 16.4063 9.5876 9.5157 9.7415 10.0189 8.4973 8.4973 18.9139 38.6191 40.6864 44.3618 41.3598 41.8508 44.2351 46.6799 39.1461 28.5196 23.9307 20.0352 20.1073 19.7864 21.7380 25.8717 40.6058 40.1848 44.3433 38.0931 37.2261 38.2939 38.1174 37.8060 37.4836 37.4167 37.4053 37.4055 37.3379 37.2687 37.2610 37.2428 37.2186 37.2447 37.1930 37.2184 37.2283 37.2361 37.2561 37.2753 37.2858 37.2972 37.2585 37.2472 37.2290 37.2359 37.1739 37.1694 37.1819 37.1616 37.1939 37.1549 37.1759 37.1803 37.1732
8.8349 10.6247 12.4219 17.4354 20.7914 9.8327 18.5728 9.5113 9.7448 9.9517 10.1730 10.1730 23.5799 29.0246 36.7824 39.7545 44.0711 45.2264 44.5360 46.0450 43.5601 30.3552 31.3641 21.0245 20.4033 20.1123 20.2767 20.9060 24.3234 37.5928 35.4047 40.5670 39.4560 39.6429 38.7014 37.9288 37.5301 37.4732 37.4584 37.4427 37.3693 37.2991 37.2468 37.2286 37.2011 37.2049 37.1716 37.1669 37.1810 37.1563 37.1385 37.1598 37.1600 37.1891 37.1812 37.1629 37.1232 37.1179 37.0781 37.0519 37.0719 37.0889 37.1561 37.2017 37.2050 37.2280 37.1946
23.0160 19.6311 19.5277 19.7857 20.3077 9.7693 10.2860 10.2759 10.3961 9.7316 9.9218 9.9218 14.2029 16.3528 33.1768 39.2379 45.4777 50.4748 45.8454 44.7779 46.0918 33.1875 21.5238 12.5219 19.4367 19.8291 20.0393 20.6535 25.1990 30.3806 31.4484 40.9009 43.8329 42.4127 40.8522 38.7813 37.6698 37.6287 37.5766 37.4934 37.4299 37.3412 37.2875 37.2308 37.2003 37.1907 37.1831 37.1600 37.1671 37.1500 37.1155 37.1036 37.0838 37.1091 37.0936 37.0232 36.9821 36.9357 36.8876 36.8800 36.9696 37.0252 37.0425 37.0558 37.1642 37.2052 37.2172
30.5252 20.7663 19.0352 19.4075 17.3713 8.7281 15.0460 13.4372 13.6087 9.5679 9.6794 9.6794 9.8293 8.0227 6.4290 12.0575 35.2467 51.2516 51.9113 45.2161 41.5339 46.0110 30.6205 20.1734 20.6731 20.0664 19.7683 20.3542 24.4072 23.4443 24.4671 31.4853 48.5975 44.9867 41.6270 37.7932 38.0115 37.9503 37.7013 37.6089 37.5433 37.4523 37.3933 37.3147 37.2627 37.2144 37.2131 37.1997 37.1947 37.1903 37.1402 37.1256 37.0981 37.0889 37.0623 37.0237 36.9650 36.9179 36.8950 36.9089 36.9480 36.9660 37.0025 37.0201 37.0854 37.1401 37.1142
