regresion/MARZO_2003/SeaWiFS/Composicion (Lt_490).txt
ncols         167
nrows         127
xllcorner     -112.012
yllcorner     26.718
cellsize      0.00898
[rows 0 to 28 of 127, columns 0 to 66 of 167]
50.1465 50.1490 50.1490 50.2146 50.1646 50.1939 50.1803 50.1638 50.2931 50.3059 50.6388 50.6222 50.4735 50.4469 50.3246 50.2615 50.2611 50.1946 50.1943 50.0487 50.0252 50.0410 50.0309 50.0935 50.0901 50.0769 50.1826 50.2090 50.1557 50.1755 50.1784 50.1880 50.2699 50.2070 50.2827 50.3222 50.3542 50.4496 50.3964 50.4198 50.4300 50.5087 50.4722 50.6536 50.6371 50.6371 50.5703 50.5703 50.3748 50.2790 50.2920 50.2549 50.3177 50.2943 50.3899 50.4386 50.6135 50.4418 50.4020 50.3852 50.2367 50.2360 50.1962 50.0741 50.0370 50.0106 49.9209
50.0805 50.1095 50.1095 50.1652 50.1548 50.1841 50.1411 50.1247 50.1874 50.2269 50.6652 50.6452 50.4834 50.4435 50.3377 50.2878 50.2876 50.2078 50.2075 50.0653 50.0154 50.0282 50.0050 50.0937 50.0770 50.0770 50.1957 50.2353 50.2183 50.1720 50.1090 50.1087 50.1643 50.1013 50.2333 50.3388 50.3708 50.4499 50.4099 50.3933 50.4035 50.4956 50.4855 50.7030 50.7261 50.7261 50.6063 50.6063 50.4275 50.3583 50.3316 50.2715 50.2946 50.2976 50.3933 50.4420 50.5082 50.3101 50.3097 50.2500 50.1015 50.1932 50.1534 50.0972 50.0766 50.0239 49.8682
50.0934 50.1661 50.1661 50.1630 50.1394 50.2052 50.1651 50.1517 50.4111 50.3976 50.4666 50.4361 50.5283 50.5351 50.5084 50.5245 50.5244 50.3135 50.2767 50.3162 50.2664 50.1339 50.1469 50.1437 50.1302 50.1170 50.1794 50.3116 50.4927 50.4629 50.1390 50.0990 50.0724 50.1145 50.2201 50.3156 50.3475 50.3971 50.3542 50.3766 50.3633 50.4158 50.4682 50.6594 50.6720 50.6720 50.6878 50.6878 50.4531 50.3839 50.3608 50.3109 50.3473 50.3503 50.4557 50.4660 50.4956 50.2841 50.2970 50.2632 50.2072 50.2995 50.3417 50.2062 50.0902 50.0373 49.9183
50.1100 50.1299 50.1299 50.1497 50.1262 50.1919 50.2146 50.2011 50.4210 50.4075 50.4633 50.4493 50.5446 50.5250 50.5017 50.5411 50.5409 50.3301 50.2800 50.3294 50.2796 50.1470 50.1600 50.1009 50.0742 50.0610 50.1496 50.2819 50.4957 50.4660 50.2181 50.1815 50.1286 50.1573 50.2199 50.2626 50.3077 50.3441 50.3542 50.4260 50.4127 50.6629 50.7154 50.7550 50.7940 50.7940 50.7803 50.7803 50.4827 50.4136 50.3773 50.3506 50.3870 50.3370 50.4290 50.4393 50.5054 50.2808 50.3069 50.2927 50.2367 50.3125 50.3548 50.2094 50.1067 50.0538 49.9348
50.1166 50.0567 50.0567 50.0828 50.0857 50.0955 50.1083 50.1180 50.1671 50.1467 50.1730 50.1461 50.1490 50.1985 50.3903 50.4033 50.3899 50.3735 50.4094 50.2770 50.2504 50.1441 50.1043 50.1399 50.1097 50.0701 50.2342 50.3533 50.4220 50.4983 50.3167 50.2139 50.1740 50.1737 50.2564 50.3222 50.2619 50.2848 50.2846 50.4100 50.3968 50.6469 50.7025 50.6003 50.8139 50.8139 50.8397 50.8397 50.7765 50.6811 50.5193 50.4101 50.4596 50.2644 50.2670 50.2900 50.3956 50.3559 50.3850 50.4437 50.1764 50.1994 50.2685 50.2188 50.2316 50.0860 50.0136
50.1166 50.0434 50.0434 50.0827 50.0856 50.0955 50.1479 50.1576 50.1671 50.1467 50.1862 50.1593 50.2018 50.2410 50.4328 50.4194 50.4162 50.3734 50.4094 50.2872 50.2606 50.1279 50.0882 50.1369 50.0965 50.0569 50.1550 50.2741 50.4220 50.5011 50.3724 50.2930 50.2795 50.2793 50.3619 50.4145 50.3513 50.2950 50.2949 50.5814 50.5681 50.6205 50.6761 50.6795 50.8931 50.8931 50.9848 50.9848 50.8952 50.7734 50.5324 50.4760 50.4860 50.2908 50.2802 50.3032 50.4352 50.4219 50.4510 50.4438 50.1764 50.2654 50.3344 50.2979 50.2580 50.0596 49.9344
50.1366 50.0698 50.0698 50.0794 50.0724 50.0692 50.1084 50.1111 50.1339 50.1468 50.2258 50.1724 50.2049 50.2013 50.4029 50.4130 50.3702 50.3304 50.3565 50.2607 50.2043 50.0884 50.1147 50.1501 50.0763 50.0367 50.1813 50.1980 50.3458 50.4614 50.3325 50.3294 50.3262 50.3127 50.2829 50.4150 50.3516 50.2391 50.2556 50.4660 50.4424 50.4817 50.5737 50.6000 50.8964 50.8964 51.0113 51.0113 50.9021 50.7963 50.6113 50.5554 50.5125 50.3172 50.2141 50.2370 50.2662 50.2528 50.3879 50.4303 50.1498 50.2953 50.3644 50.2551 50.1988 50.0270 49.9576
50.2187 50.1754 50.1754 50.1718 50.1748 50.1056 50.0923 50.0950 50.0947 50.1076 50.1735 50.1466 50.1395 50.1359 50.1648 50.1748 50.1319 50.2373 50.2503 50.2072 50.1905 50.2066 50.1932 50.2027 50.1422 50.1159 50.0494 50.0924 50.1611 50.2502 50.3462 50.3166 50.3531 50.4452 50.4550 50.5310 50.4941 50.5298 50.5464 50.5812 50.5576 50.5470 50.5863 50.6785 50.8958 50.8958 50.9481 50.9481 50.9709 50.8886 50.7401 50.5389 50.4860 50.4096 50.3167 50.2742 50.2798 50.2797 50.4148 50.4440 50.1767 50.2724 50.2748 50.1656 50.0933 49.9711 50.0205
50.2054 50.1756 50.1756 50.1752 50.1881 50.1349 50.1215 50.1214 50.1079 50.0942 50.1601 50.1597 50.1493 50.1461 50.1485 50.1615 50.1417 50.2338 50.2502 50.2074 50.1807 50.2096 50.1830 50.1660 50.1786 50.1522 50.0361 50.1552 50.2237 50.1971 50.3034 50.3136 50.3399 50.4187 50.4285 50.4648 50.4278 50.6125 50.6022 50.7430 50.7164 50.6626 50.5993 50.6916 50.8792 50.8792 50.9186 50.9186 50.9841 50.9052 50.7798 50.5786 50.5257 50.4492 50.3726 50.3301 50.3458 50.3457 50.4279 50.4441 50.2033 50.2426 50.2420 50.1758 50.0932 49.9975 50.0370
50.3274 50.1755 50.1755 50.1354 50.2506 50.1975 50.1575 50.1574 50.1435 50.1333 50.1332 50.0931 50.0827 50.1356 50.1386 50.1252 50.1186 50.0921 50.0918 50.1413 50.1675 50.1799 50.1533 50.1238 50.0866 50.0866 50.0498 50.1658 50.2213 50.1746 50.2401 50.2502 50.2500 50.2597 50.2329 50.2824 50.2718 50.4271 50.4265 50.5285 50.5020 50.3854 50.2166 50.3749 50.5757 50.5757 50.9753 50.9753 50.9220 50.9057 50.8199 50.6316 50.5787 50.4860 50.3699 50.3395 50.3684 50.3814 50.4668 50.4831 50.3478 50.4565 50.2321 50.1131 50.1756 50.0799 50.0237
50.3638 50.2576 50.2576 50.2043 50.2535 50.1876 50.1740 50.1606 50.1306 50.1303 50.1465 50.0931 50.0796 50.1486 50.1616 50.1746 50.1611 50.1477 50.1576 50.2365 50.2628 50.2195 50.2094 50.1799 50.1265 50.1264 50.0660 50.1422 50.1785 50.1847 50.2401 50.2364 50.2891 50.2890 50.2064 50.2822 50.2747 50.3507 50.3472 50.5187 50.5319 50.5243 50.3786 50.5205 50.6916 50.6916 50.9589 50.9589 50.9055 50.9156 50.9121 50.6711 50.5948 50.5021 50.3962 50.3658 50.3849 50.4010 50.4567 50.4434 50.3448 50.3609 50.1528 50.1624 50.2514 50.1689 50.1392
50.3477 50.3206 50.3206 50.2972 50.2573 50.1978 50.2238 50.2104 50.1740 50.1737 50.1371 50.1201 50.1067 50.0531 50.0293 50.0555 50.1048 50.0386 50.0220 50.0348 50.0939 50.1430 50.1663 50.1661 50.1426 50.1294 50.1084 50.0917 50.0885 50.1808 50.2104 50.1837 50.2627 50.2459 50.2029 50.2822 50.2879 50.3479 50.3345 50.3738 50.3869 50.4490 50.4224 50.5379 50.4678 50.4678 50.5228 50.5228 50.6145 50.6609 50.6972 50.7201 50.5809 50.5277 50.5803 50.5406 50.4640 50.4275 50.4337 50.3772 50.1861 50.2519 50.1367 50.2156 50.2749 50.1660 50.1889
50.3080 50.2840 50.2840 50.2576 50.2969 50.2242 50.2106 50.2236 50.1477 50.1179 50.1077 50.1069 50.1066 50.0664 50.0425 50.0687 50.1180 50.0681 50.0514 50.0744 50.1335 50.2089 50.2322 50.1924 50.1558 50.1425 50.1318 50.1151 50.0621 50.1545 50.1576 50.1309 50.1935 50.1767 50.1500 50.2325 50.2351 50.3215 50.3213 50.2947 50.2682 50.3434 50.3534 50.4425 50.3623 50.3623 50.4436 50.4436 50.5981 50.6445 50.6473 50.6702 50.6469 50.5937 50.5672 50.5274 50.4640 50.4539 50.5099 50.4798 50.2256 50.2783 50.1630 50.2124 50.2850 50.2188 50.2315
50.2980 50.2476 50.2476 50.2477 50.2870 50.2011 50.1346 50.1343 49.9753 49.9688 49.9586 50.0371 50.0369 49.9968 49.9992 50.0255 49.9889 49.9389 49.9619 50.0015 50.0440 50.1459 50.1691 50.1425 50.1257 50.1125 50.0225 50.0091 50.0190 50.0583 50.0615 50.1406 50.2033 50.1798 50.1665 50.2720 50.2515 50.2983 50.2981 50.2318 50.2053 50.3502 50.3602 50.4626 50.4516 50.4516 50.5461 50.5461 50.6511 50.6905 50.6270 50.6734 50.6865 50.6367 50.5308 50.4911 50.3850 50.3749 50.4772 50.4534 50.1992 50.2352 50.1200 50.1563 50.2615 50.1987 50.2348
50.3434 50.2869 50.2869 50.1378 50.1671 50.1635 50.1334 50.1036 50.1133 50.1362 50.0074 50.0627 50.0230 49.9932 50.0001 50.0323 49.9957 50.0057 50.0287 50.0283 50.0709 50.1333 50.1300 50.1132 50.1198 50.1330 50.0462 50.0724 50.0457 50.0059 49.9160 50.0382 50.1040 50.1070 50.0906 50.1037 50.0932 50.1923 50.1788 50.1356 50.1193 50.2377 50.2375 50.3003 50.2795 50.2795 50.4009 50.4009 50.4856 50.4592 50.5114 50.4819 50.5214 50.4953 50.5312 50.4782 50.5507 50.4614 50.4976 50.4606 50.4705 50.3676 50.0402 50.1818 50.2010 50.1381 50.2273
50.3302 50.1811 50.1811 50.1011 50.1304 50.1368 50.1565 50.1400 50.1496 50.1362 50.0073 50.0728 50.0363 49.9832 49.9902 50.0224 50.0486 50.0585 50.0581 50.0577 50.0870 50.1200 50.1134 50.0966 50.1197 50.1328 50.0697 50.0827 50.0559 50.0223 49.9324 50.0018 50.0675 50.1467 50.1464 50.1065 50.0667 50.2153 50.2018 50.1057 50.0894 50.1847 50.1977 50.2606 50.2398 50.2398 50.4308 50.4308 50.5915 50.5783 50.6438 50.5879 50.5346 50.5084 50.5409 50.4879 50.5738 50.4845 50.4446 50.5001 50.5100 50.4238 50.0964 50.2247 50.2044 50.1646 50.2142
50.1449 49.9957 49.9957 50.0449 50.0742 50.0641 50.0871 50.0869 50.0207 49.9939 50.0201 50.0627 50.0526 50.0554 50.0850 50.0482 50.0611 50.0711 50.0839 50.0803 50.0963 50.1131 50.1462 50.1624 50.1885 50.1884 50.2144 50.2010 50.1379 50.0780 50.0188 50.0053 49.9888 50.0020 49.9191 49.9189 49.9187 49.9881 49.9849 50.0010 50.0009 50.0534 50.0400 50.1062 50.1484 50.1484 50.2654 50.2654 50.3540 50.3935 50.5118 50.4791 50.4522 50.3726 50.3129 50.2599 50.3124 50.2990 50.4441 50.5293 50.5918 50.4660 50.3005 50.2178 50.0723 50.1381 50.1611
50.1582 50.0056 50.0056 50.0415 50.0708 50.0641 50.0871 50.0869 50.0207 50.0071 50.0334 50.0660 50.0526 50.0554 50.0981 50.0614 50.0743 50.0843 50.0938 50.0902 50.0798 50.0966 50.1462 50.1624 50.1620 50.1619 50.2176 50.2175 50.1544 50.0648 50.0055 49.9523 49.9359 49.9093 49.8264 49.9420 49.9418 49.9748 49.9717 50.0008 50.0008 50.0268 50.0169 50.0831 50.1254 50.1254 50.2654 50.2654 50.4202 50.4597 50.5745 50.5419 50.5282 50.4486 50.3393 50.2864 50.2990 50.2857 50.4176 50.4664 50.5290 50.4130 50.2475 50.1913 50.0458 50.1381 50.1611
50.0724 50.0681 50.0681 50.0513 50.0542 50.0112 49.9980 50.0110 49.9843 50.0105 49.9313 49.9372 50.0029 49.9102 49.9758 49.9523 49.9653 49.9489 49.9189 49.9684 49.9844 50.0571 50.0702 50.1425 50.1024 50.1390 50.1551 50.0759 50.0918 50.0751 50.0783 50.0513 50.0115 49.9715 49.9842 50.0469 50.0466 50.0431 50.0299 50.0562 50.0297 50.0954 50.0856 50.1879 50.1682 50.1682 50.2529 50.2529 50.4307 50.4438 50.4399 50.4266 50.4494 50.4094 50.2771 50.2374 50.2765 50.1972 50.2761 50.3849 50.4663 50.4954 50.4160 50.3331 50.2139 50.2666 50.2268
50.0425 50.0979 50.0979 50.0811 50.0840 50.0409 50.0509 50.0541 50.0539 50.0238 49.9445 49.9339 49.9863 49.8936 49.9725 49.9490 49.9619 49.9454 49.9486 49.9982 50.0407 50.1003 50.0736 50.1822 50.1718 50.2084 50.1649 50.0989 50.1280 50.1113 50.1145 50.1140 50.0742 50.0741 50.0107 50.0106 49.9970 50.0730 50.0331 50.0562 50.0297 50.0591 50.0590 50.1845 50.1382 50.1382 50.2364 50.2364 50.4538 50.4271 50.4796 50.4563 50.5055 50.4789 50.3698 50.3300 50.2799 50.2006 50.2660 50.3550 50.4364 50.4126 50.3332 50.3066 50.1609 50.2235 50.1836
49.9734 50.0289 50.0289 50.0679 50.0707 49.9886 49.9620 49.9388 49.9883 49.9743 49.9611 49.9342 49.9762 49.9731 50.0487 49.9987 49.9750 49.9556 49.9324 49.9717 50.0142 50.0239 49.9973 50.1059 50.0663 50.1028 50.0623 49.9963 50.0653 50.0090 50.0220 50.0346 50.0213 50.0476 49.9681 50.0075 49.9706 50.0993 50.0726 50.1618 50.1352 50.1250 50.1410 50.2665 50.1772 50.1772 50.3281 50.3281 50.4928 50.4794 50.5288 50.5187 50.5842 50.5971 50.4352 50.3823 50.3321 50.2528 50.2683 50.3705 50.4369 50.3603 50.3337 50.3071 50.1350 50.1976 50.1679
50.0427 50.0555 50.0555 50.0319 49.9785 49.9623 49.9884 49.9749 49.9454 49.9481 49.9481 49.9343 49.9466 49.9467 49.9861 49.9989 49.9752 49.9721 49.9718 49.9848 49.9646 49.9842 49.9444 50.0134 49.9837 49.9939 50.0097 50.0095 50.1446 50.0753 50.0588 50.0349 50.0509 50.0508 50.0078 50.0208 49.9838 50.0895 50.0197 50.1619 50.1353 50.0689 50.0981 50.2665 50.2266 50.2266 50.3909 50.3909 50.3906 50.4037 50.6114 50.5582 50.6107 50.6103 50.4485 50.4221 50.3818 50.2892 50.3049 50.2647 50.2652 50.4626 50.5811 50.3993 50.1216 50.1348 50.0917
50.0397 50.0423 50.0423 50.0187 49.9653 49.9653 49.9914 49.9647 49.9351 49.9349 49.9348 49.9475 49.9599 49.9203 49.9596 49.9959 49.9722 49.9588 49.9585 49.9847 49.9645 49.9710 49.9312 50.0002 49.9867 49.9969 49.9965 49.9963 50.1313 50.0620 50.0456 50.0216 50.0479 50.0478 49.9813 49.9943 49.9706 50.0763 50.0064 50.1486 50.1383 50.0719 50.1113 50.2797 50.2663 50.2663 50.4172 50.4172 50.4007 50.4138 50.6378 50.5846 50.6371 50.6367 50.4882 50.4617 50.3715 50.2790 50.2917 50.2515 50.2520 50.4493 50.5678 50.3861 50.1053 50.1185 50.0785
50.0926 50.0684 50.0684 50.1076 50.0708 50.0043 50.0071 49.9539 49.9276 49.9504 49.9341 49.9734 49.9633 49.8675 49.8672 49.8611 49.8735 49.9290 49.9320 50.0244 50.0273 50.0537 50.0273 50.0801 50.0699 50.0669 50.0896 50.1026 50.0392 50.0357 50.0720 50.0218 49.9953 49.9814 50.0075 49.9811 49.9837 50.0756 50.0356 49.9792 49.9689 50.0749 50.1507 50.1605 50.3355 50.3355 50.6092 50.6092 50.6057 50.5554 50.6511 50.6244 50.7461 50.8116 50.7847 50.7582 50.5564 50.5035 50.3708 50.2912 50.3042 50.4852 50.4454 50.5146 50.3952 50.3556 50.3518
50.0760 50.0419 50.0419 50.0811 50.0609 49.9679 49.9707 49.9572 49.9672 49.9637 49.9474 49.9837 49.9736 49.8877 49.9005 49.8973 49.9000 49.9555 49.9717 50.0641 50.0671 50.0734 50.0470 50.0998 50.1229 50.1199 50.0498 50.0628 49.9994 50.0190 50.0788 50.0418 49.9786 50.0211 50.0869 50.0605 50.0135 50.1055 50.0553 49.9989 49.9856 50.1411 50.2301 50.2003 50.3453 50.3453 50.6293 50.6293 50.6154 50.5818 50.7039 50.6905 50.7858 50.8414 50.7380 50.7114 50.4804 50.4274 50.3180 50.2383 50.2646 50.4555 50.4258 50.4950 50.4184 50.3788 50.4048
50.1054 50.1445 50.1445 50.1305 50.0707 50.0206 50.0102 50.0199 50.0592 50.0193 50.0031 50.0495 50.0232 49.9637 49.9667 49.9400 49.9266 49.9690 49.9849 50.0607 50.0504 50.0067 49.9637 50.0692 50.1087 50.1189 50.1152 50.1414 50.1049 50.0584 50.1050 50.0948 50.1108 50.0972 50.1527 50.1261 50.0792 50.1850 50.1348 50.0356 50.0223 50.0455 50.1247 50.1507 50.2290 50.2290 50.5006 50.5006 50.5529 50.5457 50.6904 50.7034 50.7326 50.7355 50.7249 50.7247 50.5034 50.3581 50.2519 50.2250 50.2778 50.2972 50.3071 50.4587 50.3689 50.3952 50.4313
50.0529 50.1082 50.1082 50.0972 50.0210 50.0207 50.0500 50.0465 50.0163 50.0129 50.0099 50.0196 49.9934 49.9902 50.0196 49.9799 49.9301 50.0019 50.0310 50.0937 50.0701 50.1126 50.1355 50.1882 50.1579 50.1680 50.1776 50.2302 50.1774 50.1081 50.1444 50.1209 50.1238 50.1534 50.1955 50.1689 50.1615 50.2541 50.2275 50.1414 50.1413 50.0684 50.1475 50.2398 50.2523 50.2523 50.5270 50.5270 50.6587 50.6284 50.7333 50.7198 50.7521 50.8179 50.7778 50.7776 50.5693 50.4239 50.3411 50.3009 50.3374 50.2547 50.2280 50.4058 50.3325 50.3589 50.3158
50.1458 50.1878 50.1878 50.1598 50.0967 50.0702 50.0995 50.0861 50.1086 50.1053 50.1285 50.1416 50.0492 50.0461 50.0987 50.0194 49.9697 50.0151 50.0310 50.1199 50.0931 50.0961 50.1223 50.1881 50.1577 50.1679 50.1380 50.2070 50.1908 50.1347 50.1609 50.1209 50.1106 50.1535 50.1955 50.1755 50.1681 50.2898 50.2631 50.1935 50.1934 50.1073 50.1070 50.1962 50.2127 50.2127 50.4076 50.4076 50.6320 50.6017 50.7465 50.6907 50.6931 50.8281 50.7483 50.7482 50.6626 50.5699 50.4341 50.3545 50.3639 50.2579 50.2313 50.3924 50.3191 50.4248 50.4344
50.1455 50.1054 50.1054 50.0899 50.0268 49.9739 49.9900 49.9603 50.0260 50.0554 50.0792 50.1186 50.0395 50.0626 50.1152 49.9994 50.0489 50.1045 50.1071 50.1660 50.1159 50.0924 50.1450 50.1842 50.1843 50.2370 50.1703 50.1803 50.1704 50.1378 50.1508 50.1374 50.1666 50.1762 50.2449 50.2282 50.2568 50.2993 50.3124 50.1799 50.1930 50.1695 50.1368 50.1862 50.1632 50.1632 50.2519 50.2519 50.5259 50.5421 50.7561 50.6902 50.6799 50.6530 50.6394 50.6261 50.5036 50.5429 50.3844 50.4044 50.4301 50.3537 50.3140 50.4220 50.2498 50.3654 50.3943
