regresion/MARZO_2003/SeaWiFS/Composicion (Lt_555).txt
ncols         167
nrows         127
xllcorner     -112.012
yllcorner     26.718
cellsize      0.00898
[rows 29 to 57 of 127, columns 0 to 66 of 167]
29.5712 29.5802 29.5802 29.5625 29.5091 29.5934 29.5854 29.5651 29.6589 29.6885 29.6869 29.7697 29.7230 29.6370 29.6632 29.5521 29.6069 29.7020 29.6751 29.6559 29.4977 29.4319 29.4318 29.3865 29.3583 29.4051 29.3766 29.3938 29.3843 29.3062 29.3061 29.3231 29.3432 29.3321 29.3240 29.3426 29.3452 29.4013 29.4013 29.4591 29.4778 29.4604 29.4761 29.5589 29.6154 29.6154 29.7730 29.7730 29.9101 29.8459 30.0174 29.9419 29.9324 29.8964 29.9149 29.8960 29.7738 29.8863 29.7828 29.8267 29.7985 29.8357 29.7136 29.7149 29.5911 29.7225 29.6767
29.4959 29.5236 29.5236 29.4574 29.4604 29.5073 29.4820 29.4913 29.5194 29.5380 29.5286 29.6130 29.5650 29.5525 29.5882 29.5600 29.5786 29.6442 29.6253 29.6155 29.5807 29.5337 29.5163 29.4710 29.4239 29.4427 29.3672 29.3656 29.3655 29.3421 29.3340 29.3136 29.3230 29.3040 29.3427 29.3048 29.2981 29.4779 29.4858 29.5248 29.5436 29.5339 29.5511 29.6151 29.6247 29.6247 29.7352 29.7352 29.8928 29.8473 29.9801 29.9234 29.9045 29.8684 29.8885 29.9259 29.8399 29.9055 29.8769 29.8657 29.8469 29.8453 29.6857 29.7133 29.6097 29.6674 29.6189
29.5146 29.5425 29.5425 29.4873 29.4903 29.5372 29.5479 29.5572 29.5665 29.5757 29.5663 29.6395 29.5916 29.5791 29.6070 29.5788 29.5974 29.6630 29.6723 29.6361 29.6013 29.5260 29.5086 29.4521 29.3673 29.3861 29.3655 29.3639 29.3544 29.3310 29.3229 29.2665 29.2758 29.2757 29.3255 29.2877 29.2621 29.4419 29.4592 29.4872 29.5059 29.5621 29.5794 29.6417 29.6135 29.6135 29.7523 29.7523 29.8928 29.8379 29.9707 29.9250 29.9061 29.8701 29.8808 29.9182 29.8587 29.9243 29.9052 29.8640 29.8452 29.8342 29.6747 29.6929 29.5909 29.6486 29.5812
29.5149 29.5348 29.5348 29.5813 29.5828 29.5546 29.5667 29.5572 29.5571 29.5852 29.5307 29.6880 29.5926 29.5975 29.5973 29.5690 29.5971 29.7283 29.7014 29.7764 29.7511 29.6866 29.6771 29.5456 29.4608 29.4795 29.4325 29.4110 29.3731 29.3418 29.3698 29.3039 29.2944 29.3038 29.3255 29.3079 29.2996 29.3651 29.3838 29.4775 29.4774 29.5793 29.5950 29.6494 29.6320 29.6320 29.8085 29.8085 29.9020 29.8471 29.9986 29.9247 29.9531 29.9639 29.9449 29.9917 29.9525 29.9790 29.9974 29.9845 29.7998 29.7607 29.7403 29.7415 29.7319 29.8364 29.7315
29.4416 29.4990 29.4990 29.5144 29.4782 29.5077 29.5275 29.5180 29.4991 29.5273 29.4634 29.5941 29.4987 29.5036 29.5146 29.5426 29.5613 29.7112 29.6843 29.7575 29.7323 29.6490 29.6301 29.4969 29.4684 29.4778 29.4230 29.3827 29.3731 29.3432 29.3712 29.3430 29.3336 29.3429 29.3628 29.3452 29.3262 29.3261 29.3260 29.4195 29.4194 29.5588 29.6120 29.6963 29.6710 29.6710 29.8084 29.8084 29.9036 29.8847 30.0362 29.9797 30.0080 30.0094 29.9902 30.0371 30.0274 30.0538 30.0146 29.9939 29.8092 29.7982 29.7778 29.7228 29.7132 29.8177 29.7518
29.4898 29.4864 29.4864 29.5032 29.4670 29.3932 29.3866 29.3756 29.3473 29.3973 29.3694 29.4818 29.4348 29.4585 29.5428 29.5708 29.5816 29.6270 29.6440 29.7840 29.7587 29.7599 29.7505 29.6000 29.5321 29.5414 29.4698 29.4213 29.4212 29.4007 29.3725 29.3724 29.3535 29.3438 29.4078 29.4074 29.3898 29.4835 29.4646 29.4939 29.5032 29.5944 29.5773 29.6915 29.7195 29.7195 29.8569 29.8569 30.0179 29.9614 30.1301 30.0531 30.0906 30.1014 30.0557 30.0931 30.1383 30.1009 30.0254 30.0455 29.8953 29.9030 29.8732 29.8355 29.7789 29.8286 29.7691
29.3975 29.3926 29.3926 29.4469 29.4482 29.3744 29.3288 29.3178 29.3098 29.3598 29.3600 29.4067 29.3597 29.4973 29.5816 29.6097 29.6471 29.6832 29.6814 29.8214 29.8149 29.8147 29.8053 29.6549 29.5977 29.6071 29.5354 29.5244 29.5243 29.4663 29.4381 29.4380 29.4004 29.3906 29.4171 29.4167 29.3898 29.4742 29.4552 29.4845 29.4939 29.6131 29.6257 29.7118 29.7383 29.7383 29.8570 29.8570 30.0367 29.9895 30.1207 30.0437 30.0812 30.1202 30.1119 30.0837 30.0726 29.9790 29.9128 29.9517 29.9031 29.8733 29.8357 29.8074 29.7883 29.8380 29.7785
29.3658 29.4219 29.4219 29.4480 29.4495 29.3371 29.2914 29.2551 29.2658 29.2469 29.3033 29.3782 29.4078 29.5626 29.5719 29.5518 29.5501 29.6532 29.6531 29.7369 29.7288 29.6737 29.6548 29.6360 29.6291 29.6385 29.6762 29.6558 29.6369 29.5883 29.5507 29.5397 29.5022 29.4269 29.4281 29.4826 29.4651 29.5195 29.4927 29.4844 29.4952 29.5686 29.6923 29.7486 29.7299 29.7299 29.9503 29.9503 30.0813 30.0812 30.1843 30.1276 30.1556 30.1665 30.2431 30.1961 30.1599 29.9913 29.9614 30.0267 29.9688 29.9689 29.8843 29.8182 29.8072 29.8164 29.7411
29.3376 29.3750 29.3750 29.4011 29.4120 29.2995 29.3101 29.2738 29.2001 29.1812 29.2377 29.3688 29.3984 29.5250 29.5344 29.5517 29.5501 29.6532 29.6625 29.7463 29.6913 29.6362 29.6642 29.6454 29.6385 29.6666 29.7044 29.6933 29.6745 29.6539 29.6163 29.6053 29.5678 29.4925 29.4750 29.5295 29.5308 29.5851 29.5584 29.5501 29.5608 29.6436 29.7674 29.8142 29.7955 29.7955 29.9503 29.9503 30.1000 30.1000 30.2124 30.1557 30.1837 30.1665 30.2431 30.1211 30.0849 30.0194 29.9896 30.0548 30.0157 30.0158 29.8562 29.7901 29.7603 29.7695 29.6942
29.4410 29.3921 29.3921 29.3450 29.3918 29.3288 29.3301 29.2924 29.2560 29.2369 29.3122 29.3963 29.4336 29.5418 29.5605 29.6167 29.6264 29.6260 29.6622 29.6993 29.6177 29.5718 29.5905 29.5998 29.5979 29.6260 29.6195 29.6382 29.6663 29.6256 29.5960 29.6335 29.5974 29.5392 29.5188 29.5937 29.6137 29.6714 29.6632 29.7004 29.6910 29.7266 29.8050 29.8425 29.8316 29.8316 29.9316 29.9316 30.1392 30.1111 30.2310 30.2119 30.2306 30.1570 30.2052 30.0925 30.0844 30.0845 30.0924 30.1202 30.0529 30.1089 29.9480 29.9587 29.8727 29.8724 29.8081
29.4238 29.3734 29.3734 29.3357 29.3715 29.3085 29.3003 29.2626 29.2168 29.1806 29.2559 29.2274 29.2647 29.4871 29.5247 29.5809 29.6264 29.6260 29.6340 29.6617 29.6068 29.5780 29.5888 29.5980 29.5979 29.6072 29.5913 29.5913 29.5629 29.6367 29.6070 29.6163 29.6083 29.5579 29.5469 29.6218 29.6119 29.6695 29.6803 29.7457 29.7362 29.7266 29.8049 29.8799 29.8801 29.8801 29.9894 29.9894 30.1502 30.1393 30.2405 30.2214 30.2400 30.0803 30.1472 30.1660 30.1578 30.0454 30.0454 30.0827 29.8950 29.9527 29.9215 29.9417 29.8087 29.8084 29.7424
29.4039 29.3940 29.3940 29.3937 29.4294 29.4012 29.3931 29.3660 29.3203 29.2449 29.3015 29.2919 29.3198 29.5168 29.5433 29.5793 29.5888 29.5978 29.5869 29.5971 29.5033 29.4450 29.4494 29.4586 29.4865 29.5053 29.5067 29.5066 29.4768 29.5975 29.5693 29.5679 29.5693 29.5204 29.5281 29.6029 29.6320 29.6709 29.6708 29.7096 29.7190 29.7187 29.7766 29.8516 29.8503 29.8503 30.0066 30.0066 30.1674 30.1658 30.2595 30.2403 30.2603 30.1006 30.1474 30.1661 30.2160 30.1036 30.0658 30.1313 29.9327 29.9232 29.9123 29.9588 29.7896 29.8364 29.8425
29.3764 29.4283 29.4283 29.3824 29.4258 29.4539 29.4458 29.4187 29.3675 29.2921 29.3313 29.3216 29.3402 29.5168 29.6560 29.6639 29.6245 29.6335 29.6226 29.5393 29.4454 29.3982 29.4025 29.4103 29.4399 29.4586 29.5459 29.5458 29.4784 29.5316 29.5502 29.5489 29.5596 29.6312 29.6483 29.6670 29.6788 29.6521 29.6520 29.7175 29.7268 29.7578 29.8252 29.8813 29.8877 29.8877 30.0066 30.0066 30.1263 30.1436 30.1998 30.1355 30.1836 30.0820 30.0896 30.1271 30.2068 30.1053 30.0675 30.1611 29.9719 29.9421 29.9123 29.9869 29.8332 29.8331 29.8502
29.3844 29.4749 29.4749 29.3881 29.4021 29.3803 29.4026 29.4310 29.3797 29.3661 29.4053 29.4893 29.5361 30.1169 30.2670 30.4626 30.4232 29.6070 29.6337 29.5491 29.5126 29.4653 29.4024 29.4102 29.4399 29.4774 29.5540 29.5523 29.4862 29.5487 29.5768 29.5861 29.6250 29.6872 29.7056 29.7164 29.6988 29.6721 29.6720 29.7453 29.7452 29.7949 29.8421 29.9077 29.9612 29.9612 29.9783 29.9783 30.1261 30.1434 30.0884 30.0242 30.1008 30.0273 30.0162 29.9410 29.9909 29.8987 29.8878 29.9907 29.9062 29.8935 29.8263 29.8934 29.7303 29.7396 29.7581
29.4808 29.5449 29.5449 29.3941 29.3901 29.2942 29.3433 29.3706 29.3912 29.3814 29.3684 30.0137 32.2992 33.6169 38.0647 37.4655 34.3018 31.5614 29.3698 29.6565 29.5534 29.4672 29.4137 29.4402 29.4197 29.4291 29.4293 29.4480 29.4461 29.4724 29.4550 29.4829 29.5391 29.5478 29.5770 29.6051 29.5972 29.6174 29.6361 29.6720 29.6719 29.7734 29.8205 29.9049 29.8935 29.8935 29.9402 29.9402 30.0695 30.0600 30.0066 29.9582 30.0051 29.8862 29.9517 29.8766 29.8578 29.7469 29.8284 29.8952 29.8294 29.8183 29.7792 29.8072 29.6926 29.7412 29.7315
29.4574 29.5166 29.5166 29.3769 29.3882 29.3100 29.3099 29.3241 29.3724 29.5411 29.5281 32.4115 34.6969 40.7583 44.0870 45.6946 43.3337 38.8902 30.2193 29.0796 29.4094 29.3012 29.3400 29.4632 29.4731 29.4262 29.4193 29.4568 29.4848 29.5183 29.4915 29.5033 29.5608 29.5788 29.5881 29.6161 29.6912 29.7114 29.7206 29.7547 29.7627 29.8361 29.8752 29.9220 29.9217 29.9217 29.9308 29.9308 29.9694 29.9505 29.8864 29.8285 29.8754 29.7079 29.7922 29.7734 29.7610 29.6688 29.7518 29.7997 29.7152 29.7057 29.6947 29.7415 29.6393 29.6879 29.6863
29.4733 29.4687 29.4687 29.4529 29.4334 29.3451 29.3661 29.4017 29.3451 29.5399 29.8058 32.9191 39.5715 49.0294 51.8690 60.2510 60.9681 59.7556 43.0531 31.7837 26.9675 28.5277 29.2395 29.4151 29.4458 29.4025 29.4630 29.4896 29.5054 29.5808 29.4420 29.4443 29.4534 29.4479 29.4759 29.4850 29.5601 29.6819 29.6911 29.7927 29.8007 29.8381 29.8661 29.9129 29.9234 29.9234 29.9041 29.9041 29.9239 29.8675 29.8300 29.8097 29.8566 29.7079 29.6781 29.6499 29.7031 29.6484 29.6859 29.6667 29.5447 29.6302 29.6474 29.6865 29.5936 29.5935 29.5464
29.4927 29.4832 29.4832 29.5062 29.4780 29.3640 29.4038 29.4053 29.3372 29.3797 29.6456 30.1301 36.7825 46.8775 49.5354 53.7566 53.6735 54.3411 42.6588 32.3177 26.6487 28.2683 29.0918 29.3425 29.3197 29.3953 29.4663 29.4556 29.4769 29.5831 29.4360 29.4699 29.4798 29.4956 29.5526 29.5618 29.5958 29.7176 29.7284 29.8421 29.8420 29.8607 29.8887 29.8490 29.8688 29.8688 29.8227 29.8227 29.7644 29.7269 29.7176 29.6862 29.7425 29.6218 29.5719 29.4780 29.5154 29.5171 29.5827 29.5558 29.4900 29.5662 29.5567 29.5956 29.5937 29.5936 29.5371
29.4647 29.4908 29.4908 29.4965 29.4776 29.4102 29.4579 29.4390 29.4450 29.4261 29.4448 29.9964 29.9306 39.6132 39.5851 39.4778 39.6207 37.4522 29.1584 28.9310 28.3755 28.8850 29.0434 29.2889 29.2435 29.2984 29.4268 29.5031 29.4401 29.5898 29.5588 29.6129 29.5684 29.4462 29.4445 29.4436 29.4777 29.6934 29.7042 29.8337 29.8336 29.8429 29.8902 29.8317 29.8797 29.8797 29.8042 29.8042 29.7365 29.7365 29.6990 29.6863 29.7490 29.6846 29.6753 29.5456 29.5268 29.5267 29.5173 29.5011 29.4541 29.4833 29.4737 29.4830 29.4905 29.4904 29.5182
29.4536 29.5065 29.5065 29.5045 29.4762 29.4008 29.4664 29.4475 29.4036 29.4034 29.4222 29.4998 29.4340 32.5846 32.4701 33.9884 33.8192 32.2802 29.6621 29.7480 29.1924 29.0444 29.2029 29.2877 29.2489 29.3038 29.4302 29.5065 29.4676 29.6213 29.5958 29.6288 29.5913 29.4635 29.5147 29.5139 29.5109 29.7266 29.7195 29.8438 29.8438 29.8717 29.9283 29.8814 29.8703 29.8703 29.7932 29.7932 29.7349 29.7349 29.6973 29.7440 29.7959 29.7316 29.7332 29.6036 29.6222 29.6220 29.5845 29.5668 29.5118 29.5316 29.5207 29.5094 29.4794 29.4793 29.4978
29.4801 29.4407 29.4407 29.4966 29.5247 29.4587 29.4570 29.4114 29.4143 29.4124 29.4218 29.4323 29.3399 29.4334 29.3394 29.5439 29.4297 29.1749 29.0540 29.1959 29.2427 29.1624 29.1074 29.1503 29.1447 29.1840 29.3069 29.5784 29.5284 29.6490 29.6172 29.6795 29.6567 29.5316 29.5285 29.5129 29.5380 29.7744 29.8122 29.8732 29.8732 29.8313 29.8874 29.6899 29.7103 29.7103 29.6429 29.6429 29.5738 29.5361 29.5359 29.5937 29.6190 29.5921 29.5826 29.5374 29.5955 29.5860 29.5483 29.5105 29.4555 29.4646 29.4631 29.4348 29.4046 29.4592 29.4888
29.5068 29.4124 29.4124 29.4684 29.4965 29.4400 29.3458 29.3204 29.3860 29.3748 29.3294 29.3948 29.3023 29.2443 29.1503 29.1207 29.1205 29.0047 28.9214 29.0620 29.1181 29.1541 29.1367 29.1196 29.1192 29.2145 29.2891 29.5235 29.6187 29.7219 29.6749 29.7302 29.7337 29.7384 29.7692 29.6678 29.6973 29.7560 29.7935 29.9201 29.9106 29.8500 29.8700 29.6725 29.7572 29.7572 29.7460 29.7460 29.6675 29.6486 29.6283 29.5267 29.5627 29.5826 29.5717 29.5547 29.4923 29.5109 29.5121 29.5119 29.4461 29.4647 29.4632 29.4240 29.4327 29.4873 29.5437
29.4516 29.4215 29.4215 29.4680 29.4849 29.4677 29.3548 29.3372 29.3653 29.3462 29.3008 29.3475 29.2632 29.2350 29.1409 29.1301 29.1502 29.0344 29.0249 29.0525 29.1008 29.1258 29.1178 29.1288 29.1085 29.1287 29.2237 29.3267 29.4313 29.7770 29.7300 29.7031 29.6921 29.6997 29.7357 29.6325 29.6526 29.6991 29.6974 29.7552 29.7457 29.6893 29.7187 29.5886 29.6729 29.6729 29.6056 29.6056 29.6129 29.6127 29.6206 29.5078 29.5439 29.5733 29.5435 29.5264 29.4340 29.4713 29.4726 29.4833 29.4175 29.4627 29.4612 29.4332 29.4325 29.4792 29.5151
29.4987 29.4136 29.4136 29.4680 29.4193 29.3659 29.2717 29.2715 29.2809 29.2712 29.2539 29.2817 29.3101 29.2805 29.2145 29.1300 29.1501 29.0719 29.0623 28.9587 28.9883 29.0615 29.1378 29.1395 29.1285 29.1581 29.2236 29.3829 29.4500 29.7207 29.7299 29.7030 29.6813 29.6701 29.7263 29.7356 29.7463 29.7553 29.7629 29.6989 29.6908 29.6532 29.7000 29.5793 29.6728 29.6728 29.6710 29.6710 29.6505 29.6301 29.6379 29.4876 29.4876 29.4983 29.5247 29.5358 29.4916 29.5197 29.5195 29.5396 29.5019 29.5565 29.5550 29.5456 29.5436 29.5607 29.5417
29.4785 29.4227 29.4227 29.4397 29.3738 29.3093 29.2434 29.2621 29.2637 29.2338 29.2164 29.1973 29.2175 29.2051 29.1580 29.0735 29.1092 29.0310 29.0899 29.0523 29.0710 29.0423 29.1467 29.1955 29.2251 29.2547 29.2613 29.3643 29.4502 29.4956 29.5048 29.5517 29.5112 29.4623 29.4635 29.4822 29.4539 29.4617 29.4709 29.5505 29.5424 29.5706 29.6254 29.6172 29.6544 29.6544 29.6511 29.6511 29.6401 29.5818 29.6190 29.5157 29.5157 29.5170 29.5449 29.5466 29.5479 29.5478 29.4928 29.5395 29.5206 29.5581 29.5565 29.5832 29.5811 29.6264 29.6151
29.4861 29.4039 29.4039 29.3754 29.3472 29.3188 29.2261 29.2448 29.2075 29.1588 29.1695 29.1397 29.1411 29.1285 29.0890 29.0420 29.0606 29.0121 29.1181 29.0913 29.1100 29.0815 29.1859 29.1688 29.2721 29.3017 29.3083 29.4113 29.4190 29.4832 29.5189 29.5470 29.4984 29.4999 29.4916 29.4807 29.4648 29.4273 29.4177 29.4597 29.4691 29.5238 29.5785 29.5986 29.6701 29.6701 29.6480 29.6480 29.6478 29.6006 29.6472 29.5251 29.5720 29.5373 29.5574 29.5591 29.5496 29.5963 29.5397 29.5676 29.5862 29.6502 29.6267 29.6253 29.6263 29.6904 29.6621
29.4313 29.3371 29.3371 29.3944 29.3663 29.3472 29.2545 29.2528 29.2075 29.1885 29.1900 29.1400 29.1413 29.1100 29.0718 29.0342 29.0058 29.0042 29.0711 29.0443 29.0629 29.1094 29.3062 29.2891 29.3643 29.4127 29.4298 29.4578 29.4656 29.5579 29.5937 29.6044 29.5481 29.5386 29.5100 29.4897 29.4551 29.3988 29.3893 29.4192 29.4285 29.4082 29.5035 29.5236 29.5295 29.5295 29.5636 29.5636 29.5743 29.5539 29.5992 29.5160 29.5347 29.5000 29.5295 29.5312 29.5122 29.5589 29.5304 29.5586 29.5772 29.6787 29.6552 29.6643 29.6453 29.7188 29.6731
29.4517 29.3683 29.3683 29.4054 29.3568 29.3472 29.3015 29.2905 29.1779 29.1481 29.2073 29.1304 29.0834 29.0442 29.0249 29.0342 29.0074 29.0353 29.1021 29.1006 29.1099 29.1659 29.3439 29.3830 29.3906 29.4672 29.5020 29.5582 29.5783 29.5860 29.5749 29.5763 29.5949 29.5682 29.5318 29.5115 29.4832 29.3988 29.3987 29.4379 29.4472 29.4454 29.5393 29.5486 29.5577 29.5577 29.6011 29.6011 29.6417 29.6213 29.6586 29.5848 29.5941 29.5390 29.5201 29.5312 29.5482 29.6245 29.6040 29.6118 29.5929 29.6959 29.6832 29.7017 29.7125 29.7485 29.6948
29.4705 29.3871 29.3871 29.3944 29.3459 29.3363 29.2907 29.2717 29.1872 29.1386 29.2072 29.1507 29.0849 29.0457 29.0158 29.0719 29.0452 29.1012 29.1680 29.1758 29.3336 29.4178 29.5035 29.4675 29.4846 29.5783 29.6413 29.6815 29.7392 29.7094 29.6701 29.6606 29.6792 29.6807 29.6349 29.5958 29.5675 29.5003 29.5002 29.4282 29.4375 29.4451 29.4827 29.4920 29.4839 29.4839 29.5555 29.5555 29.6507 29.5741 29.6114 29.6126 29.6394 29.5655 29.5466 29.5858 29.5480 29.6057 29.6134 29.6212 29.6116 29.7161 29.7129 29.7771 29.7129 29.7489 29.7139
