regresion/MARZO_2003/SeaWiFS/Composicion (Lt_490).txt
ncols         167
nrows         127
xllcorner     -112.012
yllcorner     26.718
cellsize      0.00898
[rows 29 to 57 of 127, columns 67 to 133 of 167]
50.4605 50.4473 50.3443 50.3310 50.3803 50.4197 50.3830 50.1523 50.1392 50.1385 50.0989 50.2174 50.1908 50.2860 50.1934 50.1527 50.1527 50.1126 50.0364 50.0096 50.1382 50.2171 50.1541 50.2138 50.2169 50.3061 50.3191 50.2922 50.2689 50.3874 50.3771 50.4685 50.4680 50.5340 50.4810 50.5305 50.5304 50.5992 50.5036 50.6094 50.6495 50.6328 50.5963 50.5435 50.5037 50.4539 50.4241 50.2911 50.2676 50.2244 50.1847 50.1579 50.0524 50.0654 49.9332 49.9799 49.9739 49.9771 50.1059 50.0926 50.1877 50.0817 50.0270 50.1055 50.1916 50.2472 50.2365
50.4706 50.4442 50.3309 50.3175 50.3997 50.4362 50.4097 50.2478 50.2083 50.2046 50.1651 50.3328 50.3194 50.2988 50.2062 50.1760 50.1496 50.0860 49.9702 49.9434 50.1117 50.2305 50.1938 50.2036 50.2067 50.3193 50.3058 50.2526 50.2392 50.3343 50.2814 50.3699 50.3623 50.4414 50.4677 50.5173 50.5072 50.5731 50.4775 50.5564 50.6623 50.7516 50.6624 50.6755 50.6753 50.5062 50.4763 50.2907 50.1881 50.2141 50.2141 50.1051 49.9831 50.0788 49.9599 50.0756 50.0795 50.1058 50.1423 50.1321 50.1975 50.0945 49.9737 49.9965 50.0624 50.1708 50.1987
50.4838 50.4474 50.3474 50.3340 50.3898 50.4263 50.4097 50.2874 50.2479 50.2146 50.1750 50.3560 50.3426 50.3220 50.2459 50.2157 50.1627 50.1025 49.9866 49.9731 50.1414 50.2073 50.2070 50.2168 50.2199 50.3324 50.3158 50.2627 50.2492 50.3343 50.2814 50.3831 50.3359 50.4149 50.4708 50.5204 50.4972 50.6128 50.5172 50.5828 50.6888 50.7516 50.6458 50.6590 50.6721 50.5030 50.5028 50.3039 50.2013 50.2173 50.2173 50.0950 49.9730 50.0686 49.9467 50.0624 50.0795 50.0894 50.1258 50.1156 50.1810 50.1046 49.9882 50.0110 50.0188 50.1272 50.1860
50.4996 50.4338 50.3999 50.3998 50.4124 50.4091 50.3694 50.3822 50.3428 50.3724 50.3855 50.5304 50.5434 50.5990 50.4701 50.4142 50.3217 50.2220 50.1062 50.1059 50.2477 50.2178 50.2835 50.2040 50.2032 50.2397 50.2496 50.3019 50.2653 50.2023 50.1494 50.3039 50.3227 50.4119 50.4446 50.4942 50.4909 50.5698 50.4413 50.4542 50.5699 50.6718 50.5925 50.6322 50.5925 50.5295 50.5293 50.2513 50.2542 50.3103 50.3102 50.1908 50.1579 50.1444 50.0293 50.0789 50.0921 50.1283 50.1480 50.1144 50.1437 50.0775 49.9480 50.0366 50.0444 50.1102 50.1454
50.5293 50.4205 50.3999 50.3998 50.4092 50.4059 50.4058 50.3921 50.3262 50.4647 50.4779 50.5436 50.5335 50.6023 50.4734 50.4043 50.3250 50.2086 50.0929 50.1059 50.1949 50.1750 50.2539 50.1745 50.1604 50.1837 50.1835 50.2755 50.2785 50.2187 50.2186 50.3863 50.3787 50.4811 50.4974 50.4577 50.4808 50.4478 50.3193 50.3719 50.5697 50.6584 50.6025 50.6421 50.6024 50.5689 50.5853 50.3044 50.3073 50.3206 50.3366 50.2305 50.2108 50.1973 50.0920 50.1446 50.1314 50.1282 50.1479 50.0747 50.1172 50.1069 49.9877 50.0764 50.1282 50.1837 50.1662
50.5361 50.4436 50.3964 50.4227 50.5148 50.5247 50.4682 50.4212 50.3554 50.4548 50.4152 50.5204 50.5599 50.6056 50.6087 50.5491 50.4666 50.4162 50.2740 50.2075 50.2439 50.2008 50.2531 50.1636 50.1796 50.1867 50.1732 50.2421 50.2717 50.2450 50.2482 50.3476 50.3104 50.3235 50.2969 50.2043 50.2668 50.2866 50.2498 50.2790 50.4372 50.4106 50.3943 50.4370 50.3972 50.2947 50.3078 50.3575 50.3604 50.3171 50.3332 50.3065 50.3791 50.3789 50.2072 50.2759 50.2757 50.2493 50.1304 50.0809 50.1204 50.1860 50.0834 50.1560 50.1821 50.1614 50.1767
50.4570 50.4171 50.4594 50.4857 50.5280 50.5378 50.5342 50.4741 50.4346 50.4709 50.4313 50.4970 50.5335 50.5924 50.5955 50.5095 50.3610 50.2813 50.2446 50.1782 50.2471 50.2040 50.2034 50.0580 50.0740 50.1633 50.1498 50.2290 50.2290 50.2024 50.2482 50.3476 50.2516 50.2384 50.2412 50.2043 50.2668 50.3130 50.2762 50.2922 50.3844 50.3711 50.4207 50.4633 50.4104 50.2815 50.2814 50.3442 50.3340 50.3040 50.3332 50.3197 50.3791 50.3525 50.2072 50.2363 50.2360 50.2229 50.0909 50.0282 50.0676 50.1596 50.1098 50.1824 50.1820 50.1482 50.1634
50.4043 50.4437 50.5749 50.6276 50.5673 50.6328 50.6724 50.5268 50.4872 50.4705 50.4441 50.5265 50.4840 50.5629 50.6024 50.5196 50.3743 50.2946 50.3503 50.2704 50.2865 50.2331 50.1966 50.0218 50.0741 50.1106 50.1270 50.1895 50.2292 50.1995 50.2288 50.2648 50.1456 50.1454 50.0952 50.0981 50.2530 50.2789 50.2032 50.1896 50.2555 50.2522 50.3281 50.3346 50.2652 50.2390 50.2521 50.2092 50.1990 50.1857 50.2150 50.2774 50.3004 50.2634 50.1737 50.2000 50.0941 50.1043 50.2097 50.1203 50.1103 50.2326 50.1794 50.2056 50.2186 50.3165 50.3385
50.3515 50.3909 50.4825 50.5352 50.5144 50.5800 50.6196 50.5400 50.5004 50.5496 50.5233 50.5264 50.4839 50.5629 50.6024 50.5196 50.4139 50.3342 50.3899 50.3100 50.3128 50.2594 50.2230 50.1142 50.1665 50.1370 50.1533 50.1631 50.2027 50.1731 50.1892 50.2253 50.1618 50.1616 50.1084 50.1113 50.2661 50.2921 50.2164 50.1896 50.2555 50.2654 50.3413 50.3478 50.3576 50.3313 50.3972 50.3543 50.2781 50.2648 50.2941 50.3169 50.3399 50.2898 50.2001 50.2000 50.0941 50.1043 50.2228 50.1334 50.1235 50.2458 50.1794 50.2056 50.2186 50.3033 50.3253
50.4307 50.4569 50.5122 50.5514 50.5936 50.6726 50.7922 50.6331 50.5937 50.5370 50.5370 50.5733 50.5605 50.5430 50.5298 50.4338 50.3873 50.3472 50.3337 50.3232 50.4315 50.3783 50.2857 50.2165 50.2328 50.0976 50.1107 50.1736 50.2133 50.1602 50.1632 50.1463 49.9902 50.0165 50.0128 50.0289 50.0285 50.0015 50.0840 50.1334 50.2520 50.2917 50.3047 50.2917 50.3179 50.2354 50.2747 50.2909 50.2147 50.0760 50.1024 50.0785 50.1441 50.1440 50.1208 50.1339 50.1339 50.0941 50.1203 49.9985 50.0086 50.1274 50.1140 50.2326 50.2453 50.2845 50.2185
50.3647 50.3909 50.4694 50.5085 50.5111 50.5902 50.6699 50.6596 50.6202 50.5502 50.5502 50.5501 50.5373 50.5066 50.5198 50.4238 50.3081 50.2680 50.3337 50.3464 50.4283 50.3619 50.2460 50.1504 50.1667 50.0580 50.1107 50.1636 50.2033 50.1502 50.1927 50.1626 50.0033 50.0296 50.0260 50.0421 50.0385 49.9851 50.0676 50.0672 50.1858 50.1727 50.1989 50.1859 50.2155 50.1330 50.1329 50.1326 50.2411 50.1157 50.1420 50.0754 50.1276 50.1143 50.1177 50.1572 50.1471 50.0809 50.0939 49.9885 50.0118 50.1305 50.1434 50.2621 50.3247 50.3638 50.3133
50.4282 50.3812 50.4861 50.5620 50.5219 50.5877 50.6603 50.6894 50.6863 50.6664 50.6664 50.5370 50.5139 50.4401 50.4533 50.4367 50.3074 50.2837 50.3625 50.3854 50.3985 50.3619 50.2225 50.1537 50.1932 50.0816 50.0946 50.1665 50.1929 50.1133 50.1628 50.1724 50.0693 50.0722 50.0157 50.0421 50.0385 49.9617 50.0442 50.0440 50.1758 50.1432 50.1562 50.1989 50.2285 50.2584 50.2582 50.1688 50.2773 50.1184 50.1184 50.0489 50.0648 50.0284 50.0417 50.0679 50.0413 49.9590 49.9985 49.8960 49.9853 50.1041 50.1268 50.2454 50.2586 50.2876 50.2635
50.4373 50.4433 50.5119 50.5218 50.4686 50.5344 50.6372 50.6792 50.6761 50.6960 50.7092 50.5898 50.5270 50.4669 50.5165 50.4736 50.2518 50.2547 50.3995 50.3991 50.4517 50.4153 50.2527 50.1180 50.1574 50.1117 50.0983 50.1276 50.1540 50.0968 50.1463 50.1428 50.0266 50.0032 49.8411 49.8674 49.8935 49.8300 49.9389 49.8756 50.0075 50.0540 50.1198 50.1888 50.2019 50.2054 50.1921 50.1524 50.2610 50.1416 50.1416 50.0621 50.1177 50.0813 50.1208 50.1470 50.0972 50.0281 50.0808 49.9620 50.0381 50.1035 50.1363 50.2416 50.2508 50.2404 50.2477
50.4008 50.4435 50.4361 50.4328 50.3795 50.4453 50.4918 50.6234 50.6203 50.7323 50.7455 50.6393 50.5765 50.5859 50.6356 50.5693 50.3607 50.3604 50.5316 50.4288 50.4418 50.3887 50.2659 50.1680 50.1941 50.1646 50.1346 50.1374 50.1506 50.1199 50.1463 50.1194 50.0001 49.9869 49.8312 49.8575 49.8703 49.8301 49.9389 49.8858 50.0177 50.0672 50.1329 50.1723 50.1986 50.2053 50.1921 50.1156 50.1054 50.0096 50.0095 50.0522 50.1079 50.1208 50.1471 50.1703 50.2662 50.2133 50.3155 50.2098 50.1139 50.1792 50.1889 50.2973 50.2404 50.2005 50.2269
50.4305 50.3938 50.4131 50.5022 50.4093 50.4223 50.4782 50.5931 50.6032 50.7284 50.7317 50.6787 50.6653 50.7539 50.7803 50.7041 50.5357 50.5518 50.5120 50.4589 50.3928 50.3262 50.3555 50.3229 50.2830 50.2699 50.2797 50.2662 50.2794 50.1571 50.1407 50.0906 49.9746 49.9639 49.8079 49.8342 49.8207 49.7941 49.8765 49.8567 50.0812 50.0545 50.0907 50.1170 50.1168 50.1390 50.1785 50.0661 50.0558 50.0526 50.0394 50.0555 50.0026 49.9758 50.0681 50.0943 50.1203 50.1466 50.2886 50.2589 50.3115 50.2450 50.2416 50.3105 50.2621 50.1826 50.2290
50.3943 50.3443 50.3471 50.4228 50.3565 50.3666 50.4192 50.5370 50.5471 50.7153 50.7186 50.7181 50.7313 50.6778 50.6545 50.5886 50.5918 50.6046 50.5252 50.4455 50.3794 50.3332 50.3493 50.3461 50.3194 50.2930 50.2796 50.2528 50.2660 50.1501 50.0678 50.0675 49.9251 49.8879 49.7683 49.7946 49.7812 49.7350 49.8174 49.7875 50.0119 50.0777 50.1304 50.1435 50.1037 50.1155 50.1053 50.0560 50.0589 50.0294 50.0161 50.0819 49.9893 49.9596 50.0884 50.1044 50.1303 50.1168 50.2588 50.2324 50.2586 50.2347 50.2346 50.3269 50.2651 50.1723 50.2149
50.2391 50.2155 50.3872 50.4234 50.4330 50.4826 50.4693 50.5481 50.5450 50.6500 50.7060 50.7221 50.6957 50.6417 50.6184 50.5784 50.5684 50.5783 50.5780 50.5512 50.5280 50.4389 50.4647 50.4514 50.4247 50.4113 50.3846 50.2787 50.2423 50.1263 50.0071 50.0069 49.8418 49.8579 49.8343 49.8606 49.8477 49.8147 49.8543 49.8276 49.9460 50.0250 50.2095 50.2226 50.1828 50.1061 50.0960 50.0926 50.0955 50.0558 50.0557 50.1134 50.0902 50.1182 50.2843 50.3003 50.1705 50.1438 50.1932 50.1800 50.2492 50.2642 50.2642 50.2742 50.2751 50.2119 50.2147
50.2524 50.1990 50.3441 50.3906 50.4135 50.4661 50.4826 50.5482 50.5451 50.6664 50.7224 50.7417 50.7153 50.6450 50.6449 50.6181 50.5684 50.5750 50.5879 50.5846 50.5350 50.4387 50.4911 50.4382 50.4115 50.3981 50.3482 50.2586 50.2222 50.0866 49.9674 49.9408 49.7857 49.8151 49.8047 49.8412 49.8283 49.8147 49.8542 49.8275 49.9459 49.9491 50.1468 50.1628 50.1494 50.0830 50.0432 50.0134 50.0559 50.0921 50.0921 50.1600 50.1369 50.2075 50.3371 50.3266 50.2365 50.1205 50.1436 50.0936 50.1892 50.2014 50.2113 50.3138 50.3136 50.3428 50.3659
50.2359 50.1924 50.3375 50.3871 50.4961 50.4961 50.5619 50.6669 50.6638 50.7621 50.7786 50.7814 50.7681 50.6324 50.5928 50.5925 50.5628 50.5527 50.6247 50.5949 50.5321 50.4789 50.4521 50.3992 50.4287 50.4021 50.3390 50.1965 50.1170 50.0732 49.9672 49.9934 49.8251 49.8941 49.8539 49.8641 49.8804 49.9461 49.9593 49.9590 50.0378 49.9650 50.0968 50.0732 50.0598 50.0957 50.0559 50.0397 50.0822 49.9965 49.9964 50.0724 50.0497 50.0891 50.0756 50.0652 50.3557 50.2134 50.3342 50.2973 50.2519 50.3012 50.3170 50.4327 50.3893 50.4976 50.5076
50.2193 50.2292 50.3081 50.3476 50.4861 50.4860 50.5387 50.6833 50.6802 50.7916 50.8080 50.7946 50.7780 50.6555 50.6027 50.6288 50.6123 50.5497 50.6216 50.5949 50.5190 50.4821 50.4685 50.4157 50.4451 50.4348 50.3949 50.1966 50.1170 50.0699 49.9640 50.0164 49.8413 49.9073 49.8803 49.9300 49.9332 50.0022 50.0153 50.0018 50.0909 50.0310 50.1526 50.1525 50.1359 50.1850 50.1584 50.0922 50.1347 49.9830 49.9932 50.0854 50.1057 50.1319 50.1184 50.1314 50.4087 50.3353 50.4560 50.3766 50.3048 50.3243 50.3960 50.4456 50.4155 50.5179 50.5045
50.2226 50.2457 50.3246 50.3377 50.4331 50.4858 50.5550 50.6997 50.6966 50.6990 50.6990 50.5270 50.5401 50.5627 50.5363 50.6119 50.5857 50.5265 50.5721 50.5851 50.4959 50.4822 50.3793 50.3824 50.4053 50.3126 50.2595 50.1139 50.0476 49.8982 49.8946 49.9471 49.8806 49.9466 49.8704 49.9201 49.8441 49.9132 49.9822 49.9951 50.0842 50.0542 50.1890 50.2416 50.2284 50.2378 50.2112 50.2076 50.2237 49.9993 50.0095 50.1414 50.1452 50.1185 50.0822 50.1083 50.1608 50.0975 50.2852 50.2190 50.5715 50.5677 50.8983 51.0170 50.3953 50.5504 50.6132
50.3377 50.3475 50.4162 50.4425 50.4463 50.4989 50.6077 50.7555 50.7820 50.7652 50.7652 50.5899 50.6060 50.6022 50.5758 50.5825 50.5694 50.5558 50.5751 50.6012 50.5486 50.5218 50.3792 50.3722 50.3951 50.2965 50.2433 50.1929 50.1002 49.9251 49.9348 49.9051 49.8651 49.8944 49.8182 49.8284 49.8447 49.9005 49.9299 49.9589 49.9952 49.9888 50.1763 50.2289 50.2157 50.2509 50.2243 50.1353 50.1514 50.1048 50.1151 50.2074 50.1446 50.1443 50.1375 50.1800 50.2193 50.2025 50.2583 50.2317 50.5710 50.6991 50.9769 50.9870 50.2867 50.5238 50.5287
50.3375 50.3739 50.4294 50.4557 50.4332 50.4857 50.5515 50.7553 50.7818 50.6098 50.6098 50.6030 50.6057 50.5756 50.5625 50.5196 50.5426 50.5423 50.5221 50.5351 50.4958 50.5088 50.4687 50.3956 50.3290 50.2568 50.2136 50.1928 50.1134 49.9383 49.9116 49.8687 49.9046 49.9339 49.9106 49.9208 49.9241 49.8972 49.9266 49.9688 50.0051 49.9735 50.1477 50.1991 50.1757 50.2506 50.2637 50.1517 50.1414 50.0519 50.0621 50.0750 50.0488 50.1576 50.1737 50.2030 50.4014 50.3613 50.1728 50.1462 50.2515 50.3828 50.3062 50.3163 50.2475 50.4846 50.5637
50.4009 50.4800 50.4300 50.4694 50.5123 50.4888 50.4621 50.6498 50.6763 50.5439 50.5703 50.6689 50.6454 50.6116 50.6480 50.6082 50.6345 50.6605 50.5743 50.5610 50.4694 50.4195 50.3662 50.3429 50.2631 50.1380 50.0948 49.9917 49.9387 49.8794 49.8264 49.6940 49.6539 49.6803 49.7756 49.8022 49.8581 49.8209 49.8767 49.8896 49.9027 49.8975 50.0387 50.0373 50.0138 50.0603 50.0734 49.9807 49.9704 49.9996 50.0098 50.0358 50.0229 50.1347 50.1376 50.1375 50.3226 50.2429 50.0240 49.9843 50.0105 50.1292 50.0526 50.2106 50.2079 50.4451 50.5543
50.3877 50.4270 50.3769 50.4164 50.6176 50.5941 50.6072 50.5441 50.5705 50.4481 50.4745 50.5897 50.5264 50.4927 50.5555 50.5156 50.5387 50.5416 50.4685 50.4419 50.3797 50.3032 50.2503 50.2138 50.1438 50.0847 50.0714 50.0150 49.9885 49.9557 49.9320 49.7832 49.7069 49.7332 49.8153 49.8712 49.9004 49.8605 49.9163 49.9060 49.9192 49.9389 50.0904 50.1035 50.0901 50.1131 50.0997 50.0434 50.0565 50.0882 50.0750 49.9951 49.9427 50.0094 50.0745 50.0875 50.1634 50.1073 50.0341 49.9811 49.9675 50.1227 50.0695 50.2276 50.1509 50.3779 50.5467
50.3871 50.3869 50.3663 50.4088 50.5448 50.5843 50.6238 50.6100 50.6365 50.5669 50.5273 50.5669 50.5167 50.5560 50.5528 50.4731 50.4996 50.4894 50.3504 50.2902 50.2143 50.1876 50.0919 49.9365 49.8402 49.8603 49.8470 49.9024 49.8759 49.8726 49.8489 49.8091 49.7327 49.7488 49.8177 49.8735 49.7909 49.7876 49.8535 49.8665 49.9588 49.9756 50.0843 50.0841 50.0707 50.1231 50.1097 50.0301 50.0432 50.1146 50.1014 50.0012 49.8991 49.9365 49.9852 50.0775 50.2295 50.1998 50.1930 50.0943 50.0675 50.1068 50.1065 50.1591 50.0518 50.2554 50.4479
50.4135 50.4132 50.4060 50.4484 50.6005 50.6400 50.5836 50.5439 50.6099 50.5138 50.4742 50.4477 50.3682 50.5034 50.5002 50.4367 50.4763 50.4098 50.2709 50.2107 50.1348 50.1445 50.0223 49.8537 49.8269 49.8238 49.7839 49.8526 49.8625 49.8592 49.9183 49.8784 49.8913 49.8942 49.8970 49.8869 49.8572 49.7843 49.8502 49.8500 49.9686 49.9887 50.0711 50.0841 50.0708 50.1132 50.0998 50.0070 50.0201 50.1287 50.1286 50.0053 49.9295 49.9557 49.9920 50.0710 50.1237 50.1334 50.1664 50.0809 50.0674 50.0671 50.0065 50.0591 50.2670 50.4574 50.6648
50.4988 50.4854 50.5278 50.5277 50.5082 50.5509 50.4912 50.4056 50.4716 50.4284 50.4416 50.3551 50.2363 50.3318 50.3054 50.3110 50.2715 50.2050 50.1715 50.1051 49.9632 49.9626 49.8505 49.9398 49.9131 49.8572 49.8173 49.7997 49.8096 49.7535 49.8125 49.8186 49.8843 49.8710 49.8474 49.8240 49.8176 49.7182 49.7841 49.8172 49.9359 49.9194 50.0050 50.0181 50.0443 50.1396 50.1394 50.0233 50.0263 50.1508 50.1508 50.0977 50.0087 50.0480 50.0548 50.1177 50.1835 50.1537 50.1470 50.0808 50.1464 50.0801 49.9964 50.0785 50.3236 50.4581 50.6160
50.4989 50.4723 50.5377 50.5376 50.5275 50.5702 50.3978 50.2328 50.2592 50.3253 50.3385 50.2287 50.1100 50.1592 50.1327 50.1383 50.1252 50.0719 50.0485 50.0450 49.9596 49.9359 49.8238 49.9132 49.8601 49.8174 49.8602 49.7904 49.7740 49.7837 49.8130 49.8719 49.9773 49.9641 49.9502 49.9400 49.8140 49.7312 49.7180 49.7379 49.8302 49.8137 50.0833 50.0866 50.1128 50.1785 50.1783 50.1546 50.1576 50.1370 50.1370 50.0806 50.0451 50.0844 50.0415 50.1044 50.1835 50.1536 50.1767 50.0974 50.1630 50.0788 50.0555 50.1926 50.1793 50.2507 50.3616
