regresion/MARZO_2003/SeaWiFS/Composicion (Lt_555).txt
ncols         167
nrows         127
xllcorner     -112.012
yllcorner     26.718
cellsize      0.00898
[rows 29 to 57 of 127, columns 67 to 133 of 167]
29.6485 29.7235 29.6590 29.6590 29.8260 29.8353 29.8931 29.7500 29.7125 29.7125 29.6938 29.6372 29.6277 29.7041 29.6946 29.6939 29.7502 29.7217 29.7137 29.6383 29.5992 29.5236 29.4500 29.5407 29.4954 29.5876 29.6063 29.6435 29.7107 29.9262 29.8806 29.9362 29.8980 29.8980 29.7759 29.8682 29.8587 29.8695 29.8022 29.8680 29.9152 29.8479 29.8306 29.8118 29.7554 29.6162 29.5769 29.5859 29.5497 29.5386 29.4823 29.4258 29.2945 29.3038 29.2660 29.2726 29.2946 29.3337 29.4354 29.4354 29.5211 29.5304 29.5979 29.6819 29.7775 29.9007 29.8751
29.6376 29.6657 29.6496 29.6495 29.8666 29.8839 29.9496 29.7978 29.7323 29.7027 29.6839 29.7289 29.7100 29.6847 29.6752 29.6733 29.7295 29.6462 29.6288 29.6004 29.6550 29.5800 29.5250 29.5421 29.4968 29.5595 29.5594 29.5967 29.6247 29.8415 29.8508 29.8957 29.8609 29.8983 29.9264 29.9624 29.8792 29.7761 29.7089 29.8401 29.8404 29.8295 29.8685 29.8872 29.8964 29.7284 29.6610 29.5761 29.4462 29.3991 29.3241 29.2943 29.2178 29.2663 29.2945 29.4337 29.4916 29.5385 29.5088 29.5104 29.5382 29.5865 29.6070 29.6708 29.6802 29.7940 29.8145
29.6000 29.6485 29.6512 29.6511 29.8682 29.8855 29.9402 29.8072 29.7416 29.7104 29.6917 29.7179 29.6990 29.6737 29.6658 29.6639 29.7107 29.6384 29.6210 29.5456 29.6002 29.5628 29.5344 29.5515 29.5061 29.5688 29.5578 29.5951 29.6231 29.8509 29.8602 29.9051 29.8515 29.8889 29.9185 29.9544 29.8714 29.7761 29.7089 29.8401 29.8404 29.8389 29.8481 29.8668 29.9043 29.7363 29.6986 29.5949 29.4650 29.4101 29.3350 29.2958 29.2192 29.2678 29.2850 29.4243 29.4728 29.5088 29.4791 29.4995 29.5273 29.5661 29.5579 29.6217 29.6667 29.7805 29.8226
29.7049 29.7239 29.7454 29.7360 29.9044 29.9122 29.9216 29.9026 29.8370 29.8695 29.8507 29.8223 29.8315 29.8235 29.7876 29.7857 29.8325 29.7698 29.6586 29.5926 29.7316 29.6265 29.6357 29.5793 29.5323 29.5402 29.5198 29.5571 29.5866 29.5787 29.6067 29.8297 29.8886 29.9340 29.9092 29.9639 29.9624 29.8779 29.8140 29.8512 29.8404 29.8854 29.8758 29.9322 29.8665 29.8305 29.7929 29.5859 29.5310 29.5232 29.4481 29.3915 29.3321 29.3413 29.3619 29.3886 29.4450 29.4809 29.4867 29.4991 29.4817 29.5286 29.4922 29.6122 29.6478 29.7508 29.7847
29.7253 29.7989 29.7829 29.7734 29.8934 29.9012 29.9387 29.9291 29.8823 29.8411 29.8223 29.8409 29.7673 29.7500 29.7329 29.7029 29.7122 29.6194 29.5083 29.5082 29.7128 29.6343 29.6998 29.6527 29.6058 29.6324 29.6229 29.6414 29.6054 29.5896 29.6177 29.8407 29.8902 29.9544 29.8998 29.9186 29.9264 29.8857 29.8218 29.8684 29.8027 29.8571 29.7618 29.8182 29.7337 29.7273 29.7101 29.5580 29.5031 29.5032 29.5232 29.4572 29.3697 29.3789 29.4167 29.4447 29.4729 29.4808 29.4866 29.4709 29.4628 29.5582 29.4923 29.6123 29.6595 29.7357 29.7659
29.7315 29.8346 29.8468 29.8561 29.9779 29.9762 29.9745 29.9774 29.9306 29.8335 29.8054 29.7863 29.7394 29.7143 29.7346 29.6468 29.6921 29.6369 29.5538 29.4879 29.6175 29.5689 29.7279 29.7010 29.6367 29.6338 29.6618 29.6351 29.6085 29.5896 29.6005 29.8034 29.8138 29.8607 29.7949 29.7573 29.7555 29.7429 29.7540 29.8209 29.7552 29.7927 29.6973 29.6988 29.6049 29.5032 29.4843 29.5676 29.5127 29.4921 29.5122 29.4651 29.5182 29.5931 29.5181 29.5474 29.5662 29.5944 29.4819 29.4366 29.4835 29.6334 29.5881 29.6504 29.6409 29.6998 29.7775
29.7783 29.8721 29.9391 29.9485 30.0529 30.0513 30.1152 30.0243 30.0056 29.7974 29.7693 29.7127 29.7019 29.7237 29.7439 29.6843 29.6171 29.6167 29.6275 29.5615 29.6566 29.6080 29.7294 29.7385 29.6742 29.7289 29.7570 29.7007 29.7007 29.6818 29.6286 29.8315 29.7266 29.7641 29.7841 29.7760 29.7743 29.7242 29.7353 29.7084 29.6521 29.7270 29.6692 29.6707 29.6049 29.4750 29.4187 29.5582 29.5314 29.5015 29.5216 29.5214 29.5744 29.6025 29.5181 29.5006 29.5193 29.5288 29.4163 29.3991 29.4366 29.6053 29.5787 29.6411 29.6409 29.7091 29.7681
29.7221 29.8721 30.0126 30.0594 30.1372 30.1650 30.2025 30.0712 30.0524 29.9006 29.8631 29.8175 29.7504 29.7785 29.7502 29.7109 29.6077 29.6356 29.6838 29.6365 29.7035 29.6938 29.7140 29.7030 29.7590 29.7950 29.7776 29.7479 29.7761 29.7558 29.7104 29.7555 29.6239 29.6706 29.6624 29.6638 29.7742 29.7177 29.6913 29.6347 29.5409 29.6050 29.6316 29.6254 29.5486 29.5019 29.4549 29.4998 29.4731 29.3979 29.4180 29.4913 29.5083 29.5752 29.4925 29.4642 29.3328 29.3408 29.3970 29.3985 29.4192 29.5459 29.5458 29.6863 29.7050 29.7825 29.8803
29.6753 29.8253 29.9563 30.0031 30.0903 30.1181 30.1556 30.0993 30.0806 29.9662 29.9288 29.8081 29.7410 29.7879 29.7595 29.7203 29.6452 29.6731 29.7307 29.6834 29.7223 29.7125 29.7328 29.7218 29.7777 29.7856 29.7682 29.7010 29.7292 29.7089 29.6635 29.7086 29.6159 29.6626 29.6249 29.6262 29.7367 29.6708 29.6444 29.6160 29.5222 29.6237 29.6503 29.6441 29.6611 29.6144 29.6424 29.6873 29.5762 29.5010 29.5211 29.5569 29.5739 29.6409 29.5581 29.5111 29.3797 29.3877 29.3782 29.3797 29.4192 29.5459 29.5365 29.6770 29.6956 29.7637 29.8615
29.7596 29.8440 29.9203 29.9482 30.0714 30.1182 30.2404 30.0524 30.0337 30.0036 29.9942 29.9739 29.8613 29.7938 29.7844 29.8109 29.7670 29.7292 29.7383 29.7677 29.8534 29.8251 29.7594 29.7390 29.7872 29.6731 29.6730 29.6903 29.7279 29.6715 29.5605 29.5023 29.3346 29.3720 29.3701 29.3621 29.3900 29.3990 29.5319 29.5771 29.5865 29.6991 29.6614 29.6804 29.7271 29.6035 29.6127 29.6423 29.5312 29.4339 29.4432 29.4161 29.4721 29.5096 29.4549 29.4173 29.3985 29.3421 29.2858 29.3219 29.3205 29.4139 29.3762 29.5262 29.6105 29.6758 29.7429
29.6565 29.7220 29.8061 29.8339 29.9760 30.0228 30.1261 29.9867 29.9680 30.0035 29.9941 29.9660 29.8628 29.8047 29.7764 29.8029 29.6825 29.6823 29.7477 29.7661 29.8143 29.8048 29.7124 29.6638 29.7215 29.6075 29.6074 29.6357 29.6732 29.6074 29.5433 29.4851 29.3063 29.3438 29.3701 29.3621 29.3885 29.3505 29.4835 29.4833 29.4926 29.5208 29.5019 29.5209 29.5693 29.4457 29.4549 29.4923 29.6063 29.4995 29.5089 29.4428 29.4705 29.4704 29.4441 29.4252 29.4174 29.3328 29.3327 29.3515 29.3313 29.4153 29.3870 29.5369 29.6198 29.6851 29.7142
29.7673 29.7607 29.7885 29.8150 29.8336 29.8711 29.9963 30.0445 30.0805 30.1991 30.1898 30.0503 29.8828 29.7856 29.7574 29.7558 29.6448 29.6274 29.6834 29.7286 29.7192 29.7019 29.6108 29.5810 29.6653 29.5687 29.5403 29.5432 29.5526 29.4774 29.4853 29.4366 29.3251 29.3639 29.3151 29.3338 29.3602 29.3144 29.4473 29.4566 29.5128 29.5381 29.5286 29.5488 29.5972 29.5269 29.5362 29.4907 29.6046 29.5199 29.5293 29.4431 29.3974 29.3802 29.3522 29.3802 29.3238 29.2378 29.2378 29.2486 29.2566 29.3781 29.3947 29.5633 29.5071 29.5550 29.6008
29.7749 29.7684 29.7696 29.7774 29.8429 29.8897 30.1011 30.1491 30.1851 30.2758 30.2664 30.1346 30.0142 29.9450 29.8682 29.8666 29.7182 29.6820 29.7193 29.7755 29.7754 29.7393 29.6781 29.6108 29.5918 29.5139 29.4951 29.5152 29.5246 29.4851 29.4930 29.4632 29.3142 29.2968 29.1917 29.2104 29.2103 29.1739 29.2787 29.2613 29.3457 29.4459 29.4739 29.4941 29.5315 29.4986 29.5080 29.4704 29.5844 29.5184 29.5277 29.4431 29.3974 29.3802 29.4271 29.4551 29.4002 29.3237 29.3237 29.3423 29.3504 29.3874 29.4026 29.4962 29.4549 29.4936 29.5357
29.7486 29.7407 29.6778 29.6949 29.7604 29.7977 29.9511 30.0636 30.0995 30.3211 30.3118 30.1613 30.0408 30.0294 29.9525 29.9242 29.8039 29.7662 29.8035 29.7861 29.7673 29.7108 29.6590 29.5998 29.5620 29.4668 29.4560 29.5230 29.5230 29.4836 29.4649 29.4270 29.2860 29.2766 29.1745 29.1932 29.1931 29.1551 29.2599 29.2317 29.3161 29.3707 29.3987 29.4362 29.4267 29.3861 29.3861 29.3311 29.3512 29.2932 29.3026 29.3322 29.2865 29.3990 29.4647 29.4632 29.5400 29.4743 29.4725 29.4818 29.3581 29.4233 29.4404 29.5167 29.4660 29.5502 29.5783
29.7032 29.6014 29.5951 29.7153 29.7807 29.7806 29.8948 29.9962 30.0884 30.2165 30.2087 30.1524 30.0772 30.1221 30.0750 30.0201 29.8715 29.8917 29.8259 29.7976 29.7413 29.6565 29.6293 29.5982 29.5793 29.5700 29.5401 29.6243 29.6149 29.5944 29.5460 29.4909 29.3889 29.3904 29.2884 29.3070 29.2412 29.2317 29.2521 29.2399 29.4084 29.4176 29.3691 29.3785 29.3596 29.3952 29.4045 29.2857 29.3058 29.3136 29.3136 29.3243 29.2587 29.3618 29.3899 29.3710 29.3707 29.3800 29.4723 29.4425 29.4330 29.5358 29.5623 29.6012 29.5439 29.5905 29.6905
29.6392 29.5280 29.5576 29.6684 29.6962 29.7042 29.8262 29.9852 30.0775 30.1696 30.1618 30.1616 30.1053 30.0110 29.9843 29.9373 29.9294 29.9199 29.8260 29.7599 29.6848 29.6441 29.6075 29.5965 29.5777 29.5778 29.5682 29.6242 29.6149 29.5880 29.5208 29.4831 29.3812 29.3638 29.2695 29.2882 29.2318 29.2005 29.2209 29.2195 29.3881 29.4255 29.3973 29.3973 29.3784 29.4248 29.3980 29.2684 29.2510 29.2683 29.2682 29.2962 29.1929 29.3040 29.3776 29.3882 29.4161 29.3878 29.4613 29.4519 29.4612 29.5466 29.5653 29.6121 29.5309 29.5212 29.6236
29.5557 29.5196 29.6979 29.7057 29.6854 29.7308 29.8060 29.8809 29.9450 30.0197 30.0587 30.0882 30.0507 29.9939 29.9485 29.9012 29.8558 29.8543 29.8541 29.8068 29.7897 29.7849 29.8035 29.7472 29.6720 29.6812 29.6623 29.5964 29.5699 29.5617 29.4770 29.4580 29.3047 29.3342 29.3261 29.3542 29.2789 29.2006 29.2006 29.1911 29.2284 29.2940 29.4626 29.4813 29.4625 29.3885 29.3618 29.3229 29.3055 29.2117 29.2211 29.2835 29.2570 29.3605 29.4892 29.5186 29.4350 29.3504 29.3299 29.3580 29.3689 29.5574 29.5761 29.5558 29.5199 29.5211 29.6423
29.5558 29.5180 29.6493 29.6557 29.6261 29.6823 29.7684 29.8153 29.8794 30.0212 30.0603 30.0912 30.0537 29.9862 29.9579 29.8919 29.8558 29.8338 29.8430 29.8414 29.7962 29.7849 29.7941 29.7096 29.6250 29.6624 29.6545 29.5994 29.5728 29.5616 29.4769 29.4768 29.3125 29.3421 29.2965 29.3232 29.2478 29.2006 29.2006 29.2004 29.2377 29.2862 29.4455 29.4562 29.4561 29.3996 29.3525 29.3042 29.3336 29.2570 29.2664 29.3369 29.3010 29.3495 29.4422 29.4998 29.4349 29.3800 29.3314 29.3139 29.3529 29.5589 29.6042 29.6121 29.5932 29.6601 29.7431
29.5541 29.5710 29.7304 29.7009 29.7215 29.7215 29.8153 29.9182 29.9542 30.0601 30.0617 30.0910 30.0723 29.9390 29.8826 29.8261 29.8432 29.7822 29.8320 29.8304 29.7758 29.7661 29.7284 29.7095 29.6922 29.6828 29.6654 29.5822 29.5257 29.5333 29.4392 29.4953 29.3312 29.3983 29.3417 29.3215 29.3324 29.2947 29.2760 29.2758 29.2849 29.2693 29.3630 29.3643 29.3642 29.3998 29.3528 29.3045 29.3339 29.2086 29.2179 29.2821 29.2555 29.3117 29.2646 29.3222 29.5005 29.3893 29.3810 29.3165 29.3133 29.4615 29.4834 29.5381 29.6696 29.7739 29.8070
29.5338 29.5415 29.6446 29.6165 29.6668 29.6668 29.7136 29.9198 29.9558 30.1179 30.1195 30.1192 30.0706 29.9373 29.8905 29.8621 29.8886 29.8090 29.8588 29.8398 29.7664 29.7770 29.7674 29.7486 29.7219 29.6858 29.6762 29.5729 29.5164 29.5223 29.4471 29.5031 29.3420 29.4077 29.3605 29.3685 29.3700 29.3808 29.3620 29.3618 29.3602 29.3163 29.4207 29.4489 29.4472 29.4828 29.4357 29.3794 29.4088 29.2460 29.2633 29.3195 29.3134 29.3602 29.3037 29.3223 29.5100 29.4283 29.4199 29.4011 29.3885 29.5163 29.5208 29.5568 29.6694 29.7804 29.8244
29.5264 29.5435 29.6372 29.6278 29.6669 29.7138 29.7807 29.9493 29.9853 30.0427 30.0521 29.9580 29.9016 29.8902 29.8527 29.8885 29.8792 29.8480 29.8415 29.8131 29.7116 29.7674 29.6936 29.7420 29.6933 29.6556 29.6178 29.4863 29.4487 29.4375 29.4267 29.4734 29.4074 29.4731 29.3526 29.3606 29.2871 29.3356 29.3745 29.3837 29.3821 29.3147 29.4191 29.4472 29.4378 29.4734 29.4733 29.4622 29.4448 29.2290 29.2464 29.3589 29.3700 29.3416 29.2681 29.3055 29.3564 29.2826 29.5726 29.5443 29.8197 29.9678 29.9724 30.0286 29.7881 29.9459 29.9288
29.5812 29.6357 29.7027 29.6933 29.7326 29.7793 29.8651 30.0257 30.0070 30.0523 30.0616 29.9754 29.9297 29.9371 29.8995 29.8777 29.8496 29.8587 29.8335 29.8332 29.7397 29.7769 29.6373 29.7153 29.6854 29.6636 29.6258 29.5707 29.5330 29.4469 29.4455 29.4252 29.3592 29.4732 29.3527 29.3513 29.3716 29.4575 29.5059 29.4696 29.4679 29.4086 29.5036 29.5129 29.5035 29.6047 29.6046 29.4874 29.4699 29.3978 29.3964 29.4996 29.3794 29.3416 29.3634 29.3835 29.4157 29.3482 29.5538 29.4881 29.8010 29.9397 29.9256 29.9147 29.6179 29.8146 29.8568
29.5526 29.6448 29.6933 29.6838 29.7232 29.7700 29.8450 30.0354 30.0167 29.8944 29.9038 30.0133 29.9393 29.9186 29.8716 29.7856 29.7745 29.7931 29.7773 29.8238 29.7209 29.7863 29.6734 29.7419 29.6571 29.6448 29.6431 29.5707 29.5237 29.4188 29.4093 29.4171 29.3777 29.4917 29.4275 29.4262 29.4183 29.4274 29.4757 29.4394 29.4378 29.3928 29.4690 29.4925 29.4845 29.6045 29.6139 29.4982 29.4808 29.3977 29.3963 29.3961 29.2744 29.3322 29.3711 29.3724 29.5886 29.5133 29.3800 29.3237 29.3684 29.4805 29.5452 29.5343 29.6065 29.8031 30.0904
29.5792 29.7197 29.6932 29.6744 29.7607 29.7339 29.7714 29.9604 29.9792 29.8664 29.8851 30.0697 30.0239 29.9734 29.9531 29.9154 29.9059 29.9338 29.9180 29.9457 29.8147 29.7503 29.6655 29.7421 29.6291 29.6355 29.6339 29.4848 29.4472 29.3784 29.3596 29.3501 29.2748 29.2279 29.2574 29.2575 29.2777 29.2694 29.3646 29.3644 29.3925 29.4038 29.4391 29.4533 29.4454 29.5735 29.5828 29.5358 29.5184 29.4727 29.4714 29.4617 29.3775 29.4181 29.4007 29.4100 29.6355 29.5696 29.4158 29.3501 29.3667 29.3947 29.4595 29.4593 29.5221 29.6813 29.9025
29.6167 29.7290 29.6741 29.6553 29.8352 29.8085 29.8459 29.8474 29.8662 29.8083 29.8270 29.9378 29.9390 29.9074 29.8589 29.8681 29.8946 29.8868 29.8334 29.8333 29.7693 29.6954 29.6203 29.7062 29.6011 29.5887 29.5698 29.4461 29.4555 29.3773 29.3692 29.3487 29.3217 29.2748 29.2949 29.2869 29.3165 29.2882 29.3834 29.3754 29.3942 29.4004 29.4814 29.4907 29.4624 29.5637 29.5824 29.5338 29.5525 29.5229 29.5229 29.5076 29.3767 29.3386 29.3654 29.3653 29.5506 29.5209 29.4801 29.4144 29.3109 29.3656 29.4499 29.4498 29.5608 29.7308 29.9376
29.6637 29.7197 29.6756 29.7051 29.8570 29.9039 29.9414 29.9318 29.9506 29.9302 29.9115 29.9049 29.9155 29.9997 29.9605 29.8945 29.8663 29.8586 29.7115 29.6955 29.6128 29.5470 29.4516 29.4342 29.3384 29.2979 29.2884 29.3023 29.3116 29.2819 29.2738 29.1986 29.1433 29.1542 29.2024 29.1569 29.1520 29.0847 29.1034 29.1033 29.1970 29.2582 29.3844 29.4219 29.4124 29.4403 29.4308 29.4400 29.4587 29.5699 29.5699 29.5294 29.4280 29.3885 29.3388 29.3386 29.5413 29.4646 29.4706 29.4301 29.3266 29.3077 29.3826 29.4200 29.5793 29.7602 30.1024
29.6918 29.7010 29.6568 29.6863 29.8677 29.9145 29.9035 29.8660 29.9129 29.8925 29.8738 29.8389 29.8201 29.9718 29.9325 29.8397 29.8115 29.8019 29.6454 29.6294 29.5373 29.4794 29.3933 29.3572 29.2818 29.2897 29.2708 29.2847 29.3300 29.3003 29.3035 29.2284 29.2189 29.2297 29.2498 29.1949 29.2276 29.1209 29.1396 29.1395 29.2614 29.3241 29.3754 29.4128 29.4033 29.4043 29.3948 29.4322 29.4509 29.6024 29.5930 29.5032 29.4393 29.4204 29.3814 29.3437 29.3811 29.3512 29.4231 29.4107 29.3824 29.2979 29.3412 29.3787 29.7340 29.9430 30.5796
29.7323 29.7509 29.7333 29.7521 29.8209 29.8692 29.8378 29.7691 29.8161 29.8332 29.8332 29.7920 29.7638 29.8497 29.8122 29.7771 29.6551 29.6173 29.5358 29.4980 29.3778 29.3494 29.2806 29.2885 29.2226 29.2587 29.2304 29.1815 29.2269 29.2440 29.2566 29.1939 29.2219 29.1562 29.1575 29.1495 29.1901 29.1115 29.1396 29.1365 29.2584 29.2756 29.3284 29.3471 29.3658 29.3386 29.3385 29.3305 29.3131 29.4284 29.4190 29.4376 29.3455 29.3641 29.3047 29.3032 29.3594 29.2920 29.3170 29.2324 29.2791 29.2415 29.2771 29.3440 29.6904 29.7853 30.3968
29.7419 29.7606 29.7977 29.8164 29.8086 29.8570 29.7721 29.6282 29.6469 29.7501 29.7501 29.6916 29.6635 29.6522 29.6147 29.5797 29.4858 29.4668 29.4119 29.4478 29.3479 29.3116 29.2428 29.2227 29.1756 29.1835 29.2038 29.1737 29.2097 29.2456 29.2563 29.2310 29.2872 29.2403 29.2587 29.2696 29.2068 29.1112 29.1299 29.1080 29.1642 29.1815 29.3748 29.3955 29.4141 29.4421 29.4419 29.4058 29.3884 29.4381 29.4286 29.4457 29.3911 29.4097 29.3612 29.3597 29.3410 29.3111 29.3467 29.2341 29.2807 29.2826 29.3311 29.4813 29.4816 29.5300 29.8149
