regresion/MARZO_2003/SeaWiFS/Composicion (Lt_555).txt
ncols         167
nrows         127
xllcorner     -112.012
yllcorner     26.718
cellsize      0.00898
[rows 58 to 86 of 127, columns 67 to 133 of 167]
29.8247 29.8324 29.7301 29.7487 29.5249 29.5531 29.5357 29.4794 29.4982 29.5184 29.4340 29.4495 29.4197 29.4569 29.4100 29.4285 29.4002 29.3420 29.3246 29.3713 29.3371 29.3276 29.2899 29.2805 29.2429 29.2413 29.2334 29.1831 29.2568 29.2674 29.3049 29.2672 29.3420 29.2950 29.2852 29.2960 29.2146 29.1565 29.1940 29.1671 29.2314 29.2204 29.4061 29.4139 29.4138 29.4526 29.4806 29.4240 29.4333 29.5380 29.5474 29.4812 29.4296 29.4093 29.3153 29.3132 29.2306 29.2337 29.2666 29.1931 29.2521 29.2271 29.3138 29.4720 29.4707 29.5378 29.8385
29.9168 29.9073 29.7862 29.8048 29.5810 29.6093 29.5748 29.5279 29.5467 29.4995 29.4151 29.4494 29.4368 29.4552 29.4083 29.4081 29.4081 29.3703 29.3827 29.3825 29.3559 29.3480 29.3102 29.3101 29.3195 29.2805 29.2615 29.1831 29.2379 29.2283 29.2752 29.2938 29.3496 29.3214 29.3509 29.3336 29.2051 29.1768 29.1487 29.1406 29.2423 29.2313 29.3123 29.3202 29.3201 29.4901 29.5259 29.4881 29.4974 29.4804 29.4898 29.4910 29.3733 29.3530 29.2793 29.2773 29.2134 29.2274 29.1832 29.1816 29.2406 29.1805 29.2374 29.3359 29.5318 29.7748 29.7765
29.6710 29.6989 29.5322 29.5589 29.4870 29.4416 29.4258 29.3131 29.3319 29.3678 29.3491 29.3930 29.3523 29.3787 29.3599 29.3317 29.3785 29.3890 29.4014 29.3810 29.3731 29.3682 29.3680 29.3211 29.3398 29.2713 29.2806 29.2129 29.2474 29.2176 29.2457 29.2548 29.2559 29.2278 29.2008 29.1916 29.1208 29.1220 29.0751 29.0749 29.1860 29.2031 29.3123 29.3684 29.3778 29.5166 29.5337 29.5068 29.5161 29.4897 29.4897 29.5646 29.4643 29.4657 29.4015 29.3878 29.3126 29.3434 29.2617 29.2239 29.2031 29.1416 29.2187 29.3173 29.4207 29.7170 29.6529
29.6803 29.7098 29.5543 29.5810 29.5073 29.4619 29.4259 29.3225 29.3413 29.3380 29.3193 29.3820 29.3429 29.3600 29.3224 29.3316 29.3690 29.3999 29.4124 29.3920 29.3654 29.3401 29.3680 29.3210 29.3398 29.2713 29.2790 29.2301 29.2646 29.2175 29.2456 29.2267 29.2200 29.2311 29.1852 29.1760 29.1692 29.1407 29.1219 29.0936 29.1109 29.1641 29.2919 29.3481 29.3480 29.3463 29.3556 29.5255 29.5349 29.5288 29.5287 29.6131 29.5308 29.5323 29.4052 29.3915 29.3520 29.3814 29.2082 29.1611 29.1403 29.1196 29.1889 29.2966 29.3153 29.7712 30.0660
29.6158 29.6440 29.5731 29.6106 29.5822 29.5462 29.5009 29.4350 29.4069 29.3849 29.3661 29.4286 29.3895 29.4066 29.3690 29.3688 29.3874 29.3903 29.4216 29.4120 29.3947 29.3396 29.3770 29.3113 29.3018 29.2910 29.2975 29.2284 29.2363 29.1798 29.1986 29.1985 29.1448 29.1825 29.1759 29.1571 29.1208 29.0846 29.0658 29.0468 29.0361 29.0984 29.2654 29.2826 29.2825 29.2997 29.3091 29.4695 29.4789 29.4727 29.4727 29.5490 29.4292 29.4385 29.2833 29.2602 29.2301 29.2984 29.1143 29.1407 29.1121 29.1383 29.1982 29.3152 29.3434 29.8073 30.0943
29.4393 29.4752 29.4701 29.4622 29.4416 29.4134 29.3211 29.3396 29.3115 29.3287 29.3568 29.3348 29.3349 29.3895 29.3988 29.3986 29.3703 29.3889 29.3934 29.4215 29.4150 29.3380 29.3378 29.2909 29.2626 29.2531 29.2988 29.2566 29.2645 29.2283 29.2470 29.2186 29.2090 29.1718 29.1573 29.1586 29.1583 29.1112 29.1112 29.0734 29.0640 29.0622 29.1997 29.2263 29.2653 29.2544 29.2355 29.3478 29.3478 29.5217 29.5042 29.5336 29.4015 29.4389 29.3624 29.3998 29.2595 29.2993 29.1300 29.1753 29.1364 29.0906 29.1294 29.2631 29.2725 29.7579 29.8176
29.4753 29.4643 29.4780 29.4701 29.4043 29.3761 29.3104 29.3587 29.3213 29.3400 29.3681 29.3367 29.3352 29.3616 29.3897 29.4095 29.3797 29.3967 29.4294 29.4198 29.4492 29.4210 29.4004 29.3457 29.2907 29.3000 29.3093 29.2576 29.2670 29.2668 29.2386 29.2103 29.2366 29.1995 29.1835 29.1848 29.1939 29.1659 29.1659 29.1470 29.1376 29.1013 29.1918 29.2184 29.2559 29.2073 29.2072 29.3493 29.3492 29.4828 29.4654 29.4853 29.3079 29.3546 29.3330 29.3704 29.2128 29.2527 29.0662 29.0363 29.0257 29.0535 29.1030 29.2366 29.2539 29.7393 29.7877
29.4552 29.4175 29.4018 29.3938 29.3574 29.4230 29.3572 29.3695 29.3320 29.3413 29.3413 29.2911 29.3163 29.3615 29.3803 29.4081 29.4064 29.4155 29.4481 29.3916 29.4585 29.4584 29.4191 29.3752 29.3202 29.3000 29.3092 29.2857 29.2950 29.3043 29.2292 29.1901 29.2072 29.1713 29.1647 29.2129 29.2126 29.2034 29.2128 29.1576 29.1482 29.1186 29.2185 29.2371 29.2652 29.1979 29.1978 29.3479 29.3385 29.4546 29.4559 29.4570 29.2609 29.2702 29.2298 29.3238 29.1741 29.1542 29.0067 29.0238 29.0329 29.0702 29.1080 29.2215 29.2387 29.6971 29.7456
29.4552 29.3988 29.3563 29.3484 29.3480 29.4136 29.3869 29.3599 29.3225 29.2660 29.2660 29.2439 29.2598 29.3051 29.3614 29.3879 29.4067 29.4722 29.5236 29.4483 29.4683 29.4212 29.4210 29.3770 29.3752 29.3549 29.3454 29.2750 29.3138 29.3042 29.2087 29.1885 29.1601 29.1430 29.1928 29.2410 29.2315 29.1953 29.2140 29.1306 29.1868 29.1933 29.2276 29.2291 29.2274 29.1695 29.1600 29.3272 29.3178 29.3866 29.3879 29.4066 29.2753 29.2657 29.1619 29.2559 29.2148 29.2043 29.0209 29.0567 29.0581 29.0850 29.1404 29.1893 29.1799 29.4782 29.4985
29.5225 29.5207 29.4782 29.4702 29.4230 29.4056 29.3867 29.3771 29.3693 29.3128 29.3301 29.3080 29.2879 29.3146 29.3803 29.3989 29.4066 29.4534 29.4204 29.3734 29.4215 29.3851 29.3849 29.3957 29.3938 29.4191 29.4095 29.3500 29.3795 29.3591 29.2824 29.3011 29.2727 29.2555 29.2959 29.3535 29.3346 29.2811 29.2904 29.2432 29.2806 29.2964 29.3027 29.2854 29.2930 29.2338 29.2243 29.3366 29.3366 29.3960 29.3973 29.3691 29.2752 29.2858 29.2008 29.2277 29.1584 29.1667 29.0583 29.0285 29.0299 29.0649 29.1390 29.1626 29.1625 29.4032 29.4407
29.3726 29.3895 29.3924 29.3844 29.3668 29.3494 29.3493 29.2926 29.2849 29.2734 29.2906 29.1952 29.1750 29.1829 29.2221 29.2782 29.3236 29.3970 29.3547 29.3451 29.3933 29.3851 29.3270 29.3378 29.3655 29.3908 29.3812 29.3529 29.3717 29.3044 29.2826 29.3121 29.3106 29.3029 29.3150 29.3150 29.3055 29.2532 29.2531 29.2325 29.2777 29.2852 29.3133 29.2944 29.3224 29.2055 29.1866 29.2067 29.2067 29.2458 29.2364 29.2188 29.2872 29.2978 29.1822 29.1915 29.1493 29.1961 29.1358 29.1249 29.1153 29.0509 29.0971 29.1788 29.1603 29.3179 29.3554
29.4382 29.4659 29.4766 29.4498 29.4509 29.4603 29.4038 29.3770 29.4068 29.3671 29.3563 29.2798 29.3064 29.3157 29.3250 29.4092 29.3716 29.3981 29.4293 29.4948 29.4961 29.5240 29.4581 29.4691 29.5063 29.5127 29.4954 29.4563 29.4751 29.4185 29.3780 29.3496 29.3683 29.3512 29.3227 29.2771 29.3052 29.2890 29.2984 29.2700 29.2682 29.2664 29.2584 29.2570 29.2851 29.1883 29.1788 29.1613 29.1613 29.2269 29.2175 29.2373 29.3042 29.2947 29.1524 29.1617 29.1210 29.1679 29.0982 29.1173 29.1171 29.0525 29.0705 29.1522 29.1509 29.2710 29.3179
29.3536 29.3814 29.3826 29.3558 29.3086 29.3179 29.2255 29.2172 29.2469 29.2918 29.2809 29.2232 29.2324 29.2780 29.2873 29.3420 29.2856 29.3042 29.4197 29.4947 29.4665 29.4866 29.4314 29.4517 29.4031 29.4203 29.4029 29.4093 29.4375 29.4091 29.3577 29.3293 29.3307 29.3230 29.3227 29.2864 29.3333 29.2812 29.2811 29.2715 29.2698 29.2572 29.2680 29.2666 29.2666 29.1682 29.1493 29.0570 29.0757 29.1990 29.1896 29.2376 29.3139 29.2669 29.1665 29.2038 29.1739 29.2302 29.1795 29.1985 29.1689 29.0605 29.0773 29.0962 29.0867 29.2654 29.3217
29.3894 29.4375 29.4215 29.4027 29.3461 29.3461 29.2458 29.1796 29.2094 29.2999 29.3280 29.2983 29.2699 29.3342 29.3326 29.3404 29.2933 29.3133 29.4101 29.4382 29.4099 29.4864 29.5175 29.5082 29.4406 29.4391 29.4391 29.4844 29.5126 29.4936 29.4422 29.3747 29.3573 29.2664 29.2864 29.2864 29.3145 29.2827 29.2625 29.2622 29.2605 29.2575 29.2762 29.2667 29.2572 29.1682 29.1479 29.0648 29.0835 29.1894 29.1800 29.2188 29.2857 29.2575 29.1759 29.1945 29.1660 29.1928 29.1421 29.1892 29.1688 29.0981 29.0852 29.1322 29.1133 29.3027 29.3496
29.0348 29.0550 28.9262 28.9074 28.8696 28.8695 28.8053 28.7203 28.8625 28.8952 28.9234 28.9218 28.8934 28.9215 28.9198 28.9839 29.1807 29.1913 29.2412 29.2424 29.1486 29.2424 29.2547 29.3766 29.3653 29.2781 29.2675 29.2578 29.2578 29.2482 29.2375 29.1904 29.1730 29.2289 29.2598 29.2316 29.2503 29.2062 29.1859 29.1575 29.2605 29.2387 29.2573 29.2557 29.2462 29.1603 29.1587 29.0007 29.0101 29.0956 29.0862 29.1360 29.1842 29.1371 29.2229 29.2229 29.2118 29.1823 29.2636 29.3293 29.3371 29.3002 29.2701 29.1595 29.1031 29.1624 29.1623
29.0457 29.0849 28.9656 28.9467 28.9088 28.8712 28.8148 28.7472 28.8893 28.9029 28.9310 28.9671 29.0045 28.9762 28.9573 28.9960 29.1928 29.2303 29.2802 29.2722 29.1784 29.2252 29.2063 29.3268 29.3343 29.2404 29.2657 29.2374 29.2374 29.2654 29.2654 29.1556 29.1087 29.2477 29.2520 29.2051 29.2519 29.2143 29.1940 29.1831 29.2780 29.2388 29.2652 29.2636 29.2541 29.1883 29.1693 29.0020 29.0114 29.0972 29.1066 29.1469 29.1562 29.0904 29.1935 29.2403 29.2104 29.1995 29.2807 29.2713 29.2899 29.2343 29.2421 29.1797 29.0764 29.1437 29.1264
28.9174 28.9645 28.9189 28.9001 28.9170 28.8982 28.8699 28.8286 28.8192 28.8548 28.8642 28.8829 28.8654 28.8653 28.8464 28.8772 28.8692 28.9240 28.9818 29.0004 28.9628 28.9612 28.9501 28.9941 29.0110 29.0136 29.0323 28.9933 29.0026 29.0417 29.0322 28.9412 28.8865 28.8849 28.8486 28.8392 28.8766 28.9030 28.8828 28.9269 29.0874 29.0858 29.1981 29.2074 29.1884 29.2164 29.1803 29.0990 29.0990 29.1362 29.1456 29.1468 29.1374 29.1561 29.1731 29.2011 29.2260 29.1977 29.2244 29.2338 29.2805 29.2624 29.2530 29.2094 29.1169 29.1829 29.1172
28.9267 28.9644 28.9093 28.8718 28.8966 28.8764 28.9044 28.8852 28.8758 28.8551 28.8645 28.8659 28.8485 28.8122 28.7932 28.8415 28.8336 28.8602 28.8320 28.8694 28.8693 28.8832 28.8830 28.8626 28.9264 28.9385 28.9572 28.9838 29.0040 28.9694 28.9694 28.9239 28.8676 28.8848 28.8861 28.8673 28.9141 28.9376 28.9361 28.9923 29.1340 29.1323 29.2072 29.1976 29.1787 29.1253 29.0891 29.0706 29.0706 29.0063 29.0157 28.9982 29.0511 29.0671 29.0697 29.1084 29.2180 29.1710 29.1993 29.2088 29.3134 29.3765 29.3766 29.2543 29.1508 29.3500 29.2842
28.9952 28.9559 29.0028 28.9840 28.9434 28.9420 29.0546 29.0154 29.0248 28.9600 28.9694 28.9238 28.9707 28.9344 28.9169 28.9465 28.8696 28.8775 28.8586 28.8866 28.9334 28.9206 28.9205 28.8813 28.9467 28.9401 28.9587 28.9759 29.0056 28.9427 28.9238 28.8784 28.8848 28.8551 28.8752 28.8657 28.8937 28.8907 28.8985 28.9828 28.9651 28.9465 28.9275 28.9180 28.8896 28.8377 28.8094 28.8362 28.8362 28.8079 28.8079 28.7903 28.8433 28.8594 28.8995 28.9181 28.9995 29.0694 29.1353 29.1165 29.1852 29.2310 29.2213 29.0788 29.1430 29.3126 29.2639
28.9857 28.9746 29.0107 28.9999 28.9608 28.9513 29.0358 29.0434 29.0528 28.9521 28.9614 28.9157 28.9626 28.9624 28.9450 28.9465 28.8602 28.8666 28.8290 28.8367 28.8742 28.8552 28.8831 28.8722 28.9658 28.9122 28.9324 28.9603 28.9979 28.9617 28.9522 28.8225 28.8007 28.7615 28.7986 28.8159 28.8439 28.8813 28.9172 28.9735 28.9745 28.9761 28.9477 28.9396 28.9019 28.8376 28.8093 28.7609 28.7515 28.7301 28.7301 28.7565 28.7425 28.7329 28.8846 28.8564 28.9469 29.0262 29.1495 29.1321 29.1616 29.2258 29.1974 29.1869 29.2323 29.4812 29.4500
29.0028 29.0027 28.9636 28.9434 29.0188 28.9999 29.0093 29.0356 29.0450 29.0258 29.0258 29.0271 29.0078 29.0077 29.0186 29.0012 28.9636 28.9807 28.9337 28.9321 28.9400 28.8850 28.8566 28.8363 28.9190 28.8359 28.8185 28.8742 28.9118 28.8756 28.8849 28.7833 28.7456 28.7065 28.7717 28.7878 28.8347 28.8626 28.9000 28.9751 28.9654 28.9653 28.9382 28.9301 28.9190 28.8360 28.8077 28.7701 28.7607 28.7128 28.7395 28.7847 28.7331 28.7236 28.8862 28.8579 28.9203 28.9981 29.1027 29.0664 29.1241 29.1960 29.2240 29.2135 29.1836 29.4419 29.4782
29.0499 29.0297 29.0295 29.0107 28.9245 28.9150 28.9070 28.9601 28.9602 28.9595 28.9595 28.9782 29.0641 29.0640 29.0654 29.0921 29.0468 29.0653 29.0183 29.0088 28.9792 28.9509 28.8676 28.8581 28.8639 28.7715 28.7808 28.8274 28.8368 28.8663 28.8647 28.7898 28.7725 28.7240 28.7441 28.7427 28.8068 28.8253 28.8627 28.8923 28.9280 28.9826 28.9196 28.9289 28.9193 28.9019 28.9113 28.7798 28.7704 28.6093 28.6360 28.6842 28.6545 28.6356 28.7853 28.7771 28.9161 28.8812 28.9173 28.9360 29.0030 29.1259 29.1914 29.2363 29.3475 29.4049 29.3859
29.0405 29.0297 29.0295 29.0107 28.9245 28.9041 28.8961 28.9508 28.9508 28.9502 28.9502 28.9689 29.0547 29.0546 29.0466 29.0734 29.0374 29.0560 29.0183 29.0088 28.9792 28.9494 28.8661 28.8581 28.8639 28.7715 28.7808 28.8274 28.8368 28.8569 28.8554 28.7805 28.7819 28.7334 28.7441 28.7428 28.7880 28.8065 28.8440 28.8735 28.9093 28.9732 28.9102 28.9289 28.9193 28.9019 28.9113 28.7610 28.7516 28.6093 28.6361 28.6842 28.6826 28.6637 28.8134 28.8052 28.9536 28.9187 28.9360 28.9547 28.9936 29.1165 29.1821 29.2457 29.3569 29.4049 29.3859
29.1047 29.0766 29.0573 29.0290 28.9805 28.9710 28.9410 28.9501 28.9408 28.9687 28.9687 28.9313 29.0266 29.0062 29.0547 29.0657 29.0844 29.0561 29.0386 28.9913 28.9509 28.9130 28.8925 28.8736 28.8548 28.8265 28.8264 28.8089 28.8182 28.8181 28.8462 28.7257 28.6879 28.7066 28.7829 28.7614 28.7504 28.7421 28.8341 28.8151 28.8245 28.8323 28.8726 28.9179 28.9100 28.8913 28.8817 28.7989 28.8176 28.6752 28.7033 28.7326 28.7188 28.7122 28.7760 28.7666 28.9069 28.8707 28.9723 28.9739 28.9842 29.0474 29.1036 29.1413 29.0927 29.1926 29.1736
29.1047 29.0766 29.0573 29.0290 28.9805 28.9710 28.9410 28.9501 28.9408 28.9687 28.9687 28.9313 29.0266 29.0062 29.0547 29.0657 29.0844 29.0561 29.0386 28.9913 28.9509 28.9130 28.8925 28.8736 28.8548 28.8265 28.8264 28.8089 28.8182 28.8181 28.8462 28.7257 28.6879 28.7066 28.7829 28.7614 28.7504 28.7421 28.8341 28.8151 28.8245 28.8323 28.8726 28.9179 28.9100 28.8913 28.8817 28.7989 28.8176 28.6752 28.7033 28.7326 28.7188 28.7122 28.7760 28.7666 28.9069 28.8707 28.9723 28.9739 28.9842 29.0474 29.1036 29.1413 29.0927 29.1926 29.1736
29.1139 29.0670 29.1056 29.0882 29.0195 29.0179 28.9801 28.9596 28.9503 28.9499 28.9499 28.9016 28.8562 28.8466 28.9484 28.9512 29.0169 29.0183 29.0009 29.0116 28.9538 28.9426 28.8941 28.8659 28.8737 28.8454 28.8453 28.8625 28.8640 28.7887 28.7993 28.7334 28.7348 28.7535 28.7546 28.7263 28.7247 28.7326 28.8246 28.8261 28.8542 28.8510 28.8994 28.8807 28.8806 28.8536 28.8535 28.7315 28.7502 28.6377 28.6564 28.6871 28.6935 28.6934 28.8136 28.7853 28.9163 28.8895 28.9738 28.9818 28.9455 28.9725 29.0365 29.0741 29.0914 29.1819 29.1551
29.1421 29.1044 29.1448 29.1274 29.0695 29.0679 29.0364 29.0347 29.0066 29.0157 29.0157 28.9642 28.8999 28.8450 28.8543 28.8477 28.8759 28.8867 28.8879 28.9943 28.9459 28.9536 28.9411 28.9129 28.9206 28.8924 28.8906 28.8609 28.8530 28.7683 28.7695 28.7523 28.7818 28.7724 28.7283 28.7187 28.7357 28.7342 28.7325 28.7324 28.7698 28.7949 28.8322 28.8135 28.8133 28.8801 28.8894 28.8254 28.8441 28.6940 28.7127 28.7075 28.6764 28.7043 28.8057 28.7868 28.8882 28.8694 28.8881 28.8771 28.8408 28.9398 28.9397 28.9593 28.9780 29.0329 29.0140
29.1605 29.1243 29.1552 29.1458 29.0879 29.0769 29.0440 29.0344 29.0063 29.0046 29.0233 28.9732 28.9090 28.8558 28.8745 28.8492 28.8680 28.8974 28.8799 28.9660 28.9176 28.9708 28.9583 28.9207 28.9206 28.9191 28.8985 28.7576 28.7497 28.7401 28.7334 28.7256 28.7818 28.7643 28.7107 28.7186 28.7356 28.7514 28.7497 28.7402 28.7776 28.7654 28.8026 28.7759 28.7757 28.8817 28.8909 28.8175 28.8362 28.6751 28.6938 28.6778 28.6481 28.6668 28.7760 28.7665 28.8881 28.8679 28.9054 28.8958 28.8596 28.9587 28.9131 28.9139 28.9232 28.9967 28.9763
29.1996 29.1540 29.1443 29.1349 29.0611 29.0501 29.0343 29.0234 29.0141 28.9467 28.9655 28.9826 28.9653 28.9309 28.9042 28.8414 28.8413 28.8613 28.8345 28.8625 28.8703 28.9705 29.0223 28.9660 29.0033 28.9549 28.9360 28.8233 28.8060 28.7793 28.7914 28.7554 28.7929 28.7754 28.7484 28.7469 28.6983 28.7030 28.7669 28.7667 28.7667 28.7088 28.7462 28.7195 28.7180 28.7973 28.8270 28.8378 28.8472 28.7625 28.7719 28.7541 28.6964 28.6869 28.7477 28.7650 28.8398 28.7914 28.9009 28.9118 28.8648 28.9587 28.9254 28.9211 28.9210 28.9764 28.9467
