regresion/MARZO_2003/SeaWiFS/Composicion (Lt_555).txt
ncols         167
nrows         127
xllcorner     -112.012
yllcorner     26.718
cellsize      0.00898
[rows 0 to 28 of 127, columns 67 to 133 of 167]
29.6883 29.6680 29.6490 29.6489 29.7155 29.6859 29.7342 29.7419 29.7700 29.8060 29.7982 29.8433 29.8525 30.0038 29.9740 30.2458 30.1800 30.1907 30.5656 30.5859 30.5949 30.5651 30.6600 30.5943 30.6222 30.7051 30.7050 30.6579 30.6734 30.7610 30.8078 30.7968 30.8732 31.0138 31.0983 31.0717 31.3342 31.3514 31.3607 31.2482 31.0874 31.0889 31.0216 31.0573 31.0479 31.0798 31.1438 31.1422 31.2561 31.2477 31.2570 31.1910 31.3405 31.7729 31.8593 32.1281 33.9290 37.8481 43.4716 44.5949 37.7667 32.4889 31.2305 30.2078 30.8203 31.0412 31.0205
29.7351 29.7258 29.6880 29.6880 29.7904 29.7889 29.8372 29.8356 29.8356 29.8606 29.8059 29.8323 29.8322 29.9460 29.9459 30.2177 30.2174 30.2485 30.6141 30.6438 30.6809 30.5949 30.7071 30.6413 30.6597 30.7052 30.6754 30.6376 30.6625 30.7688 30.7970 30.7686 30.8170 30.9388 31.0343 31.0170 31.2982 31.3154 31.3263 31.2310 31.0702 31.0795 31.0575 31.0933 31.0651 31.1063 31.1813 31.1341 31.2481 31.2023 31.2117 31.1378 31.3328 31.7653 31.8797 32.1485 32.0354 34.4885 38.4728 38.8198 34.7276 32.1676 31.0843 31.2524 31.3521 31.1183 30.9813
29.7447 29.7260 29.6802 29.6599 29.7330 29.7517 29.7813 29.7795 29.7795 29.8780 29.8233 29.8526 29.9181 30.0213 30.0212 30.4149 30.4333 30.4281 30.6156 30.6327 30.7917 30.7260 30.7727 30.7538 30.6582 30.5724 30.5143 30.4030 30.4295 30.4687 30.4781 30.6748 30.8169 30.8824 30.9514 30.9421 31.1465 31.1933 31.2323 31.2415 31.1557 31.0774 31.1678 31.1974 31.1223 30.9180 30.9180 30.8412 30.9457 30.9303 30.9598 30.9504 31.0705 31.0798 31.2877 31.4268 31.5832 31.8788 32.7256 32.8112 32.0313 31.5382 31.4294 31.3413 31.2373 31.1062 31.0362
29.7650 29.7447 29.6988 29.6879 29.7689 29.7595 29.7796 29.7513 29.7514 29.8702 29.8420 29.8714 29.9197 30.0229 30.0228 30.4165 30.4819 30.4844 30.6438 30.6610 30.8199 30.7432 30.8088 30.7915 30.6770 30.6084 30.5330 30.4967 30.5232 30.5077 30.5170 30.7514 30.8371 30.9026 31.0170 31.0078 31.1558 31.2292 31.2400 31.2305 31.1447 31.0852 31.1866 31.2161 31.1881 30.9931 30.9477 30.8614 30.9659 30.9319 30.9614 30.9880 31.0986 31.1080 31.3238 31.4628 31.5629 31.7943 31.9099 32.0143 31.8999 31.4590 31.3486 31.2625 31.0350 30.8972 30.9427
29.8087 29.7211 29.6861 29.6860 29.7218 29.7123 29.7027 29.6853 29.6479 29.8915 29.8634 29.8087 29.8555 30.0996 30.1089 30.3618 30.3694 30.3598 30.5285 30.5565 30.7155 30.6780 30.5169 30.4528 30.3601 30.2647 30.1988 30.2940 30.3018 30.3674 30.3405 30.4999 30.5090 30.6013 30.6950 30.7153 30.8821 31.0211 30.9945 31.0303 31.1508 31.1256 31.2573 31.2196 31.1164 30.9004 30.8347 30.7410 30.8080 30.7596 30.7891 30.9390 30.9654 30.9464 30.9370 30.9636 31.0171 31.1781 31.2116 31.1535 31.2155 31.1498 31.1434 31.1136 30.9984 30.7653 30.6924
29.7712 29.7210 29.7329 29.7235 29.7217 29.7123 29.7027 29.6385 29.6010 29.8648 29.8460 29.7913 29.7992 30.0433 30.0885 30.3509 30.3131 30.3209 30.4427 30.4708 30.6593 30.6499 30.5169 30.4434 30.3508 30.2473 30.1814 30.2752 30.2831 30.3283 30.2827 30.4421 30.5264 30.6186 30.7124 30.7340 30.9103 31.0492 30.9757 31.0116 31.1428 31.1458 31.2573 31.2102 31.1070 30.8708 30.8051 30.7129 30.7799 30.7408 30.7515 30.9015 30.9372 30.9183 30.9089 30.9448 30.9702 31.1032 31.1366 31.0785 31.1483 31.0826 31.1231 31.0574 30.9422 30.7934 30.7205
29.7225 29.6645 29.7501 29.7595 29.7216 29.7043 29.6682 29.6510 29.6135 29.8273 29.8086 29.7554 29.7429 29.9648 30.0195 30.2912 30.2082 30.2174 30.3393 30.3845 30.5730 30.5572 30.4353 30.3429 30.2675 30.2284 30.1455 30.2205 30.2472 30.3095 30.2814 30.4488 30.5535 30.6940 30.7878 30.7610 30.9089 30.9947 30.9213 30.9587 31.0149 30.9866 31.1374 31.0916 30.9774 30.7959 30.7020 30.5878 30.6548 30.6079 30.6186 30.7104 30.7774 30.8149 30.8540 30.8820 30.9197 30.9463 31.0324 30.9557 31.0245 31.0134 31.0699 31.0122 30.9547 30.8449 30.7512
29.7679 29.7302 29.8706 29.8893 29.7497 29.7042 29.7619 29.7915 29.7541 29.6961 29.6679 29.7554 29.8179 30.0586 30.0757 30.1880 30.0956 30.1049 29.9548 30.0001 30.1700 30.1729 30.2197 30.1929 30.2300 30.2096 30.1267 30.1455 30.1722 30.2439 30.1407 30.4113 30.4972 30.5534 30.6097 30.5642 30.6277 30.6761 30.6869 30.8008 30.8289 30.8273 30.8748 30.8009 30.7992 30.7959 30.6551 30.5035 30.3923 30.4110 30.4217 30.4948 30.6290 30.7790 30.8352 30.8633 30.9665 30.9758 30.8837 30.8070 30.8839 30.9478 30.9199 30.8809 30.8234 30.7686 30.6748
29.7867 29.7678 29.9003 29.9017 29.8264 29.8170 29.8558 29.8197 29.7822 29.7054 29.6773 29.7712 29.8447 30.0773 30.0944 30.1958 30.0957 30.1237 29.9736 30.0125 30.1824 30.1447 30.1350 30.1458 30.2864 30.2567 30.1531 30.1530 30.1702 30.2422 30.2048 30.4392 30.4874 30.6281 30.6938 30.6389 30.6837 30.6960 30.7068 30.8025 30.8306 30.7804 30.7997 30.7433 30.7338 30.7384 30.6070 30.4099 30.2987 30.3641 30.3748 30.4887 30.5837 30.7243 30.7994 30.8541 30.9477 30.9571 30.8838 30.7774 30.8305 30.9055 30.8207 30.7644 30.7627 30.7079 30.6347
29.8337 29.8430 30.0208 30.0222 29.9279 29.9185 29.7229 29.6601 29.5852 29.5741 29.5459 29.6508 29.7337 29.8835 29.9100 29.8707 29.8426 29.8894 29.8613 29.8798 30.0575 30.0197 30.0944 30.1911 30.2583 30.1723 30.0781 30.0983 30.0983 30.1329 30.2159 30.4127 30.3562 30.6093 30.6281 30.5826 30.6165 30.6288 30.5365 30.6510 30.6884 30.6866 30.7059 30.6495 30.6322 30.4961 30.4960 30.3458 30.1972 30.3341 30.3449 30.3462 30.4509 30.5446 30.6102 30.8805 31.0038 31.0038 31.1087 31.0024 30.9712 30.9068 30.8879 30.7847 30.7324 30.6963 30.7171
29.8338 29.8165 29.9566 29.9846 29.9201 29.9216 29.7354 29.7351 29.6602 29.6665 29.6571 29.7351 29.6693 29.7988 29.8253 29.7957 29.7863 29.7782 29.6938 29.7203 29.9059 30.0027 30.1256 30.2302 30.2770 30.1426 30.0861 30.0234 29.9936 30.0577 30.1204 30.2891 30.1500 30.4045 30.4609 30.4890 30.5430 30.5944 30.4444 30.5286 30.5754 30.5722 30.6023 30.5928 30.5755 30.3535 30.3534 30.2219 30.0733 30.1571 30.1570 30.2040 30.3850 30.4994 30.6024 30.8165 30.9853 31.0121 31.1170 31.0121 30.9434 30.8791 30.8209 30.7176 30.6596 30.6796 30.6639
29.8884 29.8147 29.9189 29.9469 29.7606 29.7622 29.6042 29.5945 29.5585 29.6008 29.5914 29.6303 29.6022 29.6020 29.6457 29.7097 29.6910 29.6376 29.7014 29.7765 29.8327 29.8715 29.9304 30.0162 30.0907 30.0126 30.0203 29.9000 29.9375 30.0203 30.0641 30.2593 30.2234 30.3822 30.3935 30.4216 30.3105 30.3694 30.2850 30.3709 30.3990 30.4034 30.4519 30.4143 30.4423 30.3253 30.2876 30.1544 30.0903 30.1742 30.1742 30.1197 30.3304 30.3303 30.4052 30.5912 30.7240 30.7226 30.9196 30.8803 30.8492 30.8302 30.6931 30.6368 30.5937 30.4994 30.4789
29.8898 29.7959 29.9001 29.9094 29.7232 29.7715 29.6135 29.6024 29.5664 29.6007 29.5913 29.6302 29.5912 29.6004 29.6363 29.6829 29.5893 29.5438 29.6546 29.7202 29.7764 29.8620 29.9209 30.0241 30.0986 29.9470 29.9548 29.8422 29.8797 29.9359 29.9798 30.2139 30.2435 30.3729 30.3841 30.4122 30.2917 30.3600 30.3037 30.3789 30.4069 30.4315 30.4801 30.4409 30.4690 30.3440 30.3063 30.1839 30.1198 30.1836 30.1835 30.1572 30.2179 30.1896 30.2083 30.3929 30.5070 30.5257 30.9086 30.8976 30.8773 30.8583 30.7213 30.6194 30.5764 30.4915 30.4710
29.8445 29.7601 29.9300 29.9393 29.7047 29.7531 29.6575 29.5539 29.5179 29.5349 29.5256 29.5912 29.5427 29.5895 29.6459 29.6847 29.5910 29.5814 29.6922 29.6843 29.7311 29.8355 29.8347 29.9379 30.0219 29.8703 29.8310 29.7937 29.8312 29.8967 29.9610 30.2249 30.2452 30.3745 30.2916 30.3009 30.2558 30.3333 30.2771 30.3113 30.3488 30.3751 30.4128 30.4018 30.4110 30.3060 30.2873 30.1856 30.1215 30.1570 30.1477 30.1023 30.1429 30.1146 30.1050 30.2910 30.3736 30.3642 30.6830 30.7455 30.6985 30.6889 30.5995 30.4976 30.5176 30.4233 30.4137
29.6789 29.6304 29.6207 29.6394 29.4799 29.4611 29.5607 29.5242 29.4320 29.4678 29.4771 29.5724 29.4771 29.6284 29.6395 29.7144 29.6582 29.6487 29.5827 29.5073 29.4791 29.6089 29.6724 29.7394 29.7861 29.7751 29.8126 29.9721 30.0190 29.8716 29.8984 30.1234 30.1622 30.2447 30.1992 30.1992 30.1993 30.2929 30.2085 30.2066 30.2441 30.2329 30.3003 30.2611 30.2516 30.2231 30.2620 30.1966 30.1136 30.1038 30.0944 30.1037 30.0568 29.9896 30.0177 29.9706 30.0157 30.0344 30.1377 30.2128 30.3251 30.3060 30.2889 30.2888 30.2954 30.3245 30.2602
29.7162 29.6676 29.6016 29.6203 29.4779 29.4592 29.5043 29.5040 29.4118 29.4396 29.4489 29.5649 29.5446 29.6678 29.6788 29.7348 29.6786 29.7054 29.6394 29.5922 29.5453 29.6261 29.6898 29.7568 29.7940 29.7751 29.8126 29.9439 29.9830 29.8356 29.8528 30.0778 30.1434 30.2259 30.1334 30.1145 30.1130 30.2054 30.1210 30.0832 30.1876 30.1859 30.2720 30.2422 30.2327 30.2248 30.2637 30.2248 30.1419 30.1132 30.0663 30.0098 29.9816 29.9315 29.9596 29.9125 29.9218 29.9592 30.0907 30.1658 30.2985 30.2795 30.2994 30.2992 30.2506 30.2891 30.2356
29.6036 29.6473 29.6001 29.5626 29.5419 29.5231 29.4763 29.4385 29.3556 29.3756 29.3850 29.5492 29.5664 29.6600 29.6600 29.6598 29.6222 29.6380 29.6752 29.6642 29.6734 29.5961 29.6990 29.9052 29.8862 29.8032 29.8799 29.9375 29.9860 30.0326 30.0794 30.1637 30.2292 30.3664 30.3474 30.3272 30.2413 30.2224 30.1380 30.1567 30.1971 30.1484 30.1235 30.1139 30.2451 30.2185 30.2184 30.1871 30.1230 30.0648 30.0179 29.9317 29.8753 29.8736 29.8656 29.7435 29.7827 29.8969 29.8578 29.8874 30.0108 30.0278 30.1050 30.1236 30.0821 30.1768 30.1617
29.6306 29.6743 29.6082 29.5708 29.5516 29.5328 29.5047 29.4293 29.3465 29.3678 29.3772 29.5113 29.5284 29.6032 29.6032 29.6124 29.5749 29.6078 29.6450 29.6434 29.6527 29.5961 29.6990 29.9052 29.8975 29.8145 29.8818 29.9394 29.9957 30.0423 30.0891 30.1734 30.2483 30.3855 30.3457 30.3255 30.1566 30.1566 30.0722 30.1661 30.2065 30.1501 30.1252 30.1062 30.2373 30.2091 30.2090 30.1683 30.1042 30.0349 29.9880 29.9206 29.8643 29.8453 29.8656 29.7435 29.7733 29.8875 29.8595 29.8891 30.0202 30.0372 30.0530 30.0717 30.0910 30.1856 30.1483
29.6961 29.7400 29.6068 29.5895 29.5534 29.5252 29.5062 29.4684 29.3481 29.4366 29.4351 29.5193 29.5550 29.6673 29.6767 29.6859 29.6108 29.6062 29.5684 29.5777 29.7651 29.6820 29.6444 29.7756 29.9291 29.9491 29.9678 30.0144 30.0238 30.0500 30.0780 30.0964 30.1340 30.2418 30.2130 30.2693 30.1755 30.2427 30.1770 30.2144 30.2754 30.2002 30.2376 30.2656 30.2936 30.2653 30.1511 30.1104 30.1493 29.9020 29.8926 29.8548 29.7046 29.7044 29.7169 29.6324 29.7357 29.8135 29.7668 29.8240 29.7676 29.8199 29.9167 29.9729 30.0241 30.1254 30.0629
29.7524 29.7510 29.6460 29.6288 29.5910 29.5628 29.5360 29.4872 29.3669 29.4258 29.4243 29.5368 29.5835 29.7036 29.6941 29.6939 29.6205 29.5799 29.5421 29.5420 29.7294 29.6918 29.6742 29.8054 29.9460 29.9660 29.9471 29.9843 29.9842 30.0027 30.0667 30.0945 30.1148 30.2225 30.2334 30.2897 30.1770 30.2916 30.2260 30.1881 30.2491 30.1706 30.2081 30.2362 30.2735 30.2546 30.1232 30.0711 30.1101 29.8565 29.8470 29.7998 29.6873 29.7153 29.6621 29.5776 29.7092 29.8324 29.7558 29.8122 29.7652 29.8847 29.9461 30.0023 30.0072 30.1085 30.0787
29.8166 29.8072 29.7974 29.7895 29.6566 29.6190 29.5266 29.4885 29.3682 29.3400 29.3385 29.4791 29.4991 29.6379 29.6284 29.7018 29.6284 29.6094 29.5435 29.5528 29.7387 29.6823 29.6741 29.8161 29.9380 29.9459 29.9269 30.0686 30.0686 30.0120 30.0479 29.9712 29.9929 30.0738 30.0847 30.1397 30.0832 30.2353 30.2165 30.2083 30.2585 30.1692 30.1331 30.1611 30.1985 30.2640 30.1326 30.0523 30.0912 29.9140 29.9032 29.8560 29.7622 29.7621 29.7183 29.6352 29.7574 29.7761 29.6620 29.7277 29.6808 29.8191 29.8898 29.9633 29.9682 30.1085 30.0787
29.7523 29.7054 29.6877 29.6986 29.6468 29.6186 29.5904 29.5728 29.4697 29.4134 29.4680 29.4961 29.5084 29.6583 29.6488 29.7316 29.6673 29.6390 29.5810 29.5621 29.7105 29.7480 29.7197 29.8523 29.9381 29.9085 29.8880 30.0782 30.0781 30.0309 30.0403 29.9824 29.9477 30.0474 30.0567 30.1398 30.1020 30.1391 30.1766 30.2531 30.2845 30.2907 30.2356 30.2526 30.1229 30.0852 30.0383 29.9428 29.9254 29.7920 29.7812 29.7454 29.6313 29.6218 29.5576 29.6138 29.6890 29.6904 29.5871 29.6623 29.6697 29.8078 29.7952 29.8701 29.9114 30.1064 30.0196
29.7335 29.6866 29.6689 29.6798 29.6280 29.6106 29.5824 29.5822 29.4791 29.4321 29.4868 29.5055 29.5178 29.6756 29.6662 29.7316 29.6673 29.6483 29.5904 29.5433 29.6917 29.7494 29.7210 29.8335 29.9194 29.8897 29.8692 30.0688 30.0687 30.0483 30.0576 29.9918 29.9571 30.0380 30.0473 30.2054 30.1676 30.1593 30.1968 30.2531 30.2845 30.3000 30.2449 30.2620 30.1323 30.1120 30.0650 29.9240 29.9066 29.8014 29.7906 29.7641 29.6501 29.6513 29.5872 29.6137 29.6889 29.6622 29.5590 29.6247 29.6321 29.8158 29.8031 29.8514 29.8927 30.0876 30.0008
29.8365 29.8380 29.8283 29.8377 29.7125 29.6951 29.6668 29.5727 29.5353 29.5165 29.5337 29.4694 29.4894 29.6097 29.5909 29.6486 29.6390 29.6013 29.5808 29.5431 29.7665 29.8616 29.8051 29.8613 30.0129 29.9739 29.9361 29.9748 29.9466 29.9638 29.9730 29.9447 29.9851 30.0474 30.1317 30.3085 30.2523 30.0938 30.0938 29.9904 30.0390 30.1486 30.0468 30.1030 29.9060 29.9153 29.8590 29.7180 29.7569 29.6235 29.6047 29.5481 29.4059 29.3883 29.4351 29.5085 29.5180 29.5103 29.4540 29.5198 29.5355 29.6585 29.7349 29.7720 29.7753 30.0203 29.9853
29.8083 29.8193 29.7923 29.7936 29.6780 29.6780 29.6590 29.5916 29.5541 29.5353 29.5525 29.4757 29.4957 29.5987 29.5705 29.6751 29.6766 29.6013 29.5807 29.5366 29.7601 29.8350 29.7879 29.8347 29.9753 29.9550 29.9173 29.9624 29.9342 29.9340 29.9433 29.9337 29.9381 30.1036 30.1973 30.3005 30.2364 30.1517 30.1517 29.9810 30.0296 30.1110 30.0092 30.0734 29.8843 29.8574 29.7917 29.6992 29.7381 29.6235 29.6047 29.5683 29.4088 29.3898 29.4365 29.5194 29.5837 29.5009 29.4446 29.5168 29.5325 29.5982 29.7106 29.7571 29.7607 30.0338 29.9719
29.8632 29.8648 29.7643 29.7282 29.6120 29.6307 29.6588 29.6103 29.5729 29.5822 29.5807 29.4852 29.5133 29.5427 29.5614 29.6922 29.6937 29.6183 29.5150 29.4520 29.7144 29.7503 29.7112 29.8408 29.8327 29.9077 29.8793 29.9793 29.9621 29.9433 29.9352 29.9614 29.9266 30.0657 29.8967 30.0107 30.0684 30.1125 30.0922 29.9136 29.9060 29.8293 29.7744 29.9234 29.9030 29.8122 29.7933 29.6053 29.6067 29.5768 29.5112 29.5217 29.3904 29.3510 29.3306 29.2555 29.3135 29.2400 29.2480 29.3202 29.5277 29.5841 29.7416 29.8818 29.8704 29.8905 29.8305
29.7336 29.8209 29.7188 29.6719 29.6400 29.6306 29.6102 29.5711 29.4868 29.5511 29.5496 29.5228 29.5320 29.5709 29.5819 29.6938 29.7327 29.7151 29.5946 29.5098 29.6113 29.5907 29.5877 29.7829 29.7936 29.9126 29.8748 29.9684 29.9715 29.9338 29.9444 29.9816 29.9750 30.0045 29.8355 29.9559 30.0215 30.0843 30.0639 29.9214 29.9232 29.8639 29.8560 29.9406 29.8841 29.7934 29.7557 29.5692 29.5705 29.5422 29.4765 29.4574 29.3528 29.3322 29.3588 29.2743 29.3213 29.3309 29.3389 29.3108 29.5183 29.5746 29.7193 29.8689 29.8358 29.8385 29.8135
29.7148 29.7834 29.6328 29.6703 29.7060 29.6403 29.6386 29.5512 29.4669 29.5515 29.5421 29.5247 29.5433 29.5994 29.6104 29.7036 29.7143 29.6760 29.5180 29.4426 29.4973 29.4687 29.5407 29.7078 29.6248 29.8187 29.8389 29.9231 29.9152 29.9055 29.9068 29.9346 29.8905 29.9293 29.8245 29.9449 30.0104 30.0932 30.0729 29.9586 29.9322 29.8651 29.8572 29.8291 29.7726 29.8025 29.7648 29.6629 29.6642 29.5889 29.5232 29.4840 29.3232 29.2948 29.3494 29.2649 29.2838 29.2934 29.3311 29.3030 29.5120 29.5683 29.6995 29.7539 29.7591 29.8180 29.7878
29.6392 29.6595 29.5278 29.5746 29.7697 29.7134 29.7321 29.6359 29.5984 29.6188 29.6094 29.5718 29.5903 29.6855 29.6949 29.7597 29.7986 29.7685 29.6855 29.6101 29.5711 29.5143 29.5423 29.6424 29.5876 29.7079 29.7188 29.8404 29.9076 29.9074 29.8618 29.8706 29.8341 29.8621 29.7572 29.8494 29.9336 29.9428 29.9225 29.9883 29.9605 29.9121 29.8681 29.8118 29.7365 29.6052 29.5956 29.5780 29.5418 29.5026 29.4463 29.4071 29.2289 29.2382 29.2646 29.2711 29.2743 29.3322 29.4620 29.5106 29.5588 29.5305 29.5693 29.6252 29.7116 29.8910 29.8540
