regresion/MARZO_2003/SeaWiFS/Composicion (Lt_490).txt
ncols         167
nrows         127
xllcorner     -112.012
yllcorner     26.718
cellsize      0.00898
[rows 0 to 28 of 127, columns 67 to 133 of 167]
49.9766 49.8944 49.8279 49.8146 49.8042 49.7746 49.7379 49.7082 49.7346 49.7443 49.7606 49.8361 49.9150 50.0635 50.0602 50.2710 50.3764 50.3528 50.6429 50.6725 50.7242 50.5621 50.4851 50.4586 50.4582 50.4551 50.4019 50.2828 50.2102 50.2297 50.2296 50.2658 50.3610 50.5984 50.7040 50.6541 50.9842 51.0733 51.0997 50.9409 50.8587 50.8088 50.7132 50.7756 50.7491 50.7289 50.7786 50.7788 50.8873 50.8202 50.8334 50.7802 50.8460 51.3095 51.3525 51.6233 52.9978 55.7664 59.7497 60.6189 55.8454 52.5841 51.7366 51.0365 50.9351 51.0398 51.0440
49.9239 49.9107 49.8444 49.7916 49.8835 49.8407 49.8039 49.8269 49.8666 49.8598 49.9289 50.0176 50.0173 50.1790 50.2318 50.4426 50.3894 50.3956 50.6593 50.6889 50.7407 50.6181 50.5776 50.4984 50.4449 50.3495 50.3066 50.2139 50.1677 50.2530 50.3057 50.3450 50.4402 50.6776 50.7731 50.7364 51.0928 51.1555 51.1850 51.0231 50.9541 50.9408 50.8553 50.9045 50.8649 50.8051 50.8578 50.8047 50.9132 50.8501 50.8632 50.8264 50.9019 51.3654 51.4612 51.7320 51.6787 53.4927 56.2757 56.5133 53.7185 52.1855 51.3800 51.3177 51.1721 51.1115 50.9635
49.9511 49.9380 49.8746 49.8055 49.8407 49.8275 49.8831 49.8529 49.8925 49.9224 49.9914 50.0600 50.1389 50.2311 50.2839 50.5211 50.4547 50.4377 50.5827 50.5793 50.6843 50.5650 50.5118 50.5381 50.4417 50.2408 50.1582 50.1475 50.1179 50.2009 50.1876 50.3983 50.5198 50.6382 50.7372 50.7109 50.9440 51.0361 51.1050 51.0783 51.0225 50.9101 50.9301 50.9990 50.9066 50.6993 50.6992 50.6297 50.7251 50.6260 50.6553 50.7080 50.6258 50.5861 50.8400 50.9027 51.1090 51.4165 52.0538 52.1756 51.7868 51.3948 51.2675 51.3410 51.1566 51.0537 50.9531
49.9676 49.9116 49.8216 49.7920 49.8639 49.8507 49.9063 49.8923 49.9320 49.9649 49.9913 50.0600 50.1817 50.2740 50.2475 50.4847 50.4711 50.3846 50.5296 50.5793 50.6843 50.6016 50.5484 50.5383 50.4420 50.2379 50.1185 50.2135 50.1839 50.1908 50.1774 50.4278 50.5889 50.7074 50.8692 50.8429 51.0496 51.1385 51.1811 51.1544 51.0987 50.9598 50.9697 51.0649 51.0121 50.8180 50.7814 50.7119 50.8073 50.6818 50.7110 50.7607 50.6785 50.6388 50.9425 51.0052 51.1322 51.4032 51.5260 51.6610 51.6944 51.3643 51.2383 51.2218 50.9138 50.7747 50.7874
50.0796 49.9938 49.9994 49.9729 49.9700 49.9435 49.9826 49.9852 50.0248 50.0904 50.1167 50.1065 50.2251 50.4099 50.3702 50.4754 50.3927 50.2997 50.4051 50.3784 50.5357 50.5884 50.5054 50.3898 50.2866 50.1381 50.0453 50.1538 50.1770 50.2956 50.2592 50.3777 50.4433 50.6117 50.7568 50.7070 50.9538 51.1218 51.1117 51.0553 51.2369 51.1371 51.1515 51.1513 51.0589 50.8079 50.7021 50.5574 50.5999 50.5309 50.5601 50.7315 50.6350 50.6215 50.6345 50.5916 50.7191 50.9862 51.0166 50.9604 51.0110 51.0109 51.0251 51.0746 50.9121 50.7303 50.6130
50.0004 49.9410 49.9862 49.9597 49.9568 49.9435 49.9826 49.9852 50.0248 50.1065 50.1197 50.1094 50.0932 50.2779 50.3143 50.4327 50.3267 50.2308 50.3099 50.2831 50.4829 50.4961 50.3999 50.2842 50.1810 50.1410 50.0482 50.1274 50.1506 50.2925 50.2561 50.3746 50.4668 50.6352 50.7802 50.7466 50.9802 51.1482 51.1249 51.0684 51.1606 51.0872 51.1779 51.1645 51.0721 50.8180 50.7122 50.5838 50.6263 50.5836 50.5996 50.7710 50.6614 50.6478 50.6345 50.6048 50.7190 50.8939 50.9243 50.8680 50.8759 50.8759 50.9956 50.9823 50.8198 50.6907 50.5734
49.9044 49.9011 50.0092 49.9959 49.9696 49.9725 50.0152 49.9914 50.0178 50.1329 50.1461 50.1259 50.0931 50.3243 50.3607 50.4659 50.3500 50.2307 50.3098 50.2928 50.4531 50.4195 50.3929 50.2903 50.2236 50.2467 50.1043 50.1703 50.1539 50.3057 50.3057 50.4345 50.5827 50.7673 50.9123 50.8887 51.0558 51.0321 51.0088 51.0349 51.0874 51.0080 51.1151 51.1579 51.0360 50.7920 50.6994 50.5247 50.5673 50.5671 50.5831 50.7112 50.5946 50.5944 50.5976 50.5577 50.6767 50.6737 50.7164 50.6075 50.6855 50.7483 50.8537 50.8639 50.7427 50.5770 50.4429
49.9936 49.9671 50.1117 50.1248 50.0613 50.0774 50.1464 50.1358 50.1623 50.0400 50.0268 50.2045 50.1322 50.3369 50.3733 50.3333 50.1911 50.1378 50.0849 50.0679 50.2953 50.1958 50.3012 50.3172 50.2901 50.3264 50.1839 50.2368 50.2204 50.3327 50.3062 50.5670 50.7019 50.7678 50.8469 50.7970 50.8580 50.7683 50.7581 50.8533 50.8927 50.8893 50.9032 50.9197 50.9165 50.8309 50.6855 50.4713 50.3424 50.3290 50.3450 50.4467 50.5054 50.5975 50.7031 50.6368 50.7690 50.8084 50.7066 50.5977 50.6201 50.7093 50.6432 50.7193 50.5981 50.5352 50.4010
49.9936 49.9538 50.0752 50.0913 50.0643 50.1170 50.1329 50.1755 50.2019 50.1061 50.0929 50.2379 50.1820 50.3236 50.3070 50.2901 50.1777 50.1111 50.0582 50.0874 50.3148 50.1428 50.1819 50.2377 50.3433 50.3664 50.2073 50.2734 50.2305 50.3561 50.3692 50.6726 50.7677 50.8732 50.9391 50.8363 50.8711 50.7977 50.7876 50.8170 50.8564 50.8632 50.8639 50.9034 50.8768 50.8014 50.6693 50.3919 50.2630 50.3019 50.3179 50.3998 50.4158 50.5079 50.6135 50.5045 50.5973 50.7293 50.6540 50.5818 50.5755 50.5622 50.4826 50.5221 50.4878 50.4380 50.3494
49.9803 49.9803 50.1643 50.1805 50.1538 50.2065 50.0774 50.0834 50.1099 50.1593 50.1461 50.2807 50.1983 50.2771 50.2472 50.2699 50.2303 50.2034 50.2166 50.2558 50.4267 50.2679 50.3201 50.3395 50.3691 50.3393 50.2332 50.3286 50.3284 50.4278 50.4642 50.7412 50.7935 50.9518 50.9913 50.9017 50.8951 50.7820 50.6532 50.6826 50.7089 50.7846 50.8381 50.8776 50.8673 50.6863 50.6465 50.4746 50.3193 50.4171 50.4331 50.3831 50.4260 50.4654 50.5312 50.6069 50.7028 50.7424 50.7720 50.7130 50.6276 50.6174 50.5248 50.5115 50.4997 50.4499 50.4156
50.1256 50.1153 50.1936 50.1671 50.1306 50.1469 50.0310 49.9778 50.0043 50.0638 50.0638 50.1748 50.1745 50.2765 50.2334 50.2830 50.2302 50.1799 50.0744 50.0973 50.2653 50.2846 50.2736 50.3691 50.4350 50.4022 50.3490 50.3947 50.3646 50.4406 50.4344 50.6849 50.6616 50.8095 50.9020 50.8887 50.8455 50.7489 50.6037 50.6560 50.7087 50.7947 50.8115 50.7983 50.7880 50.5904 50.5506 50.4183 50.2630 50.2484 50.2352 50.2482 50.3863 50.3762 50.4420 50.6235 50.7686 50.7128 50.7425 50.6732 50.5746 50.5645 50.4553 50.4288 50.4155 50.5369 50.4781
50.2152 50.1651 50.1935 50.1670 50.0244 50.0407 50.0832 50.0167 50.0199 50.0893 50.0893 50.2241 50.1973 50.1971 50.2170 50.3325 50.2399 50.2196 50.1640 50.1769 50.2031 50.2060 50.1719 50.2937 50.3853 50.3921 50.4283 50.3782 50.4045 50.4935 50.4872 50.7478 50.7111 50.7498 50.8327 50.8325 50.6507 50.6165 50.5638 50.5135 50.4870 50.5827 50.6520 50.6122 50.6517 50.5895 50.5497 50.4010 50.2986 50.3381 50.3248 50.2755 50.4694 50.3502 50.3500 50.5052 50.6533 50.5579 50.6635 50.6469 50.5615 50.6144 50.4512 50.3852 50.3962 50.4212 50.4285
50.2578 50.2443 50.2726 50.1934 50.0508 50.0671 50.1096 49.9741 49.9772 50.0497 50.0760 50.2241 50.1942 50.1808 50.2170 50.3222 50.1373 50.1405 50.1772 50.1636 50.1899 50.2060 50.1719 50.2642 50.3558 50.3921 50.4283 50.3883 50.4146 50.4936 50.4872 50.7771 50.7272 50.7499 50.8064 50.7930 50.6376 50.5637 50.4977 50.4710 50.4445 50.5299 50.5992 50.5958 50.6354 50.5894 50.5496 50.3776 50.2752 50.3513 50.3380 50.2622 50.3374 50.2711 50.2578 50.4099 50.5184 50.4128 50.6603 50.6570 50.5880 50.6936 50.5305 50.3748 50.3859 50.3977 50.4050
50.1683 50.1415 50.1833 50.1041 49.9189 49.9351 50.0241 49.9706 49.9738 50.0494 50.0758 50.2340 50.1910 50.2040 50.2038 50.3123 50.1540 50.1404 50.1770 50.1535 50.1666 50.1561 50.1287 50.2210 50.3789 50.3888 50.3590 50.3586 50.4247 50.4904 50.4875 50.7541 50.7306 50.7533 50.7167 50.6770 50.6011 50.5801 50.5141 50.4808 50.4939 50.5431 50.5300 50.5531 50.5793 50.5759 50.5626 50.4073 50.3049 50.3413 50.3281 50.1988 50.2184 50.1654 50.2710 50.3865 50.4621 50.3167 50.4751 50.4686 50.3496 50.4552 50.4447 50.2891 50.3458 50.3049 50.3183
50.1476 50.1178 49.9719 49.9059 49.8001 49.6814 49.8330 49.8354 49.8782 49.9539 49.9934 50.1287 50.1255 50.3130 50.2368 50.3557 50.2367 50.2364 50.0639 49.9841 49.9576 49.9808 50.0559 50.2437 50.3225 50.3325 50.3852 50.5170 50.5566 50.4438 50.4409 50.6517 50.6018 50.5855 50.6282 50.5356 50.5224 50.5616 50.4428 50.3993 50.4388 50.5275 50.5434 50.5269 50.5400 50.5659 50.5554 50.4896 50.3740 50.2941 50.2808 50.3071 50.2676 50.1852 50.2511 50.1320 50.2077 50.1812 50.2077 50.1549 50.1942 50.3127 50.2655 50.2256 50.2723 50.2224 50.1969
50.1477 50.1180 49.9453 49.8793 49.8495 49.7308 49.7932 49.8588 49.9015 49.9405 49.9801 50.1452 50.1816 50.3294 50.2532 50.3980 50.2791 50.2760 50.1034 50.0369 50.0104 50.0434 50.1058 50.2935 50.3722 50.3323 50.3983 50.5169 50.5335 50.4206 50.4438 50.6546 50.6283 50.6120 50.6149 50.5223 50.4660 50.5024 50.3836 50.2907 50.3991 50.5010 50.5433 50.5136 50.5267 50.5561 50.5456 50.5292 50.4135 50.3072 50.2807 50.2938 50.2542 50.1685 50.2212 50.0889 50.1415 50.1018 50.1548 50.1020 50.1578 50.2763 50.2084 50.1685 50.2072 50.2233 50.1907
50.0419 50.1410 49.9955 49.9295 49.9126 49.8465 49.8729 49.7802 49.7965 49.8123 49.8387 50.0584 50.0550 50.1866 50.1339 50.2259 50.2125 50.2062 50.1398 50.0967 50.0702 50.0400 50.1320 50.2771 50.3427 50.3060 50.3486 50.4181 50.4347 50.3950 50.4213 50.5135 50.5531 50.6775 50.6639 50.6344 50.5121 50.5117 50.4985 50.4190 50.5174 50.5138 50.5069 50.5329 50.6383 50.5624 50.5755 50.5953 50.5720 50.3577 50.3312 50.3544 50.3016 50.2716 50.2481 50.0763 50.1450 50.1349 50.1052 50.0554 50.1113 50.2003 50.1893 50.1760 50.1823 50.3165 50.3232
50.1047 50.2038 50.0054 49.9394 49.8861 49.8201 49.8463 49.7271 49.7434 49.7891 49.8155 50.0187 50.0153 50.1337 50.0809 50.1862 50.1728 50.1764 50.1100 50.0933 50.0668 50.0135 50.1188 50.2638 50.3461 50.3094 50.3520 50.4215 50.4214 50.3818 50.4212 50.5134 50.5662 50.6906 50.6604 50.6309 50.4592 50.4720 50.4588 50.4851 50.5835 50.5304 50.5235 50.5231 50.6285 50.5491 50.5622 50.5556 50.5323 50.3278 50.3014 50.3378 50.2850 50.2319 50.2349 50.0630 50.1185 50.1085 50.0954 50.0456 50.0980 50.1871 50.1772 50.1639 50.1729 50.3071 50.3177
50.0649 50.1772 49.9357 49.9388 49.8888 49.8359 49.8620 49.7429 49.7460 49.9004 49.8445 49.9234 49.8935 50.1174 50.1438 50.1303 50.1565 50.1336 50.0413 50.0543 50.1069 50.1889 50.1886 50.2677 50.4188 50.4214 50.4477 50.4870 50.4869 50.5231 50.5361 50.6809 50.6546 50.7372 50.6047 50.5782 50.5252 50.5412 50.5544 50.6332 50.7225 50.6166 50.6560 50.6688 50.6818 50.7211 50.5990 50.6057 50.6615 50.4035 50.4034 50.4295 50.2579 50.2312 50.1979 50.1317 50.1846 50.1641 50.1247 50.1316 50.0390 50.1311 50.2003 50.2133 50.2547 50.2518 50.2221
50.0648 50.1937 50.0316 50.0346 49.8755 49.8227 49.8388 49.7165 49.7196 49.8971 49.8412 49.9068 49.9330 50.1801 50.1799 50.1401 50.1563 50.0970 50.0048 50.0177 50.0703 50.2021 50.2581 50.3372 50.4289 50.4315 50.4180 50.4441 50.4440 50.4966 50.5592 50.6775 50.6410 50.7236 50.6476 50.6211 50.5415 50.5975 50.6106 50.6234 50.7126 50.5868 50.6395 50.6921 50.6919 50.7179 50.6122 50.5891 50.6449 50.3934 50.3933 50.4325 50.2478 50.2343 50.1880 50.1218 50.1880 50.1775 50.1082 50.0949 50.0420 50.1705 50.2006 50.2137 50.2441 50.2412 50.1804
50.0490 50.1810 50.1010 50.1173 49.9156 49.8627 49.8261 49.7068 49.7099 49.8281 49.7722 49.8775 49.8670 50.0481 50.0479 50.0709 50.0871 50.0471 49.9411 49.9541 50.0434 50.1487 50.2046 50.3263 50.3394 50.3362 50.3227 50.5232 50.5231 50.5361 50.5855 50.5954 50.5486 50.6215 50.5455 50.5161 50.5157 50.5848 50.6375 50.6136 50.6460 50.5436 50.5993 50.6519 50.6517 50.7569 50.6512 50.5224 50.5783 50.4489 50.4460 50.4720 50.2609 50.2474 50.2143 50.1775 50.2179 50.2043 50.1351 50.1482 50.0689 50.1711 50.2012 50.1980 50.2284 50.3065 50.2457
49.9597 50.0389 50.0548 50.1106 49.9289 49.9420 49.8757 49.8650 49.8650 49.8775 49.7161 49.9268 49.9195 50.0248 50.0510 50.1004 50.1428 50.1426 50.1787 50.1258 50.2018 50.2543 50.2804 50.3626 50.4185 50.3756 50.3986 50.6285 50.6417 50.6281 50.6279 50.6643 50.5648 50.6510 50.6376 50.6478 50.6215 50.5945 50.6340 50.6367 50.6692 50.6888 50.7311 50.6746 50.5326 50.5191 50.4926 50.3704 50.3337 50.2772 50.2742 50.3434 50.1818 50.1816 50.0264 50.1449 50.1985 50.1749 50.1219 50.1219 50.0392 50.0809 50.0531 50.0661 50.2103 50.3380 50.2265
49.9465 49.9992 50.0152 50.0842 49.9024 49.9449 49.8786 49.8782 49.8783 49.8775 49.7161 49.9268 49.9195 50.0217 50.0479 50.1136 50.1560 50.1426 50.1787 50.1257 50.2017 50.2573 50.2834 50.3361 50.3920 50.3623 50.3854 50.6152 50.6284 50.6383 50.6382 50.6643 50.5648 50.6510 50.6376 50.6610 50.6346 50.5843 50.6238 50.6764 50.7088 50.7152 50.7575 50.7010 50.5590 50.5161 50.4896 50.3967 50.3601 50.2639 50.2610 50.3301 50.1686 50.1846 50.0293 50.1316 50.1852 50.1617 50.1087 50.0955 50.0127 50.0647 50.0368 50.0529 50.1971 50.3248 50.2133
50.1968 50.0150 50.0015 50.0410 50.0210 50.0899 49.9969 49.9434 49.9303 49.9306 49.8747 49.9831 49.9068 49.9694 49.9560 50.0514 50.1567 50.1035 50.1527 50.1393 50.1626 50.2444 50.3498 50.3629 50.4841 50.5072 50.4938 50.5755 50.5755 50.5986 50.6116 50.6376 50.7100 50.8088 50.8614 50.8716 50.7924 50.6232 50.6100 50.4906 50.5468 50.6327 50.5300 50.5298 50.4241 50.3973 50.3840 50.2517 50.2546 50.0934 50.0933 50.0929 50.0371 50.0662 50.0134 50.0761 50.1152 50.0788 49.9994 50.0390 50.1097 50.1060 50.1251 50.1906 50.2212 50.2503 50.1935
50.2497 50.0547 49.9914 50.0338 50.0272 50.0932 49.9869 49.9832 49.9700 49.9836 49.9276 50.0032 49.9137 49.9530 49.9396 50.0878 50.1831 50.1564 50.2056 50.1453 50.1686 50.2344 50.3133 50.3265 50.4974 50.5204 50.4937 50.5824 50.5824 50.6086 50.6216 50.6609 50.6967 50.8483 50.9274 50.9142 50.8116 50.7189 50.7057 50.5170 50.5731 50.6460 50.5697 50.5533 50.4180 50.4205 50.4204 50.2781 50.2811 50.1198 50.1198 50.1091 50.0432 50.0693 50.0165 50.0661 50.1416 50.0920 50.0127 50.0328 50.1035 50.0901 50.0948 50.1602 50.1803 50.2226 50.1688
50.3784 50.1702 50.1099 50.0864 50.0002 50.0265 50.0262 49.9304 49.9172 49.9963 50.0063 50.0423 50.0158 50.0319 49.9658 50.0838 50.2055 50.1654 50.0728 49.9993 50.0915 50.1277 50.2039 50.2929 50.3494 50.3756 50.3621 50.4479 50.4645 50.5040 50.5200 50.5954 50.6013 50.7169 50.6506 50.6140 50.6433 50.6897 50.6468 50.5011 50.5039 50.4345 50.4111 50.5006 50.4576 50.3843 50.3842 50.2121 50.2414 50.2248 50.1587 50.1613 50.0163 49.9730 49.9040 49.8906 49.9203 49.8839 49.9600 49.9800 50.1015 50.0882 50.1547 50.2207 50.2218 50.1851 50.1122
50.2629 50.1501 50.0997 50.0468 49.9736 49.9736 49.9834 49.8874 49.8611 49.9900 50.0001 50.0820 50.0158 50.0319 49.9691 50.0606 50.1823 50.1452 50.0822 50.0819 50.1445 50.1939 50.1875 50.3425 50.3989 50.4059 50.3792 50.4580 50.4777 50.5037 50.5330 50.6249 50.6573 50.7130 50.6203 50.6568 50.7226 50.7424 50.6995 50.6168 50.6064 50.5076 50.5238 50.5898 50.5500 50.4240 50.4239 50.2812 50.3105 50.2045 50.1385 50.1776 50.0294 49.9862 49.9172 49.9038 49.9171 49.9304 50.0064 49.9933 50.1147 50.0749 50.1418 50.2209 50.1520 50.1183 50.1598
50.3815 50.2292 50.0963 50.1754 50.2509 50.1980 50.1152 49.9370 49.9107 49.9637 49.9506 50.0457 50.0190 50.0452 50.0219 50.0870 50.1558 50.1155 49.9601 49.9598 50.0357 50.1146 50.1610 50.2895 50.2927 50.3657 50.3687 50.3948 50.3978 50.4634 50.4794 50.5318 50.5114 50.6330 50.6295 50.6659 50.7053 50.7284 50.6724 50.6161 50.5806 50.5115 50.5410 50.5144 50.4746 50.4776 50.4775 50.3745 50.4038 50.2714 50.2053 50.2146 50.0664 50.0001 49.8913 49.8780 49.9303 49.9436 49.9702 49.9570 50.0947 50.0548 50.0807 50.1299 50.1066 50.0992 50.1775
50.3810 50.2917 50.1459 50.2381 50.3137 50.2607 50.2209 50.0034 49.9903 49.9802 49.9670 50.0458 50.0455 50.1672 50.1672 50.1924 50.1954 50.1124 49.9966 50.0095 50.1118 50.1906 50.2170 50.3031 50.2665 50.3557 50.3719 50.3450 50.3216 50.4005 50.3902 50.4158 50.4054 50.5373 50.5338 50.5833 50.6491 50.6882 50.6322 50.7513 50.6864 50.6302 50.6364 50.5836 50.5438 50.4381 50.4379 50.3212 50.2977 50.1886 50.1489 50.1190 50.0266 50.0395 49.8910 49.9377 49.9834 49.9733 50.1022 50.0788 50.1475 50.0150 50.0178 50.0832 50.1242 50.2062 50.2099
