regresion/MARZO_2003/SeaWiFS/Composicion (Lt_490).txt
ncols         167
nrows         127
xllcorner     -112.012
yllcorner     26.718
cellsize      0.00898
[rows 29 to 57 of 127, columns 0 to 66 of 167]
50.2346 50.1944 50.1944 50.1830 50.1494 50.1492 50.1259 50.0962 50.1488 50.1914 50.2020 50.3042 50.2515 50.2350 50.2312 50.1286 50.1781 50.2336 50.2362 50.2615 50.2115 50.1979 50.2504 50.2008 50.2009 50.2536 50.1869 50.1969 50.1835 50.1509 50.1638 50.1603 50.1631 50.1199 50.1886 50.2278 50.2202 50.2068 50.2199 50.1965 50.2096 50.1596 50.1666 50.2292 50.2557 50.2557 50.3048 50.3048 50.5226 50.5652 50.8087 50.7420 50.7286 50.6788 50.6521 50.6256 50.5063 50.5590 50.3473 50.4203 50.4334 50.3801 50.3535 50.4484 50.3126 50.4842 50.4738
50.1289 50.1152 50.1152 50.1012 50.1336 50.1996 50.2056 50.2187 50.2580 50.2974 50.2842 50.3365 50.3070 50.2479 50.2309 50.2175 50.2305 50.3226 50.2565 50.2818 50.2476 50.2736 50.2634 50.2137 50.2002 50.2266 50.2392 50.2893 50.2626 50.2528 50.2821 50.2786 50.2654 50.2387 50.2810 50.2937 50.2333 50.2101 50.2334 50.2495 50.2362 50.2093 50.2457 50.2951 50.2687 50.2687 50.2252 50.2252 50.3930 50.3960 50.6103 50.6096 50.6888 50.5995 50.6290 50.6288 50.5066 50.5329 50.4531 50.4627 50.4494 50.4196 50.3665 50.4583 50.3388 50.4078 50.4310
50.1685 50.1416 50.1416 50.1443 50.1503 50.2162 50.2454 50.2584 50.2978 50.3239 50.3106 50.3596 50.3301 50.2710 50.2706 50.2572 50.2570 50.3491 50.3093 50.2853 50.2511 50.2506 50.2404 50.1873 50.1604 50.1867 50.2490 50.2991 50.2592 50.2494 50.2787 50.2520 50.2388 50.2122 50.2447 50.2574 50.2103 50.1870 50.2234 50.2230 50.2097 50.2358 50.2722 50.3314 50.2652 50.2652 50.2616 50.2616 50.3930 50.3828 50.5971 50.6262 50.7054 50.6161 50.6324 50.6322 50.5331 50.5594 50.4928 50.4593 50.4459 50.4295 50.3764 50.4550 50.3388 50.4078 50.4443
50.1415 50.1178 50.1178 50.1965 50.1730 50.2255 50.2577 50.2443 50.3100 50.3231 50.2743 50.4418 50.3065 50.2445 50.2838 50.2967 50.2965 50.4150 50.3651 50.4442 50.4366 50.3996 50.3729 50.2142 50.2005 50.2400 50.2660 50.2864 50.2594 50.2530 50.2660 50.2260 50.1863 50.1730 50.1527 50.1286 50.1444 50.1574 50.1705 50.1833 50.1832 50.2063 50.1601 50.2224 50.2252 50.2252 50.3538 50.3538 50.4061 50.3958 50.5835 50.5863 50.6790 50.6160 50.6687 50.6950 50.6651 50.6222 50.5292 50.5352 50.5016 50.4984 50.4686 50.4449 50.3652 50.5396 50.5492
50.2109 50.2663 50.2663 50.2331 50.2096 50.2124 50.2675 50.2540 50.3066 50.2932 50.2575 50.4153 50.2800 50.3102 50.3399 50.3661 50.3658 50.4580 50.4213 50.5101 50.5162 50.4000 50.3733 50.2376 50.1711 50.2370 50.2004 50.1939 50.1934 50.1635 50.1766 50.1898 50.1369 50.1236 50.0993 50.0752 50.1144 50.1142 50.1140 50.1397 50.1397 50.2156 50.1831 50.2753 50.2811 50.2811 50.3800 50.3800 50.4622 50.4224 50.6101 50.5965 50.6892 50.6394 50.6786 50.7049 50.7309 50.6879 50.5919 50.6012 50.5677 50.5644 50.5346 50.4450 50.4050 50.5794 50.5788
50.1749 50.2471 50.2471 50.2164 50.1928 50.1427 50.1749 50.1582 50.2239 50.2302 50.1908 50.3224 50.2695 50.2865 50.3787 50.3785 50.3551 50.3916 50.3879 50.5058 50.5118 50.4616 50.4483 50.2763 50.2462 50.3121 50.1737 50.1706 50.1704 50.1141 50.0875 50.1403 50.1005 50.0736 50.0829 50.0823 50.0981 50.1508 50.1506 50.1927 50.1927 50.2125 50.1897 50.3118 50.2849 50.2849 50.3971 50.3971 50.5849 50.4921 50.5976 50.5404 50.6327 50.5829 50.5989 50.6252 50.7538 50.7011 50.6344 50.6109 50.5842 50.6336 50.6039 50.6036 50.4842 50.5431 50.5759
50.0855 50.1151 50.1151 50.1635 50.1663 50.1163 50.0926 50.0760 50.1447 50.1509 50.1247 50.2696 50.2166 50.3289 50.4211 50.4341 50.4473 50.4970 50.5065 50.6245 50.5909 50.6170 50.6434 50.4714 50.3650 50.3649 50.1869 50.2233 50.2231 50.1140 50.0874 50.1139 50.0609 50.0341 50.0438 50.0432 50.0063 50.0590 50.0588 50.2064 50.2064 50.2526 50.2719 50.3413 50.3245 50.3245 50.4235 50.4235 50.6245 50.5581 50.5975 50.5531 50.6454 50.6352 50.6776 50.6378 50.7268 50.7137 50.6476 50.6241 50.5942 50.6305 50.5643 50.5376 50.4314 50.4904 50.4704
50.0523 50.1180 50.1180 50.1803 50.2099 50.0906 50.0802 50.0565 50.1252 50.1117 50.1383 50.2434 50.2202 50.3555 50.3288 50.3390 50.3358 50.4544 50.4673 50.5319 50.4951 50.4583 50.4845 50.4844 50.3843 50.3842 50.3182 50.3414 50.2750 50.1924 50.1790 50.2022 50.1494 50.0831 50.0329 50.0953 50.1114 50.1211 50.0580 50.2189 50.2086 50.2975 50.3938 50.3937 50.3540 50.3540 50.5289 50.5289 50.6867 50.6998 50.7261 50.6589 50.6984 50.6618 50.8628 50.7967 50.8127 50.7205 50.7176 50.7038 50.6476 50.6741 50.5682 50.5412 50.4851 50.4847 50.4309
50.0127 50.0784 50.0784 50.1407 50.1834 50.0642 50.0670 50.0433 50.0724 50.0589 50.0855 50.2170 50.1937 50.3027 50.2761 50.3521 50.3489 50.4675 50.4937 50.5583 50.4686 50.4318 50.4581 50.4579 50.3579 50.3974 50.3314 50.3546 50.2882 50.2715 50.2581 50.2813 50.2154 50.1490 50.0989 50.1613 50.1906 50.2003 50.1372 50.2981 50.2878 50.3635 50.4598 50.4465 50.4067 50.4067 50.4893 50.4893 50.6207 50.6338 50.6601 50.5929 50.6324 50.6486 50.8496 50.7835 50.7995 50.6676 50.6647 50.6509 50.6212 50.6477 50.5023 50.4752 50.4191 50.4187 50.3649
50.1052 50.1146 50.1146 50.0351 50.0350 49.9880 50.0171 49.9904 50.1249 50.1245 50.2435 50.3487 50.2824 50.3918 50.4180 50.4574 50.4709 50.5232 50.5725 50.5852 50.4856 50.4617 50.4615 50.4482 50.4313 50.4709 50.3844 50.4239 50.4501 50.3512 50.3217 50.3741 50.3375 50.2806 50.1717 50.2506 50.2270 50.3091 50.2986 50.3642 50.3774 50.4260 50.4590 50.4853 50.4422 50.4422 50.4620 50.4620 50.6361 50.6495 50.6460 50.6060 50.6587 50.5692 50.7437 50.6908 50.7594 50.6677 50.7175 50.6906 50.6345 50.6209 50.4989 50.5282 50.4455 50.4584 50.4872
50.0821 50.1015 50.1015 50.0352 50.0316 49.9846 50.0005 49.9738 50.0819 50.0716 50.1906 50.2166 50.1503 50.3423 50.3685 50.3948 50.4577 50.5100 50.5593 50.5455 50.4824 50.4816 50.4713 50.4579 50.4180 50.4311 50.3447 50.3578 50.3443 50.3148 50.2853 50.3776 50.3937 50.2936 50.1716 50.2506 50.2498 50.3319 50.3348 50.4268 50.4400 50.4790 50.5119 50.5117 50.4457 50.4457 50.5181 50.5181 50.5867 50.6364 50.6989 50.6589 50.7116 50.5527 50.7006 50.6742 50.7693 50.6380 50.6778 50.6643 50.5452 50.5350 50.5023 50.5183 50.4092 50.4221 50.4476
50.1183 50.1704 50.1704 50.1040 50.1005 50.0872 50.1031 50.0664 50.0559 50.0159 50.1085 50.1476 50.0946 50.3453 50.3681 50.4046 50.4837 50.4833 50.5196 50.5088 50.4559 50.4389 50.4350 50.4215 50.4211 50.4475 50.4502 50.4501 50.4468 50.4703 50.4173 50.4271 50.4168 50.3200 50.2639 50.3296 50.3319 50.4140 50.4271 50.4828 50.4695 50.4161 50.4589 50.4587 50.4294 50.4294 50.4752 50.4752 50.5570 50.6332 50.6989 50.6457 50.6616 50.5027 50.5684 50.5419 50.7066 50.5753 50.5881 50.6408 50.5187 50.4922 50.4494 50.4885 50.4087 50.4745 50.5077
50.1337 50.2029 50.2029 50.0985 50.1039 50.1433 50.1594 50.1227 50.0953 50.0155 50.0722 50.1774 50.1640 50.4115 50.7123 50.7619 50.5594 50.4930 50.5293 50.4791 50.4262 50.3860 50.3821 50.3789 50.3819 50.4082 50.4932 50.4931 50.4501 50.4437 50.4699 50.4797 50.4562 50.5020 50.4194 50.4192 50.4381 50.4410 50.4542 50.5066 50.4933 50.4596 50.5289 50.5154 50.4562 50.4562 50.5287 50.5287 50.5370 50.6131 50.7052 50.5893 50.5920 50.4895 50.5125 50.4860 50.6672 50.5649 50.5910 50.6964 50.6007 50.5181 50.4488 50.5143 50.4544 50.4938 50.5169
50.1712 50.2366 50.2366 50.0517 50.0406 50.0535 50.1002 50.1013 50.0607 50.0522 50.1088 50.4252 50.4250 51.1750 51.5056 51.6211 51.4052 50.4563 50.5192 50.4528 50.4558 50.4023 50.3687 50.3655 50.4083 50.4611 50.5299 50.5000 50.4732 50.4666 50.4929 50.5060 50.5090 50.5547 50.5147 50.5310 50.4810 50.4707 50.4706 50.5594 50.5593 50.4992 50.5390 50.5916 50.5452 50.5452 50.5418 50.5418 50.6424 50.7185 50.5893 50.4733 50.5161 50.4400 50.4630 50.3836 50.4821 50.4193 50.4689 50.5743 50.4949 50.4750 50.4057 50.4614 50.3751 50.4146 50.4009
50.2473 50.3030 50.3030 50.1243 50.1459 50.0860 50.0785 50.0573 50.0844 49.9257 49.8753 50.5062 52.8590 54.2676 57.7842 57.5708 55.5964 52.6508 50.6161 50.6330 50.5275 50.4975 50.4639 50.4606 50.4570 50.5229 50.4972 50.4442 50.5197 50.5292 50.4793 50.5055 50.5317 50.5446 50.6001 50.6000 50.5107 50.5137 50.5267 50.6156 50.6155 50.6383 50.6385 50.7043 50.5682 50.5682 50.6074 50.6074 50.7221 50.6822 50.5432 50.5004 50.5135 50.3745 50.4404 50.3874 50.4664 50.3772 50.4366 50.5184 50.4390 50.5545 50.5248 50.5112 50.3881 50.4971 50.4307
50.2539 50.2879 50.2879 50.1663 50.2121 50.1212 50.0194 49.9867 50.0457 50.2352 50.1848 52.3938 54.7465 59.3655 61.9228 63.1259 61.6853 58.5011 52.8173 50.7985 50.4348 50.4608 50.5429 50.5539 50.5561 50.5428 50.4817 50.4552 50.5341 50.5885 50.5254 50.5352 50.5513 50.5508 50.5374 50.5373 50.5900 50.5930 50.5927 50.5989 50.6090 50.6848 50.6879 50.7141 50.5815 50.5815 50.5148 50.5148 50.5702 50.5303 50.5070 50.4510 50.4641 50.3085 50.3610 50.3345 50.4204 50.2916 50.3673 50.4358 50.3564 50.4751 50.4322 50.4585 50.3416 50.4506 50.4209
50.2874 50.2086 50.2086 50.3141 50.3400 50.2379 50.1798 50.1758 50.0326 50.2498 50.4903 53.0881 58.2962 65.3484 66.8208 72.6162 73.0515 73.9704 63.8730 53.8444 49.7243 50.1679 50.4075 50.5400 50.5446 50.5594 50.5502 50.5071 50.5129 50.5644 50.4541 50.4904 50.5238 50.4842 50.4841 50.4706 50.5497 50.6155 50.6152 50.6518 50.6619 50.7146 50.7011 50.7273 50.6902 50.6902 50.6103 50.6103 50.6658 50.6128 50.5729 50.5301 50.5696 50.4799 50.4369 50.3971 50.4565 50.3410 50.3804 50.3932 50.2742 50.3957 50.3792 50.4751 50.3455 50.3320 50.2524
50.2858 50.2231 50.2231 50.3127 50.3389 50.2381 50.2302 50.2366 50.1192 50.1640 50.4045 50.8042 56.0123 62.9082 64.1643 66.9970 66.7302 68.4660 61.7281 53.6759 49.4986 49.9358 50.2368 50.3812 50.3810 50.5639 50.5879 50.5413 50.5358 50.5201 50.4482 50.5099 50.4872 50.4781 50.5041 50.4906 50.4862 50.5520 50.5929 50.6741 50.6740 50.7134 50.7132 50.7308 50.6671 50.6671 50.5904 50.5904 50.5600 50.5468 50.4939 50.4345 50.4474 50.3578 50.3116 50.2191 50.2453 50.1826 50.2352 50.2381 50.1718 50.2933 50.2931 50.3756 50.3192 50.3058 50.2394
50.2860 50.2684 50.2684 50.2743 50.3005 50.2707 50.2861 50.2594 50.2202 50.2332 50.2595 50.7153 50.6888 57.2945 57.2548 56.6844 56.6694 55.6099 50.7117 50.6225 50.2672 50.1949 50.2789 50.4114 50.4008 50.4719 50.5383 50.5601 50.5226 50.5308 50.5533 50.6190 50.5214 50.3909 50.3981 50.3842 50.3798 50.5444 50.5852 50.6573 50.6572 50.6967 50.7428 50.7472 50.7232 50.7232 50.5772 50.5772 50.4803 50.4934 50.4801 50.4470 50.4536 50.4036 50.3770 50.2752 50.3014 50.2484 50.2483 50.2150 50.1487 50.2438 50.2304 50.2830 50.2530 50.2529 50.1997
50.2562 50.2355 50.2355 50.2976 50.3371 50.2971 50.2706 50.2439 50.2369 50.2367 50.2630 50.3218 50.2953 52.3663 52.2436 52.8105 52.7177 51.9623 50.5335 50.6157 50.2604 50.2185 50.3026 50.3992 50.3974 50.4685 50.5537 50.5755 50.5664 50.5548 50.5331 50.5621 50.5201 50.4034 50.4108 50.3969 50.4401 50.6047 50.5785 50.6641 50.6772 50.7254 50.7451 50.7450 50.7099 50.7099 50.5738 50.5738 50.4769 50.4769 50.4502 50.4632 50.4933 50.4300 50.3803 50.2785 50.3047 50.2517 50.2252 50.2017 50.1385 50.2468 50.2304 50.2929 50.2101 50.2099 50.1831
50.2660 50.1824 50.1824 50.3140 50.3271 50.2739 50.2573 50.2472 50.2665 50.2362 50.2889 50.2916 50.2021 50.2676 50.1881 50.3562 50.2999 50.1513 50.1407 50.2490 50.2620 50.2533 50.2166 50.2898 50.2751 50.2838 50.4043 50.6011 50.6191 50.6381 50.5598 50.6046 50.6104 50.4951 50.5231 50.4868 50.4904 50.6348 50.6316 50.7283 50.7414 50.7808 50.7939 50.5952 50.5644 50.5644 50.4683 50.4683 50.3550 50.3284 50.3149 50.3049 50.3382 50.3146 50.2748 50.2390 50.2287 50.1889 50.1754 50.1882 50.1383 50.2303 50.2006 50.2665 50.1836 50.2329 50.1963
50.3289 50.2753 50.2753 50.3410 50.3540 50.3404 50.3400 50.3328 50.3461 50.3026 50.3189 50.3316 50.2290 50.1068 50.0405 50.0505 50.0368 49.8845 49.8739 50.0452 50.0846 50.1606 50.1503 50.1535 50.1402 50.1829 50.2614 50.4725 50.6073 50.6265 50.5207 50.5715 50.5691 50.5690 50.6513 50.5419 50.5052 50.5255 50.5386 50.7415 50.7413 50.7544 50.7572 50.5585 50.4984 50.4984 50.4947 50.4947 50.3027 50.2761 50.2729 50.2233 50.2464 50.2491 50.2326 50.2491 50.2022 50.1756 50.1784 50.1912 50.1647 50.2436 50.2272 50.2768 50.2488 50.2982 50.3114
50.3057 50.2884 50.2884 50.3275 50.3372 50.3667 50.3529 50.3425 50.3162 50.2761 50.2924 50.2787 50.1728 50.1068 50.0535 50.0637 50.0664 49.9141 50.0063 50.0716 50.1011 50.1472 50.1237 50.1666 50.1633 50.1532 50.1953 50.2479 50.3960 50.6701 50.5642 50.5670 50.5637 50.5601 50.5965 50.5040 50.5199 50.5595 50.5560 50.6256 50.6255 50.5724 50.5619 50.4591 50.4456 50.4456 50.3496 50.3496 50.2930 50.2663 50.2763 50.2232 50.2463 50.2491 50.2193 50.2622 50.2253 50.1987 50.1750 50.2176 50.1645 50.2534 50.2634 50.2768 50.2489 50.2883 50.3113
50.4372 50.3965 50.3965 50.3401 50.3366 50.3559 50.3289 50.3154 50.3292 50.3024 50.2527 50.2259 50.2256 50.1433 50.1033 50.0109 50.0136 49.9542 50.0463 49.9930 49.9961 50.0847 50.1140 50.1437 50.1668 50.1963 50.2485 50.3011 50.3569 50.5914 50.5516 50.5543 50.5613 50.5570 50.5832 50.5435 50.5727 50.5595 50.5559 50.5590 50.5619 50.5089 50.4954 50.3925 50.4186 50.4186 50.3223 50.3223 50.2926 50.2628 50.2594 50.2063 50.2457 50.2222 50.1791 50.2357 50.2151 50.2149 50.2014 50.2440 50.2437 50.3458 50.3557 50.3822 50.3783 50.3883 50.3747
50.4866 50.4227 50.4227 50.3398 50.2999 50.3026 50.2758 50.2757 50.2929 50.2893 50.2395 50.2126 50.2156 50.1961 50.1693 50.0901 50.0863 50.0269 49.9668 49.9798 49.9796 50.0053 50.0610 50.1172 50.1862 50.2025 50.2618 50.3145 50.3570 50.3802 50.3404 50.3665 50.3603 50.3296 50.3323 50.3058 50.3054 50.2890 50.3020 50.4168 50.4197 50.4331 50.4428 50.4192 50.4185 50.4185 50.3986 50.3986 50.3425 50.2858 50.2725 50.2458 50.2984 50.3146 50.2480 50.2518 50.2414 50.2281 50.2047 50.2437 50.2567 50.3490 50.3457 50.3820 50.3649 50.3748 50.3580
50.4434 50.3565 50.3565 50.3032 50.2899 50.2895 50.2393 50.2260 50.2131 50.2228 50.2258 50.1959 50.1724 50.1657 50.1357 50.0958 50.0955 50.0658 50.0322 50.0221 50.0219 50.0874 50.1430 50.1600 50.2655 50.2818 50.2751 50.3277 50.2979 50.3077 50.3306 50.3435 50.3007 50.2906 50.3197 50.3164 50.2828 50.2564 50.2694 50.3446 50.3445 50.3544 50.4170 50.4199 50.4127 50.4127 50.4052 50.4052 50.4050 50.3782 50.3517 50.2854 50.3116 50.2781 50.2808 50.2577 50.2178 50.2440 50.2436 50.2960 50.2957 50.3977 50.4013 50.4245 50.4137 50.4236 50.3574
50.4466 50.3667 50.3667 50.3296 50.3164 50.3160 50.2526 50.2094 50.1730 50.1861 50.2022 50.1826 50.1459 50.1261 50.1126 50.0727 50.0591 50.0427 50.0321 50.0219 50.0746 50.1004 50.1660 50.1830 50.3281 50.3312 50.3147 50.3409 50.3110 50.3605 50.3834 50.4259 50.3862 50.3463 50.2930 50.2766 50.2430 50.2167 50.2297 50.2986 50.2985 50.2953 50.3511 50.3539 50.3337 50.3337 50.3656 50.3656 50.3685 50.3784 50.3354 50.2852 50.2983 50.2647 50.2940 50.2708 50.2307 50.2569 50.2565 50.2960 50.2957 50.3977 50.4012 50.4145 50.4140 50.4372 50.3739
50.4764 50.4259 50.4259 50.3461 50.3691 50.3688 50.2660 50.2228 50.1170 50.1270 50.1859 50.1824 50.1425 50.0996 50.0861 50.0728 50.0494 50.0887 50.0780 50.0219 50.0745 50.0873 50.1530 50.1963 50.2850 50.3277 50.3744 50.4271 50.4300 50.4133 50.3966 50.4259 50.4389 50.4023 50.3126 50.2830 50.2958 50.2563 50.2693 50.2985 50.2983 50.3081 50.3608 50.3737 50.3865 50.3865 50.4184 50.4184 50.4116 50.4214 50.3813 50.3312 50.3311 50.2413 50.2542 50.2707 50.2538 50.3095 50.3325 50.3688 50.3554 50.4606 50.4540 50.4539 50.4569 50.4801 50.4329
50.5155 50.4783 50.4783 50.3949 50.4180 50.3518 50.2491 50.2092 50.1428 50.1395 50.1858 50.1857 50.1326 50.1160 50.0861 50.1255 50.1021 50.1810 50.1571 50.1009 50.2031 50.2027 50.2319 50.2351 50.3239 50.3899 50.4497 50.5088 50.5514 50.5347 50.4915 50.5308 50.5174 50.5338 50.4440 50.4143 50.4272 50.3711 50.3841 50.2984 50.2983 50.3212 50.3211 50.3340 50.3897 50.3897 50.4486 50.4486 50.4384 50.4219 50.3950 50.3844 50.4075 50.2913 50.3041 50.3206 50.2674 50.3100 50.3331 50.3429 50.3427 50.4776 50.4704 50.4671 50.3778 50.4274 50.4197
