regresion/JUNIO_2003/SeaWiFS/Composicion (Lt_555).txt
ncols         167
nrows         127
xllcorner     -112.009
yllcorner     26.717
cellsize      0.00893
[rows 58 to 86 of 127, columns 0 to 66 of 167]
31.5016 31.4995 31.6521 31.5741 31.6183 31.7077 31.7827 31.7055 31.7178 31.6324 31.6797 31.7043 31.6417 31.6896 31.6768 31.6791 31.7143 31.6515 31.6310 31.5686 31.5936 31.6060 31.5560 31.5931 31.5681 31.5181 31.5181 31.5509 31.5528 31.5755 31.5380 31.4505 31.3631 31.3130 31.2407 31.1674 31.1320 31.0800 31.0821 31.0299 31.0798 30.8645 30.8001 30.6876 30.5982 30.4353 30.4121 30.3370 30.3370 30.3120 30.2289 30.1705 30.1705 30.1933 30.1416 30.0791 30.0415 29.9887 30.0493 30.0619 30.0327 30.0577 30.1111 30.1485 30.1236 30.1254 30.2673
31.3982 31.3997 31.6093 31.6018 31.5813 31.6208 31.6457 31.6957 31.6571 31.5571 31.5193 31.7344 31.6822 31.7051 31.6672 31.6796 31.7148 31.6271 31.5868 31.5620 31.5783 31.6033 31.6282 31.5553 31.5553 31.5282 31.5407 31.5202 31.5432 31.5159 31.4409 31.4136 31.3635 31.3280 31.2752 31.2357 31.1754 31.1149 30.9772 30.9272 31.0396 30.8895 30.7815 30.7065 30.6043 30.5273 30.3897 30.3522 30.3522 30.1398 30.0976 30.0997 30.1247 30.2514 30.2265 30.1386 30.0886 29.9887 30.0181 30.0430 30.0158 30.0678 30.0532 30.1015 30.0890 30.1139 30.2218
31.7798 31.7849 31.6093 31.6422 31.5757 31.7151 31.6754 31.7879 31.8471 31.7721 31.5946 31.6627 31.7108 31.7753 31.7374 31.7498 31.7248 31.6495 31.6892 31.6812 31.6831 31.6706 31.6705 31.6703 31.6827 31.6202 31.5805 31.5880 31.5363 31.5236 31.5486 31.5735 31.5235 31.4006 31.4130 31.3403 31.2550 31.2320 31.0568 31.0193 31.0942 30.9441 30.8125 30.7125 30.7123 30.5354 30.4229 30.2602 30.2478 30.1349 30.1125 30.2039 30.2164 30.2556 30.1807 30.1077 30.1326 30.0560 30.0243 30.0366 30.0116 30.0741 30.0825 30.0825 30.0575 30.0841 30.2135
31.8000 31.7717 31.6239 31.6342 31.6043 31.7438 31.7041 31.8165 31.8702 31.7952 31.6303 31.6521 31.7003 31.7648 31.7520 31.7644 31.7015 31.6515 31.6912 31.6832 31.6937 31.6811 31.6810 31.6683 31.6808 31.6182 31.5659 31.5735 31.5383 31.5256 31.5505 31.5755 31.5254 31.4026 31.4150 31.3548 31.2696 31.2175 31.0548 31.0173 31.0923 30.9547 30.8231 30.7231 30.7103 30.5374 30.4249 30.2622 30.2497 30.1369 30.1019 30.1933 30.2057 30.2537 30.1787 30.1057 30.1307 30.0540 30.0223 30.0221 29.9971 30.0595 30.0844 30.0844 30.0593 30.0861 30.2155
31.9814 31.9782 31.9531 31.6180 31.6868 31.7994 31.8118 31.8551 31.8801 31.7801 31.7070 31.6555 31.5949 31.7072 31.7569 31.7423 31.7419 31.7295 31.7021 31.6868 31.6406 31.6387 31.6780 31.6280 31.6154 31.5905 31.6425 31.6056 31.5680 31.5659 31.5159 31.5283 31.5157 31.4782 31.4260 31.3587 31.3129 31.2524 31.0896 31.0897 31.1147 31.1145 30.9297 30.7797 30.7417 30.5648 30.4023 30.2646 30.2271 30.1166 30.0897 30.2246 30.2369 30.2389 30.1639 30.0265 30.0387 30.0013 30.0657 30.0282 30.0032 30.0032 30.0887 30.1012 30.1030 30.0906 30.1245
31.9782 31.9854 31.9353 31.8517 31.7066 31.8979 31.9117 32.0478 32.1103 32.0478 32.0200 31.8553 31.7379 31.7626 31.8500 31.8625 31.8765 31.8265 31.7662 31.6712 31.6834 31.6832 31.6705 31.6934 31.7309 31.6684 31.6182 31.6262 31.5466 31.5611 31.5485 31.5360 31.5004 31.4775 31.3648 31.2090 31.1841 31.1841 31.1173 31.1673 31.1421 30.9921 30.7774 30.8254 30.7333 30.5354 30.4122 30.3122 30.2747 30.1248 29.9996 30.1953 30.2057 30.1681 30.1161 29.9662 29.9786 29.9535 29.9638 29.9825 29.9721 29.9471 30.0220 30.0489 30.0489 30.0489 30.0861
31.8991 31.8752 31.8625 31.7199 31.7326 31.9327 31.8840 32.0667 32.0917 31.9917 31.9652 31.8631 31.8306 31.8674 31.9298 31.9673 31.9690 31.8815 31.8086 31.7333 31.7435 31.7158 31.6657 31.6886 31.7136 31.6261 31.6883 31.6236 31.6033 31.6034 31.5283 31.5283 31.5553 31.5074 31.4321 31.3918 31.2901 31.2004 31.1750 31.1875 31.1250 30.9624 30.7479 30.5729 30.5898 30.4687 30.3041 30.1666 30.1291 30.0791 30.0664 30.1434 30.1617 30.1600 30.0868 29.9870 30.0244 29.9619 29.9721 29.9641 29.9535 29.9927 30.0052 30.0032 30.0406 30.0406 30.0529
31.9700 31.9667 31.8562 31.7642 31.6701 31.8352 31.8313 32.0486 32.0735 32.0876 32.0626 32.0228 31.9618 31.9045 31.9670 32.0419 31.9915 31.9665 31.9560 31.8161 31.7888 31.7539 31.7537 31.7287 31.7037 31.6911 31.7555 31.7408 31.7255 31.6653 31.6527 31.6776 31.6631 31.6027 31.4900 31.5024 31.4321 31.3171 31.2277 31.2547 31.2795 31.0796 30.7150 30.5148 30.5121 30.4371 30.3264 30.2264 30.2244 30.0639 30.0514 30.1138 30.1182 30.1040 30.0289 29.9540 30.0039 29.9539 30.0142 30.0346 29.9471 29.9218 29.9967 29.9736 30.0132 30.0132 30.0380
31.9056 31.8754 32.0300 31.9740 31.9614 32.0004 31.8925 32.0858 32.1608 32.2248 32.1997 32.0851 32.0850 31.9820 31.9048 32.0172 31.9917 31.9667 32.0313 31.9809 31.9829 31.9282 31.7659 31.8033 31.7658 31.7657 31.7533 31.7635 31.7891 31.7179 31.6906 31.6655 31.6905 31.6301 31.5548 31.5194 31.4792 31.4789 31.3273 31.2647 31.3145 31.1145 30.7853 30.6225 30.5976 30.4896 30.3021 30.2022 30.2167 30.1187 30.0812 30.1186 30.0640 29.9890 29.9386 29.9136 29.9760 29.9865 30.0343 30.0762 29.9887 29.9513 29.9640 29.9659 29.9555 29.9305 29.9678
32.1656 32.0609 32.1535 32.1734 32.2361 32.2439 32.2412 32.1444 32.1944 32.2441 32.2940 32.2815 32.2689 32.1280 32.1280 32.0948 32.0818 32.0193 32.0339 31.9835 31.9834 31.9075 31.8034 31.8385 31.8011 31.8112 31.7988 31.8486 31.8762 31.7782 31.7407 31.6927 31.7177 31.7074 31.7071 31.6322 31.6398 31.6520 31.5146 31.3750 31.3225 31.0601 30.7977 30.6726 30.6247 30.4918 30.3397 30.1666 30.1917 30.1560 30.0685 30.0539 30.0368 30.0493 30.0011 29.9868 30.0595 30.0596 29.9865 30.0285 30.0285 30.0160 29.9161 29.9032 29.9553 29.9283 29.9781
32.1325 32.0988 32.1318 32.1222 32.1441 32.2095 32.0881 32.1957 32.2111 32.2303 32.2533 32.3407 32.3406 32.1402 32.1296 32.1168 32.1395 32.0645 32.0291 32.0287 32.0161 31.9684 31.8788 31.8538 31.8413 31.8286 31.7911 31.8035 31.8534 31.7758 31.7382 31.7399 31.7525 31.7399 31.6772 31.6273 31.6529 31.6026 31.4671 31.3151 31.2627 31.1648 30.8648 30.7272 30.6793 30.4997 30.3370 30.2264 30.2515 30.1892 30.1517 30.0746 30.0539 30.0539 30.0413 29.9913 30.0747 30.0262 29.9783 29.9782 29.9908 29.9988 29.8989 29.8862 29.9528 29.9491 29.9864
31.8233 32.2909 32.2711 32.2316 32.2575 32.2260 32.2172 32.2598 32.2752 32.3293 32.3496 32.5409 32.5021 32.4366 32.4156 32.3397 32.2900 32.2026 32.1297 32.0793 32.0292 31.9887 31.9386 31.8885 31.8760 31.8407 31.8031 31.8528 31.8653 31.8555 31.8073 31.7905 31.7906 31.8029 31.7654 31.7028 31.6903 31.6526 31.5751 31.3517 31.2371 31.1517 30.8768 30.7265 30.7265 30.5434 30.4059 30.2645 30.2771 30.1773 30.1272 30.0396 30.0389 30.0621 30.0244 29.9744 30.0741 30.0257 30.0007 29.9882 30.0112 30.0031 29.9407 29.9281 29.9158 29.9141 29.9515
31.6054 32.3693 32.2737 32.1116 32.2817 32.2334 32.2280 32.2778 32.2735 32.3815 32.4810 32.6936 32.6746 32.5480 32.5125 32.3619 32.3244 32.3164 32.1835 32.0569 31.9836 31.9557 31.9437 31.8704 31.9078 31.8433 31.8014 31.8762 31.9262 31.8984 31.8964 31.8607 31.8606 31.8898 31.8045 31.7419 31.7044 31.6291 31.5962 31.4190 31.3294 31.1648 30.8504 30.6752 30.6377 30.4474 30.3705 30.2995 30.3121 30.2016 30.1408 30.1033 30.0533 30.0953 30.0326 29.9680 30.0263 30.0246 29.9996 29.9869 29.9995 29.9488 29.9346 29.9345 29.9387 29.9152 29.9151
31.5562 32.2577 32.2205 32.0977 32.1839 32.2815 32.4375 32.4318 32.4680 32.6046 32.5757 32.6837 32.5607 32.5356 32.5232 32.4188 32.3464 32.2595 32.1720 32.1820 32.1088 32.0570 32.0181 31.8952 31.9327 31.9304 31.9033 31.8882 31.9132 31.8382 31.8677 31.8198 31.8053 31.8196 31.7945 31.7173 31.7173 31.5797 31.5519 31.4623 31.4121 31.2976 31.0602 30.8244 30.7495 30.5368 30.4539 30.3560 30.3686 30.2559 30.1809 30.1915 30.1291 30.0994 30.0370 29.9599 29.9845 29.9595 29.9986 29.9736 29.9612 29.9507 29.9074 29.9322 29.9428 29.9177 29.9035
32.1053 32.1595 32.0877 32.2734 32.3068 32.4178 32.4836 32.5508 32.4641 32.5619 32.6144 32.6035 32.7119 32.6298 32.5673 32.4984 32.3798 32.3008 32.2383 32.2163 32.1424 32.1156 32.0012 31.8725 31.9099 31.9102 31.8851 31.9052 31.8948 31.7801 31.7898 31.7419 31.7880 31.7503 31.7502 31.7252 31.6877 31.6375 31.6277 31.5420 31.5168 31.4292 31.1938 30.8916 30.8417 30.6665 30.5369 30.3622 30.3497 30.2351 30.2225 30.2117 30.1493 30.0894 30.0269 29.9662 29.9908 29.9677 29.9802 29.9785 29.9535 29.9410 29.9012 29.9136 29.9347 29.8845 29.8969
32.3168 32.4720 32.3573 32.2739 32.3073 32.4254 32.5084 32.5306 32.4338 32.5520 32.6196 32.6114 32.7385 32.6505 32.6005 32.5390 32.4386 32.3243 32.2618 32.2029 32.2051 32.1668 32.0425 31.8999 31.9374 31.9064 31.8813 31.8870 31.8884 31.7759 31.7857 31.7504 31.8005 31.7502 31.7501 31.6646 31.7041 31.6541 31.6068 31.5460 31.5168 31.4167 31.1917 30.9022 30.8648 30.6625 30.5330 30.3476 30.3476 30.2622 30.2496 30.2283 30.1784 30.1059 30.0434 29.9826 30.0179 29.9783 29.9762 29.9745 29.9495 29.9370 29.8973 29.9222 29.9472 29.8885 29.9009
32.1638 32.3652 32.4401 32.4757 32.4843 32.4486 32.5014 32.5296 32.5024 32.5200 32.5436 32.6401 32.8041 32.8163 32.8192 32.6795 32.4697 32.3963 32.2962 32.2374 32.2748 32.2010 32.1097 31.9467 31.9823 31.8790 31.8664 31.8453 31.8216 31.8232 31.7782 31.6933 31.7807 31.7430 31.6804 31.6052 31.7072 31.6822 31.6175 31.6876 31.6245 31.4369 31.2744 31.1369 31.0870 30.7742 30.6394 30.3809 30.3809 30.3540 30.2414 30.1933 30.1809 30.0665 30.0290 29.9120 29.9846 29.9740 29.9595 29.9719 29.9595 29.9487 29.8553 29.8552 29.8553 29.8176 29.8301
32.7174 32.6286 32.5279 32.5063 32.4550 32.4743 32.5335 32.7158 32.7930 32.6948 32.6372 32.6971 32.7531 32.7778 32.8595 32.7496 32.5642 32.3717 32.2717 32.2345 32.1400 32.1275 32.1173 31.9249 31.9642 31.8481 31.8034 31.7908 31.7783 31.7239 31.7716 31.6617 31.6904 31.6527 31.6277 31.6025 31.7024 31.6524 31.5545 31.4568 31.3897 31.2645 31.1644 30.9644 30.9644 30.8164 30.7021 30.3871 30.3871 30.2891 30.2265 30.1890 30.1766 30.0889 30.0761 29.9432 30.0157 30.0012 30.0137 29.9761 29.9781 29.9657 29.9018 29.8491 29.8242 29.8134 29.8259
32.6723 32.6831 32.5791 32.5742 32.5844 32.5969 32.4997 32.9652 32.8750 32.7754 32.8320 32.8897 32.9417 32.8241 32.8006 32.7880 32.6988 32.4895 32.4019 32.3714 32.0762 32.1137 32.1115 31.9983 31.8965 31.8803 31.8772 31.7772 31.7272 31.7881 31.7506 31.6796 31.6467 31.6051 31.5925 31.5173 31.6797 31.6172 31.4648 31.3994 31.3621 31.2245 31.1495 30.9245 30.8869 30.6870 30.5870 30.5332 30.5312 30.3043 30.2167 30.1917 30.1792 30.0765 30.0266 29.9849 29.9721 29.9241 29.9490 29.9614 29.9989 29.9864 29.9491 29.9302 29.8925 29.8906 29.8781
32.7650 32.5835 32.5205 32.5405 32.5989 32.6988 32.6267 33.0563 33.0047 32.9753 33.0118 33.0287 33.0307 32.8881 32.8835 32.8959 32.6464 32.6286 32.4786 32.4981 32.1834 32.1959 32.2936 32.0744 31.9916 31.9635 31.9423 31.8048 31.7673 31.8361 31.7861 31.7151 31.6669 31.6025 31.5649 31.4772 31.5772 31.5146 31.4371 31.3120 31.2916 31.2146 31.1021 30.8772 30.8146 30.6396 30.5646 30.4536 30.4516 30.2998 30.2015 30.1766 30.1641 30.0864 30.0364 29.9743 29.9660 29.9410 29.9890 29.9515 29.9890 30.0014 30.0016 29.9239 29.8612 29.8612 29.8756
32.9965 32.8306 32.9422 33.0296 33.0606 32.9107 32.8584 33.0845 32.9902 33.2538 33.2866 33.2008 33.1186 32.9522 32.9476 32.9939 32.6854 32.6651 32.5151 32.5026 32.3012 32.3136 32.3017 32.0747 31.9919 32.0784 31.9813 31.8438 31.8429 31.7635 31.7384 31.7884 31.7528 31.6382 31.6007 31.5276 31.5151 31.4401 31.4499 31.3250 31.3295 31.3045 31.1171 30.9795 30.8791 30.7041 30.5791 30.4512 30.4512 30.3122 30.2014 30.1765 30.1640 30.0867 30.0618 29.9868 29.9910 29.9657 30.0261 29.9886 29.9913 29.9912 30.0287 29.9617 29.8386 29.8369 29.8388
34.0568 33.4438 33.0923 33.1397 33.1912 33.0653 33.1052 33.3260 33.3693 33.4907 33.3293 33.2793 33.1495 33.0643 33.0388 33.0389 32.8928 32.6727 32.6499 32.6249 32.4666 32.4291 32.2426 32.0445 31.9667 32.0239 31.8870 31.7871 31.7311 31.6958 31.6958 31.6978 31.7178 31.6553 31.6322 31.5447 31.5197 31.5197 31.4651 31.4026 31.3122 31.1624 31.0229 30.8979 30.8392 30.6517 30.5765 30.4515 30.4641 30.3062 30.2183 30.1433 30.1536 30.0515 30.0390 30.0015 29.9843 29.9718 29.9614 29.9614 29.9640 29.9515 30.0014 29.9791 29.8557 29.8787 29.8658
38.9518 36.8516 33.6471 33.6077 33.4246 33.5725 33.6980 33.5974 33.6310 33.6178 33.5886 33.4160 33.1986 33.1856 33.1856 33.0983 32.9238 32.8835 32.8315 32.7043 32.6162 32.6287 32.3596 32.1365 32.0518 31.9520 31.8192 31.8338 31.7406 31.6552 31.6177 31.6447 31.5945 31.6293 31.5417 31.5770 31.5146 31.4646 31.4104 31.3479 31.2754 31.0628 30.9879 30.8523 30.7440 30.7065 30.6313 30.5063 30.5189 30.3393 30.2536 30.1519 30.1623 30.0601 30.0476 30.0226 29.9770 29.9770 29.9394 29.9411 29.9427 29.9552 29.9552 29.9427 29.9007 29.9237 29.8628
52.4636 43.1222 40.6189 33.3445 33.5773 33.6927 33.7430 33.7223 33.7098 33.7561 33.6874 33.4400 33.2867 33.1777 33.1776 33.0346 32.8862 32.8487 32.7132 32.5543 32.5668 32.5293 32.2390 32.1765 32.0988 32.0133 31.8504 31.8276 31.7774 31.6421 31.5796 31.6046 31.5773 31.6175 31.5172 31.5150 31.5151 31.4651 31.4026 31.3151 31.2773 31.1353 30.9978 30.8642 30.7664 30.7414 30.6287 30.5141 30.5017 30.3561 30.2436 30.2025 30.1398 30.0251 30.0271 30.0146 29.9994 29.9851 29.9350 29.9385 29.9777 29.9632 29.9881 29.9381 29.9051 29.9175 29.8923
79.7892 69.2522 59.2535 47.6224 38.1173 35.3386 35.4280 35.4100 35.4567 33.5268 33.5616 33.3869 33.1590 33.1377 33.1876 33.1576 33.0055 33.0211 32.7567 32.5133 32.4815 32.4190 32.1408 32.0783 32.0283 31.9903 31.9639 31.7658 31.6656 31.5905 31.5905 31.6153 31.6404 31.5147 31.4895 31.4271 31.5497 31.5016 31.3890 31.3390 31.2388 31.1434 30.9913 30.8767 30.8290 30.7270 30.6271 30.4647 30.4667 30.4013 30.2620 30.1247 30.0871 30.0637 30.0636 30.0492 30.0117 29.9787 29.9660 29.9515 29.9161 29.9020 29.9539 29.9163 29.9244 29.9494 29.9118
93.6274 85.3239 75.9199 65.1388 64.7347 57.2500 55.4514 43.0269 43.0500 33.6752 33.4158 33.1945 33.1897 33.3900 33.2890 33.2392 33.0521 33.0554 32.7802 32.5063 32.4926 32.4301 32.1266 31.9766 31.9766 32.0138 31.9629 31.7861 31.7358 31.7025 31.6671 31.6167 31.5543 31.5293 31.4818 31.4568 31.5399 31.4897 31.4126 31.3001 31.1874 31.0954 30.9849 30.8992 30.8765 30.7515 30.6033 30.4659 30.4659 30.3433 30.2826 30.1770 30.1143 30.0393 30.0250 30.0125 29.9625 29.9724 29.9849 29.9618 29.9138 29.9138 29.9530 29.9530 29.9385 29.9510 29.9177
93.6177 89.6722 84.8697 76.1316 75.7016 68.2169 65.5963 43.9354 42.3533 33.2400 33.3846 33.1931 33.1565 33.4520 33.3049 33.1230 33.0364 33.0155 32.7542 32.4908 32.4395 32.3506 32.0916 31.9438 31.9437 31.9712 31.9383 31.7489 31.6735 31.6527 31.6526 31.6502 31.5878 31.5378 31.5192 31.5317 31.6148 31.5396 31.4895 31.3166 31.1913 31.1243 31.0263 30.9242 30.9016 30.7639 30.6389 30.5246 30.5246 30.3897 30.3040 30.1521 30.1021 30.0521 30.0394 30.0036 29.9536 29.9510 29.9760 29.9491 29.8886 29.8886 29.9261 29.9618 29.9473 29.8972 29.9141
101.0581 96.6751 94.9284 91.4113 90.9661 85.2856 79.1737 50.4522 48.8701 43.2168 32.4033 32.8925 32.9344 33.5110 33.3639 33.1077 32.9614 32.8440 32.6736 32.4913 32.2118 32.1229 32.0854 31.9926 31.9551 31.8827 31.8779 31.7451 31.6447 31.7125 31.6999 31.6778 31.6903 31.6028 31.4769 31.4501 31.5373 31.4621 31.4620 31.3015 31.2138 31.1290 31.0183 30.9163 30.9311 30.7789 30.6414 30.5021 30.5021 30.3395 30.2725 30.1116 30.0992 30.1116 30.0990 30.0756 30.0631 30.0408 29.9698 29.9554 29.9531 29.9531 29.9157 29.9389 29.9139 29.8658 29.8613
107.6037 108.0411 104.1000 99.2973 100.1782 90.1385 81.8419 56.0993 52.5629 33.6927 33.8562 33.2499 33.2987 33.4760 33.3987 33.0354 32.9296 32.9329 32.6968 32.5850 32.2775 32.1743 32.1006 32.0195 32.0180 31.9187 31.9191 31.7528 31.7134 31.7545 31.7419 31.6569 31.6434 31.6046 31.4949 31.4568 31.4796 31.3669 31.3667 31.2290 31.2040 31.1250 31.0205 30.8954 30.9120 30.7995 30.6745 30.5033 30.4909 30.3408 30.2685 30.1054 30.0659 30.1158 30.0887 30.0870 30.0995 30.0619 29.9346 29.8845 29.8989 29.9134 29.8760 29.8650 29.8525 29.8524 29.8819
