regresion/JUNIO_2003/SeaWiFS/Composicion (Lt_490).txt
ncols         167
nrows         127
xllcorner     -112.009
yllcorner     26.717
cellsize      0.00893
[rows 29 to 57 of 127, columns 67 to 133 of 167]
53.9091 53.9439 53.8826 53.9393 53.9088 53.8427 53.8656 53.8473 53.7945 53.7636 53.7851 53.7631 53.9389 53.9597 54.0126 54.0123 54.2936 54.3417 54.5837 54.2720 54.2859 54.2857 54.4614 54.3734 54.3955 54.3955 54.3949 54.2014 54.0345 54.2047 54.5209 55.1884 54.3975 54.4505 54.4463 54.1520 54.1966 54.2318 54.2137 54.2841 54.4819 54.5475 55.0441 55.1627 55.3210 55.3875 55.5632 55.6809 55.8742 55.8567 55.9398 55.9884 56.0990 55.9739 56.0501 56.0989 56.2525 56.3205 56.3559 56.4842 56.4791 56.4617 56.6180 56.6356 56.6069 56.6596 56.7168
53.9057 53.9581 53.9144 54.0063 53.9886 54.0062 53.9439 53.8681 53.8681 53.8372 53.8587 53.7840 53.8718 53.9916 54.0269 54.0537 54.3526 54.2939 54.5484 54.2881 54.2879 54.2877 54.4118 54.3591 54.4163 54.3987 54.3324 54.1789 54.1570 54.1839 54.1487 54.3244 54.4823 54.4953 55.1414 54.6446 54.2752 54.3051 54.3752 54.4455 54.6257 54.6786 55.1270 55.2901 55.4483 55.4844 55.5852 55.7610 55.9895 55.9671 56.0503 56.0956 56.1432 56.0356 56.1109 56.1153 56.2600 56.3105 56.3504 56.5025 56.4548 56.4548 56.6805 56.6629 56.6143 56.5453 56.5935
53.9976 53.9748 53.9746 53.9078 53.8685 53.9030 53.8949 53.9126 53.9125 53.8863 53.8687 53.9351 53.9702 53.9122 54.0879 54.0129 54.1840 54.1485 54.2005 54.2611 54.3411 54.3367 54.2961 54.3487 54.2878 54.2839 54.1920 54.1880 54.1887 54.1949 54.2047 54.1123 54.2177 54.2353 54.9025 55.8729 54.8977 54.4287 54.4774 54.4950 54.5872 54.6226 55.0578 55.2336 55.4796 55.5881 55.6410 55.7113 55.8868 55.9040 56.0844 56.0698 56.1446 56.1094 56.1177 56.1751 56.2516 56.2516 56.2463 56.3691 56.3816 56.3816 56.6245 56.6245 56.8878 56.7652 56.7452
53.9007 53.9487 53.8958 53.9130 53.7902 53.8602 53.9385 53.9386 53.9386 53.9477 53.9301 53.9826 54.0041 53.9823 54.0268 53.9344 54.0351 54.0524 54.0172 54.0386 54.1744 54.1610 54.3506 54.3854 54.3008 54.3008 54.2288 54.2111 54.0755 54.1421 54.1976 54.1717 54.0887 54.1063 54.1764 55.3518 56.3012 54.5514 54.4502 54.5381 54.5072 54.5602 54.7884 55.1619 55.3729 55.4252 55.6332 55.6330 55.8440 55.8436 56.0018 56.0530 56.1012 56.1134 56.1449 56.1671 56.2406 56.2407 56.2835 56.4757 56.5204 56.5204 56.6644 56.6919 56.8770 56.8246 56.8379
53.7554 53.7731 53.7905 53.9354 54.1598 54.2298 54.0308 54.1013 54.0307 54.0177 54.0482 53.9424 54.0302 53.9466 53.9167 53.7891 53.8419 53.9696 54.0222 53.9735 54.1130 54.1087 54.2270 54.2971 54.2124 54.2079 54.2237 54.1534 54.0491 54.1064 54.1803 54.1718 54.0584 54.0760 54.1462 55.3041 56.2530 54.5032 54.5381 54.6210 54.6960 54.6785 54.9946 55.2057 55.4297 55.4915 55.6019 55.6547 55.8831 55.9359 55.9885 55.9534 56.0548 56.0847 56.1761 56.2873 56.3473 56.3473 56.3613 56.5076 56.5858 56.5858 56.7533 56.7486 56.9229 56.9006 56.9131
53.8158 53.7808 53.7099 53.9032 54.2240 54.2590 53.9996 54.1105 54.0576 54.0797 54.0445 53.9434 54.0313 53.9566 53.9251 53.8327 53.8854 53.9557 54.0962 53.9380 54.0450 54.0317 54.0797 54.3109 54.2048 54.1673 54.1894 54.1543 54.0499 54.1216 54.1844 54.1409 54.2353 54.2660 54.4766 54.7576 54.8456 55.0936 54.5714 54.6415 54.7126 54.6230 54.9200 55.2162 55.4050 55.3770 55.5527 55.5524 55.7762 55.8955 55.9834 55.9483 56.0139 56.0711 56.1693 56.2172 56.2520 56.2872 56.3271 56.4678 56.5231 56.5701 56.7385 56.7905 56.7623 56.7623 56.8014
53.7240 53.7593 53.7414 53.9524 54.1987 54.1590 53.8776 54.0263 53.9733 54.0130 53.9250 53.9423 53.9071 53.9290 53.9291 53.8986 53.8456 53.9159 54.0390 53.9511 53.9730 53.9730 54.0480 54.1958 54.1353 54.1494 54.2310 54.1784 54.0380 54.0376 54.1582 54.1219 54.1621 54.1973 54.1957 54.2003 54.5696 55.4662 55.4627 55.6207 54.7318 54.6362 54.7996 55.1126 55.4290 55.4664 55.5826 55.5999 55.7752 55.7720 55.8247 55.8813 55.9589 55.9528 56.0091 56.0986 56.2159 56.2686 56.4664 56.4840 56.5359 56.5539 56.7293 56.7792 56.8457 56.8457 56.8637
53.6579 53.7283 53.7808 53.8510 53.8863 53.8994 53.6402 53.8119 53.8331 53.8331 53.7626 53.7800 53.7975 53.7140 53.7625 53.7878 53.8672 53.9375 53.8847 53.9375 54.0298 54.0298 54.1001 54.0921 54.0609 54.0784 54.1663 54.1312 54.0605 54.0425 54.1261 54.0769 54.1281 54.1633 54.1283 54.0568 54.2045 54.5473 55.4977 55.6598 55.9411 54.5354 54.8193 55.0982 55.3268 55.3296 55.5890 55.5837 55.7496 55.7426 55.7425 55.8087 55.8741 55.8398 55.9484 56.0251 56.1073 56.1776 56.3930 56.4235 56.5014 56.5194 56.6845 56.7822 56.8135 56.8310 56.9545
53.6847 53.6894 53.8122 53.7419 53.7242 53.7108 53.5571 53.5570 53.6842 53.6620 53.6090 53.6794 53.7848 53.6969 53.6570 53.6577 53.7574 53.8453 53.8453 53.8449 53.8977 53.8977 54.0997 54.1442 54.0471 54.0116 54.0996 54.0644 54.0641 54.0467 54.0690 54.1923 54.1435 54.1434 54.0731 54.1081 54.1786 54.2535 55.6665 55.7367 55.0126 54.3592 54.6580 55.0073 55.2707 55.3749 55.5441 55.4925 55.7259 55.7272 55.7095 55.6154 55.7208 55.7133 55.9541 55.9717 56.2105 56.2808 56.2788 56.3268 56.5021 56.5235 56.6466 56.7732 56.8124 56.8087 56.9845
53.6761 53.6761 53.7287 53.6231 53.6358 53.6315 53.5481 53.5480 53.6752 53.6225 53.5388 53.5741 53.6794 53.6398 53.6263 53.6315 53.7096 53.7578 53.7577 53.7750 53.8278 53.8278 54.0035 54.0871 54.0251 53.9937 54.0817 54.0287 54.0593 54.0595 54.0771 54.2135 54.2137 54.1959 54.1255 54.0902 54.1253 54.1826 55.6005 55.7021 55.0307 54.3950 54.7114 55.0736 55.3324 55.3837 55.5703 55.5452 55.7434 55.7446 55.6916 55.6481 55.7292 55.7393 55.9672 55.9672 56.1856 56.2865 56.3040 56.4430 56.5771 56.5751 56.6373 56.7373 56.8569 56.8563 57.0145
53.6625 53.6800 53.6446 53.5177 53.5302 53.5170 53.5566 53.5566 53.5658 53.4955 53.4509 53.4861 53.5037 53.5164 53.5827 53.6002 53.6131 53.6737 53.6873 53.7398 53.7926 53.7747 53.9063 54.0163 54.0039 54.0428 53.9942 53.9234 54.0419 53.9890 53.9890 54.1158 54.2351 54.2173 54.1077 54.1252 54.1428 54.2176 54.3053 54.3539 55.5367 54.9564 55.1894 55.3827 55.5363 55.5011 55.6502 55.5261 55.7863 55.7487 55.7088 55.7252 55.6807 55.6854 55.9304 55.9350 56.0820 56.1335 56.2613 56.5058 56.6005 56.5985 56.5858 56.5835 56.6622 56.6680 56.8564
53.5704 53.6325 53.5794 53.5129 53.5394 53.5570 53.4867 53.4820 53.4726 53.4199 53.4019 53.5035 53.4859 53.4942 53.4942 53.4808 53.5024 53.5428 53.6307 53.6214 53.8194 53.8016 53.8543 53.9206 53.9462 53.9810 54.0615 53.9645 53.8623 53.8974 53.9137 54.0999 54.2098 54.1958 54.3364 54.2923 54.2571 54.2747 54.4151 54.5161 54.8581 55.1173 55.1350 55.3771 55.5130 55.3901 55.5133 55.6504 55.7077 55.7077 55.7428 55.8578 55.8755 55.9458 56.0620 56.1275 56.1636 56.1659 56.3240 56.5194 56.5370 56.5436 56.5871 56.5774 56.5143 56.4710 56.6213
53.5489 53.5041 53.5567 53.5390 53.4513 53.5040 53.4864 53.4684 53.4902 53.4602 53.4071 53.4598 53.5340 53.4766 53.4812 53.5118 53.5955 53.5728 53.6958 53.7837 53.9247 53.8892 53.8847 53.8537 53.9158 53.9687 54.0390 53.9685 53.8976 53.8670 53.8669 54.0383 54.2362 54.2538 54.3141 54.4223 54.2865 54.3138 54.2673 54.3903 54.6877 54.8460 55.3070 55.4476 55.9393 55.7636 55.4299 55.3199 55.5218 55.6453 55.7156 55.8392 55.9812 56.0339 56.1439 56.1493 56.2560 56.2958 56.3133 56.4757 56.4629 56.4629 56.4688 56.4643 56.5466 56.5059 56.5634
53.5923 53.5310 53.5661 53.5660 53.4783 53.4783 53.4958 53.5306 53.5657 53.5034 53.4504 53.4503 53.5070 53.4847 53.4542 53.4672 53.5552 53.5822 53.6877 53.7580 53.9166 53.8811 53.8414 53.8807 53.7884 53.9241 53.9768 53.9063 53.8705 53.8399 53.8750 53.9848 54.1613 54.1789 54.2668 54.3592 54.2449 54.2976 54.2623 54.4028 54.5252 54.5497 54.5688 55.0861 55.5779 55.8285 57.1242 55.8134 55.5138 55.6372 55.7075 55.8664 56.0083 56.0435 56.1621 56.2101 56.2992 56.2335 56.2686 56.3607 56.4182 56.4182 56.4416 56.4989 56.5386 56.5331 56.5730
53.5316 53.5138 53.5219 53.5173 53.3807 53.3807 53.4021 53.4502 53.4501 53.3584 53.3585 53.3936 53.3408 53.3361 53.3498 53.3890 53.4900 53.5509 53.6563 53.7615 53.8011 53.8010 53.6996 53.6997 53.6645 53.7094 53.7093 53.7092 53.6871 53.6516 53.8013 53.7662 53.8536 53.6957 53.6905 54.2923 54.3452 54.3452 54.2834 54.4064 54.5469 54.6752 54.6924 54.7276 54.8636 54.9643 55.6630 55.8870 55.2717 55.3974 55.5028 55.7503 55.9307 56.0663 56.2058 56.2947 56.3168 56.2870 56.3131 56.3106 56.4160 56.4097 56.3415 56.4248 56.5353 56.5426 56.5473
53.5088 53.4734 53.4464 53.4330 53.3672 53.3672 53.3847 53.4024 53.4199 53.3412 53.3237 53.3542 53.3190 53.3319 53.4022 53.4367 53.4896 53.5548 53.6427 53.7835 53.8055 53.8053 53.7703 53.6648 53.5768 53.6346 53.6167 53.6343 53.6298 53.6119 53.7527 53.6865 53.7526 53.6123 53.6245 54.2793 54.3321 54.3322 54.3671 54.5164 54.6125 54.7230 54.8106 54.9336 55.0696 55.1575 55.4784 55.7069 55.2063 55.2264 55.2615 55.4345 55.6808 55.7988 56.0812 56.1928 56.2324 56.2775 56.3299 56.2987 56.4041 56.4203 56.4811 56.5644 56.7163 56.6879 56.6612
53.5175 53.4468 53.4385 53.4252 53.3946 53.3946 53.3769 53.3942 53.3937 53.3665 53.3314 53.2868 53.2692 53.3045 53.3748 53.4272 53.5156 53.5376 53.6700 53.8283 53.7976 53.7974 53.7097 53.6392 53.4849 53.5545 53.5321 53.5322 53.5498 53.5495 53.6552 53.5673 53.7127 53.7698 53.8451 53.8671 53.8668 54.0426 54.0602 54.1434 54.3231 54.3973 54.6912 54.8142 54.9373 54.9546 54.9945 55.1877 55.1401 54.9643 55.1094 55.3953 55.5361 55.5889 55.7764 56.0681 56.2266 56.2400 56.2598 56.3514 56.2454 56.2616 56.3083 56.4134 56.8320 56.8265 56.7841
53.4919 53.4564 53.4469 53.4116 53.3985 53.4156 53.3232 53.3231 53.3312 53.3178 53.3002 53.2655 53.2303 53.3053 53.3756 53.4104 53.4901 53.5252 53.6387 53.7793 53.8142 53.8142 53.6735 53.5856 53.4313 53.4576 53.4802 53.5156 53.5152 53.4800 53.5681 53.5505 53.6298 53.7314 53.8489 53.8134 53.8308 53.9890 54.0769 54.1824 54.2743 54.3630 54.6922 54.7977 54.9207 54.9557 55.2018 55.0080 55.1925 54.8838 55.0028 55.3591 55.4470 55.4470 55.5879 55.8778 56.0585 56.1161 56.1963 56.2139 56.1260 56.1732 56.2861 56.5098 56.8162 56.8463 56.7910
53.3283 53.3589 53.3494 53.3016 53.2884 53.2704 53.2529 53.2398 53.2530 53.3234 53.3370 53.2876 53.3579 53.2173 53.2475 53.3178 53.4451 53.5505 53.6518 53.6694 53.5505 53.5505 53.5551 53.5201 53.4848 53.4586 53.4450 53.4977 53.4447 53.5457 53.6160 53.6684 53.8443 53.9189 54.0378 54.0424 54.0116 53.9940 53.9236 53.9587 54.1127 54.1568 54.3228 54.4059 54.5640 54.5814 54.6165 54.5633 54.4190 54.4062 54.6214 54.9249 54.9952 55.2063 55.3119 55.3998 55.6241 55.8083 56.0619 56.1906 56.1292 56.1292 56.1116 56.1819 56.6092 56.7724 56.9287
53.3064 53.3018 53.2666 53.2707 53.2575 53.2220 53.2571 53.2265 53.2221 53.2925 53.2573 53.2306 53.2481 53.1427 53.1554 53.2433 53.3531 53.4409 53.5420 53.6207 53.5019 53.5019 53.4185 53.4363 53.4187 53.4143 53.5071 53.5638 53.5284 53.5415 53.6470 53.7522 53.8403 53.9149 53.9890 54.0112 54.0155 53.9804 53.8573 53.9099 54.0329 54.1209 54.3191 54.4198 54.5604 54.6833 54.6130 54.5949 54.6528 54.6656 54.5774 54.6648 54.7526 54.9461 55.0692 55.1570 55.3509 55.5617 55.9532 56.0467 56.0556 56.0556 56.0204 56.0380 56.2756 56.5518 56.8966
53.1655 53.1658 53.1527 53.2145 53.2183 53.2180 53.3060 53.2532 53.1691 53.1165 53.1646 53.1597 53.2343 53.1464 53.1639 53.1463 53.2169 53.3092 53.4147 53.5119 53.5861 53.5861 53.3396 53.3703 53.3702 53.3571 53.4309 53.4836 53.4793 53.5147 53.5018 53.6420 53.8005 53.8535 53.9455 53.9859 53.9898 54.1656 54.1082 54.2662 54.3541 54.3187 54.4497 54.7089 54.9725 54.9417 55.0296 54.9589 54.8426 54.8646 54.8777 54.8594 54.9043 55.0099 54.9595 55.0650 55.1607 55.2396 55.4037 55.7886 55.7710 55.7710 55.8998 55.9171 56.0625 56.1576 56.6299
53.1304 53.1174 53.0510 53.1306 53.1476 53.1473 53.2351 53.1824 53.1118 53.1076 53.1077 53.1778 53.2523 53.1646 53.1466 53.1290 53.2345 53.3135 53.4190 53.5821 53.6210 53.6210 53.3922 53.3922 53.3921 53.2909 53.4137 53.4664 53.4621 53.4974 53.4799 53.6201 53.7433 53.8310 53.9097 53.9678 53.9717 54.1474 54.0948 54.2752 54.3631 54.3235 54.4502 54.7095 54.9730 54.9375 55.0256 54.9725 54.8642 54.9124 54.8944 54.8554 54.9216 54.9743 54.9420 55.0475 55.1323 55.2112 55.2308 55.6706 55.6530 55.6327 55.7428 55.7955 55.9408 56.2085 56.6116
53.0554 53.0688 52.9849 53.0810 52.9580 52.9928 53.1165 53.0639 53.0108 53.0107 52.9929 53.0280 53.1115 53.0895 53.1245 53.1772 53.3002 53.3180 53.4586 53.5198 53.4320 53.4320 53.4144 53.4144 53.4098 53.4098 53.4182 53.4663 53.4752 53.5104 53.4929 53.4928 53.6158 53.7609 53.7742 53.8926 53.9936 53.9937 54.0817 54.1341 54.3229 54.3054 54.3794 54.6658 54.7226 54.7753 54.9513 55.0388 54.9426 54.9670 54.9491 54.9924 55.0102 55.0102 55.0418 55.0173 54.9492 55.0591 55.1483 55.2011 55.3072 55.3072 55.2975 55.3567 55.6778 55.8357 56.0065
53.0378 53.0247 52.9761 53.0287 52.8882 52.8794 53.0422 52.9933 53.0107 52.9668 52.9667 53.0370 53.1154 53.1110 53.1460 53.2476 53.3704 53.3264 53.3088 53.4010 53.4106 53.4106 53.4321 53.4496 53.4275 53.3569 53.3879 53.3654 53.4264 53.4088 53.5104 53.4926 53.5277 53.6728 53.6771 53.7613 53.8667 53.9370 53.9588 54.0114 54.0948 54.1123 54.1869 54.4280 54.6737 54.7792 54.8975 54.9502 54.9068 54.9180 54.9529 55.0192 55.0548 55.1427 54.9750 54.9505 54.9000 55.0052 55.0530 55.1258 55.1686 55.1686 55.2071 55.4474 55.6454 55.6986 55.7914
53.0033 53.0167 52.9680 52.9856 52.7918 52.8880 53.0461 53.0148 52.9443 52.8692 52.8690 52.9393 53.1193 53.1421 53.1115 53.2130 53.3360 53.2834 53.2658 53.3889 53.4322 53.4322 53.4842 53.5368 53.5147 53.4265 53.4131 53.4306 53.4400 53.4271 53.4583 53.4756 53.4932 53.6207 53.6341 53.6296 53.8133 53.9012 53.9225 53.9754 54.0412 54.0586 54.2212 54.4992 54.7625 54.7098 54.8281 54.9159 54.9205 54.9304 54.9830 55.0363 55.0835 55.2241 55.0380 55.0183 54.9869 55.0333 55.1325 55.0649 55.1352 55.1483 55.1789 55.3723 55.6521 55.7166 55.6814
52.8574 52.8531 52.8396 52.8526 52.7466 52.8087 52.8967 52.8928 52.8398 52.8924 52.8966 52.9671 53.1209 53.1861 53.2040 53.3134 53.3131 53.2913 53.2913 53.3085 53.4587 53.4587 53.5463 53.4766 53.5072 53.5422 53.5639 53.6165 53.6648 53.6422 53.6902 53.5712 53.5535 53.5756 53.4306 53.5226 53.5981 53.6157 53.6377 53.7745 53.8226 53.8576 54.2312 54.4201 54.7360 54.7662 54.8139 54.8711 55.0165 55.0341 55.1043 55.1397 55.2693 55.2869 55.2368 55.0958 55.0958 55.2125 55.2291 55.2057 55.1354 55.1525 55.3458 55.5264 55.5970 55.7186 55.7231
52.8543 52.8543 52.7924 52.8230 52.6995 52.7564 52.8569 52.8744 52.7724 52.8559 52.8736 53.0144 53.0979 53.1203 53.1734 53.1733 53.2395 53.2221 53.3275 53.2786 53.4714 53.4536 53.5414 53.4581 53.4751 53.5101 53.5100 53.6287 53.7123 53.7171 53.6597 53.3432 53.3040 53.3437 53.2558 53.3697 53.4577 53.4526 53.5273 53.8262 54.0192 54.0543 54.4765 54.5600 54.6608 54.6485 54.7491 54.8897 55.0480 55.1007 55.2061 55.2324 55.3351 55.4932 55.4959 55.2366 55.1884 55.2359 55.2349 55.2032 55.1544 55.1715 55.2751 55.3982 55.5169 55.6449 55.7196
52.8100 52.8100 52.7739 52.7739 52.7782 52.8267 52.9095 52.9092 52.8565 52.9225 52.8873 53.0409 53.0760 53.1205 53.2790 53.2128 53.2831 53.2130 53.2872 53.2873 53.3836 53.3657 53.5063 53.5240 53.6073 53.6247 53.6512 53.7429 53.8350 53.7872 53.7344 53.3347 53.2820 53.2339 53.2553 53.2509 53.2994 53.3120 53.6106 54.1205 54.3269 54.3047 54.4763 54.5685 54.7305 54.6830 54.7625 54.8152 54.9555 55.0434 55.1358 55.1317 55.3155 55.4034 55.4287 55.2438 55.2967 55.2739 55.2341 55.2765 55.3011 55.2708 55.2215 55.3269 55.4673 55.4911 55.5394
52.8714 52.8536 52.8087 52.7209 52.7029 52.7380 52.8880 52.8480 52.8656 52.8964 52.8702 53.0813 53.1164 53.1115 53.2524 53.2390 53.3268 53.2568 53.2958 53.3349 53.4183 53.4005 53.5153 53.4976 53.5985 53.6336 53.7001 53.7879 53.9461 53.8486 53.7958 53.4312 53.3081 53.2906 53.3120 53.2762 53.2805 53.3383 53.6196 54.1295 54.3182 54.3360 54.3889 54.4899 54.6966 54.6917 54.7838 54.8190 54.9596 55.0252 55.1176 55.1177 55.1613 55.1661 55.1135 55.2192 55.2546 55.2367 55.1794 55.2791 55.2947 55.2947 55.2882 55.3936 55.4650 55.4826 55.5222
