regresion/JUNIO_2003/SeaWiFS/Composicion (Lt_490).txt
ncols         167
nrows         127
xllcorner     -112.009
yllcorner     26.717
cellsize      0.00893
[rows 29 to 57 of 127, columns 0 to 66 of 167]
54.8101 54.7571 54.5594 54.5405 54.5406 54.5538 54.4613 54.2981 54.3508 54.3332 54.2148 54.3551 54.4781 54.2709 54.2579 54.2977 54.3148 54.3272 54.3053 54.3052 54.4461 54.4461 54.4723 54.4722 54.4370 54.7007 54.6212 54.6387 54.6519 54.7173 54.6645 54.6119 54.6294 54.6768 54.4085 54.4261 54.5629 54.1584 54.0479 54.1358 54.1182 54.0216 54.0040 53.8809 53.9602 53.7140 53.5909 53.5377 53.5554 53.7921 53.8973 53.9805 53.9805 53.9410 53.8003 53.8003 53.8573 53.9022 53.8843 53.9370 53.9415 53.8224 53.7298 53.7298 53.7555 53.7859 53.8562
54.9061 54.8179 54.6771 54.5939 54.5277 54.4883 54.4661 54.2724 54.3251 54.3427 54.2359 54.2801 54.5261 54.3716 54.3586 54.3410 54.3407 54.3589 54.2926 54.2750 54.4158 54.4333 54.4466 54.4336 54.4160 54.6268 54.5811 54.5634 54.6646 54.6735 54.5855 54.5458 54.6688 54.6687 54.4316 54.3613 54.4844 54.0800 54.0751 54.1492 54.1667 54.0514 54.0512 53.9281 53.9676 53.8054 53.5065 53.7346 53.7346 53.7574 53.9021 54.0427 53.9947 53.9376 53.7969 53.8145 53.9200 53.9632 53.9981 54.0332 54.0154 53.8611 53.7861 53.8388 53.7427 53.7121 53.7296
55.2799 55.2093 55.1037 54.8651 54.6194 54.5623 54.3031 54.3731 54.3906 54.2501 54.2549 54.1754 54.2761 54.2624 54.2929 54.2927 54.3278 54.3278 54.2479 54.3404 54.3670 54.3494 54.4373 54.4243 54.3540 54.3892 54.3363 54.5337 54.5554 54.6125 54.5022 54.5021 54.5902 54.5420 54.3037 54.4796 54.5632 54.2599 54.1055 53.9776 53.9595 53.9120 54.0919 54.0566 54.1838 54.1706 53.7268 53.7092 53.7308 53.8187 53.8970 54.0858 54.0682 53.9978 53.8878 53.9230 53.9933 54.0729 54.0377 53.9673 53.9542 53.9766 53.9898 54.0117 54.0116 54.0819 54.0548
55.1823 55.1823 55.0591 54.9410 54.6201 54.4575 54.2992 54.3998 54.3646 54.2589 54.1885 54.1967 54.3502 54.2968 54.2264 54.3187 54.3888 54.3888 54.3764 54.3324 54.3457 54.2975 54.3502 54.3630 54.3102 54.3800 54.2873 54.2073 54.1189 54.3125 54.0135 54.4400 54.5104 54.1279 54.1859 54.1548 54.2911 54.2383 54.2074 54.1281 54.0748 54.0396 53.9948 54.0299 54.1921 54.1042 53.7656 53.6992 53.7208 53.7735 53.9060 53.9366 53.9367 53.9541 53.9017 53.8626 53.9152 53.9327 53.9229 53.9228 53.9098 53.9497 54.0021 53.9842 54.0016 54.0191 54.0282
55.0987 55.0987 55.0107 54.8751 54.5760 54.4135 54.1626 54.1622 54.2194 54.1135 54.2015 54.1570 54.2272 54.1696 54.1695 54.2922 54.3756 54.3755 54.2928 54.2442 54.3584 54.2837 54.4420 54.3716 54.3189 54.2702 54.1647 54.2253 54.0356 54.0092 53.7629 53.9212 54.0445 54.0576 53.9396 54.1324 54.2687 54.1454 54.2291 54.2467 54.2288 54.0748 54.0522 54.0343 54.2321 54.1441 53.7787 53.7259 53.7260 53.8580 53.8322 53.9684 53.9506 53.9857 53.9108 53.8093 53.8444 54.0418 53.9616 53.9264 53.8779 53.8954 53.8954 53.9175 53.9309 53.9797 53.8655
54.9634 54.9237 54.7478 54.6945 54.5488 54.4387 54.1222 54.1924 54.2496 54.2537 54.3768 54.1754 54.1793 54.1044 54.1043 54.2095 54.3584 54.3761 54.2528 54.1376 54.2566 54.2963 54.3887 54.3358 54.3007 54.3399 54.1290 54.1031 54.0186 53.8337 53.6400 53.8159 53.9040 53.9874 53.8644 54.1362 54.2773 54.1362 54.2812 54.2462 54.2812 54.0920 53.9298 53.9296 54.1007 54.0304 53.6913 53.6384 53.6561 53.8455 53.8711 53.9593 53.9066 53.9592 53.8402 53.7522 53.6819 53.8089 53.9233 53.8880 53.8352 53.8703 53.8176 53.7954 53.8344 53.8656 53.8380
54.8129 54.7779 54.6062 54.6987 54.4534 54.3649 54.1538 54.2767 54.2590 54.2764 54.3375 54.0197 54.0331 53.9670 54.0197 54.1777 54.5162 54.5514 54.2396 54.2663 54.2446 54.3853 54.3633 54.2577 54.2401 54.2702 54.2129 53.9826 54.0490 53.7013 53.6837 53.6134 53.6180 53.6004 53.6750 54.0361 54.0846 54.1547 54.2904 54.2508 54.3034 54.2681 54.0301 53.9948 54.0300 53.9468 53.8413 53.7927 53.7928 53.7750 53.8141 53.9597 53.9373 54.0778 53.9896 53.8489 53.7741 53.7389 53.8351 53.8174 53.7693 53.7341 53.6814 53.6810 53.7382 53.7558 53.6578
54.5985 54.4931 54.5455 54.5454 54.4300 54.2103 54.0169 53.9113 53.9992 54.1220 54.1525 53.9848 54.0294 54.0336 54.1039 54.4202 54.4248 54.4777 54.6358 54.3442 54.2170 54.3008 54.3138 54.2436 54.1206 54.0980 54.1859 54.0181 54.1156 53.9965 53.6622 53.4335 53.4206 53.7196 54.0714 53.9345 53.9654 54.0531 54.1537 54.3426 54.4831 54.2193 54.0705 53.9162 53.9556 53.9428 53.8899 53.7357 53.7358 53.7356 53.9290 53.9639 53.9590 53.9589 54.0114 53.8883 53.8487 53.6904 53.6593 53.6902 53.6948 53.7123 53.6596 53.6592 53.6988 53.7164 53.5926
54.5847 54.5320 54.4965 54.4613 54.4137 54.3121 54.1362 54.0482 54.0833 54.1006 54.2236 54.2097 54.2924 54.2881 54.0903 54.4416 54.5293 54.5116 54.5642 54.4014 54.2437 54.3233 54.5564 54.4508 54.3629 54.2748 54.1913 54.0187 54.0447 53.7588 53.7060 53.5432 53.5256 53.8903 54.1187 53.8601 53.8777 54.0049 54.3742 54.3609 54.4663 54.3126 54.0706 53.8768 53.9201 53.9158 53.7927 53.7709 53.7838 53.7836 53.8890 53.9597 53.9289 54.1440 53.9899 53.7261 53.6954 53.5015 53.5586 53.6195 53.6193 53.5978 53.6106 53.5399 53.6941 53.6940 53.6406
54.4791 54.4263 54.3339 54.3163 54.2733 54.3077 54.1671 54.1714 54.1886 54.1711 54.2942 54.4212 54.5168 54.3673 54.1076 54.4765 54.5996 54.5642 54.5423 54.4194 54.3231 54.3851 54.4862 54.4335 54.3455 54.2752 54.2047 54.0674 54.0535 53.6972 53.6445 53.5076 53.4901 53.7671 53.9955 53.7593 53.8338 53.9434 54.2952 54.3612 54.5017 54.3083 53.9560 53.7622 53.8935 53.9067 53.7837 53.7529 53.7529 53.8058 53.9113 53.9686 53.9378 54.1529 53.9588 53.6774 53.6029 53.4571 53.4439 53.5048 53.5751 53.5713 53.6462 53.5754 53.6457 53.6456 53.6099
54.5062 54.4535 54.4139 54.4491 54.3787 54.4612 54.3159 54.2851 54.3374 54.3726 54.3199 54.4995 54.8036 54.7855 54.7506 54.6446 54.5391 54.4684 54.2883 54.4290 54.3984 54.3535 54.4060 54.2654 54.1248 54.1073 54.1774 54.3041 54.1994 54.0620 53.6971 53.7984 53.7456 53.6705 53.7935 53.9916 54.0702 54.2284 54.3118 54.2459 54.4392 54.3337 53.9464 53.7177 53.8151 53.7971 53.7836 53.8675 53.8675 53.8147 53.8322 53.9197 54.0334 54.0685 54.0288 53.7475 53.6289 53.4835 53.4000 53.4971 53.5322 53.5675 53.6111 53.5225 53.5668 53.5312 53.6014
54.3550 54.3596 54.4616 54.4616 54.3909 54.4665 54.4356 54.6068 54.6238 54.9402 55.0985 54.9971 54.8211 54.6359 54.5650 54.6396 54.4286 54.3404 54.1428 54.3185 54.2833 54.3584 54.2922 54.3407 54.2000 54.2703 54.2350 54.2565 54.2337 54.0180 53.8068 53.6838 53.6706 53.7183 53.8940 53.7536 53.9164 54.2504 54.0745 54.0086 54.0745 53.8457 53.6916 53.6563 53.6962 53.6514 53.6120 53.7877 53.7877 53.6822 53.6646 53.8354 53.8448 54.0029 54.0070 53.8135 53.7256 53.5100 53.5543 53.4214 53.4566 53.5445 53.5581 53.4698 53.4654 53.5352 53.5527
54.5089 54.5166 54.5834 54.5479 54.5371 54.4194 54.4392 54.6722 54.6672 54.9658 55.2340 55.0800 54.6230 54.5578 54.5571 54.4689 54.4911 54.2751 54.1654 54.3237 54.0593 54.1418 54.1904 53.9488 53.9663 54.0541 54.0188 54.0053 54.0053 53.9440 53.9790 53.9919 54.0227 53.9345 53.6002 53.6879 53.7705 53.9991 53.8541 53.9293 53.9862 53.7708 53.6343 53.5640 53.6519 53.6565 53.6213 53.6561 53.6386 53.6338 53.7040 53.6161 53.6465 53.8748 53.9628 53.8180 53.8355 53.5937 53.5980 53.3917 53.4094 53.4266 53.5146 53.4829 53.4960 53.5443 53.4915
54.4103 54.4172 54.4755 54.4431 54.4290 54.4720 54.3541 54.6244 54.6194 54.7987 54.9084 54.7640 54.3361 55.9105 55.9099 54.6176 54.6222 54.4414 54.2088 54.2791 54.0147 54.0551 54.1119 53.9405 53.9581 54.0459 53.9578 53.9619 53.9795 53.8819 53.9521 53.9650 53.9431 53.8372 53.5732 53.7137 53.7840 54.0126 53.8459 53.8508 53.9780 53.7626 53.6965 53.6261 53.6086 53.7174 53.6646 53.6292 53.6117 53.6068 53.6419 53.6594 53.6031 53.7963 53.8843 53.8625 53.8273 53.6557 53.5898 53.3784 53.3960 53.3821 53.4525 53.4911 53.4690 53.5174 53.4997
54.4963 54.5718 54.5923 54.6086 54.5513 54.5951 54.5669 54.5447 54.4988 54.8137 54.6343 55.2069 56.2108 61.8670 62.2007 63.4589 64.1262 60.5742 54.5579 54.0589 53.9176 53.9641 54.0716 54.0497 54.0321 54.1241 54.0537 54.0361 54.0184 53.9355 53.9043 53.7459 53.7851 53.6403 53.6754 53.7454 53.8685 53.8509 53.8061 53.7885 53.8589 53.8406 53.7526 53.7174 53.6646 53.6520 53.7266 53.6558 53.6606 53.5684 53.5680 53.6032 53.6384 53.7343 53.6992 53.6945 53.7516 53.5578 53.3994 53.3464 53.4344 53.3780 53.4129 53.4480 53.4610 53.5141 53.5141
54.5124 54.5672 54.6554 54.6771 54.5910 54.6348 54.5932 54.5592 54.5024 54.6274 55.3166 55.9524 59.2071 63.8968 65.7972 67.3807 68.2038 65.2761 57.6249 56.4977 54.1317 54.1781 54.1199 54.0541 54.0365 54.1109 54.0580 53.9302 53.9127 53.8519 53.8559 53.6625 53.6930 53.7240 53.9042 53.7586 53.8641 53.6881 53.8191 53.8543 53.8628 53.8625 53.8101 53.7925 53.7395 53.7271 53.7489 53.6783 53.6608 53.5593 53.4927 53.4928 53.5279 53.5710 53.5007 53.4654 53.5225 53.4085 53.3517 53.2811 53.3867 53.3608 53.3781 53.4484 53.4567 53.5226 53.5264
54.2660 54.3061 54.2451 54.2621 54.2730 54.2965 54.3722 55.0542 54.9786 54.4855 55.7014 58.0525 63.6395 66.1542 67.9873 70.9001 71.7510 73.9514 62.8397 56.1213 53.8568 54.3368 54.1061 54.0940 54.1075 54.1520 54.2317 54.1670 54.0509 54.0302 53.8196 53.5962 53.5959 53.5123 53.5649 53.6613 53.7316 53.7491 53.9122 53.8108 53.8854 53.7929 53.8328 53.7842 53.7311 53.6960 53.6514 53.7039 53.6864 53.5717 53.5055 53.4487 53.4663 53.4575 53.3697 53.3520 53.4619 53.3435 53.4094 53.3251 53.3781 53.3077 53.4386 53.4562 53.4467 53.4644 53.5038
54.1624 54.2302 54.1339 54.1691 54.2042 54.2945 54.3413 54.9178 54.8867 54.6884 55.6083 57.6877 59.2762 62.2471 63.3378 68.6406 70.5218 69.0443 61.0047 54.4000 53.9217 54.0515 54.0909 54.0822 54.0514 54.0151 54.1506 54.0449 54.0626 54.0066 53.8096 53.5861 53.5250 53.4878 53.5475 53.5958 53.7189 53.7364 53.9289 53.8193 53.8936 53.7397 53.7398 53.6912 53.6512 53.6161 53.6428 53.6603 53.6428 53.5505 53.4754 53.4758 53.4054 53.4663 53.3784 53.3433 53.4178 53.4353 53.4395 53.3730 53.3859 53.2805 53.4126 53.4477 53.3725 53.3947 53.4255
53.8985 53.8769 53.8240 53.8064 54.1146 54.3253 54.3957 54.4571 54.3295 54.2811 54.4528 54.6109 56.5582 56.8396 56.8395 56.5700 55.9150 56.3428 55.2394 54.4865 54.1723 54.1659 54.3418 54.2107 54.2123 54.0493 54.0537 53.9978 54.0332 54.1081 53.9664 53.7323 53.5807 53.6291 53.6783 53.6787 53.7665 53.7532 53.7617 53.7831 53.7827 53.8148 53.7443 53.5860 53.5508 53.4586 53.4491 53.6252 53.6252 53.5197 53.5062 53.4358 53.3829 53.3868 53.2942 53.3387 53.3780 53.3955 53.3558 53.2151 53.2724 53.3214 53.3423 53.3247 53.3244 53.3243 53.3810
53.6838 53.6798 53.6972 53.7323 53.7193 53.9828 54.1542 54.3594 54.3374 54.2320 54.4213 54.5443 54.5620 54.8258 54.9711 54.9886 54.9796 55.5304 55.0733 54.1268 53.9290 53.9289 54.1726 54.0280 54.0480 53.8609 53.8953 53.9345 53.9372 53.9984 53.9319 53.7575 53.7301 53.6711 53.7339 53.7451 53.7450 53.6746 53.6964 53.8047 53.7691 53.7133 53.6780 53.5021 53.4669 53.3965 53.3881 53.5859 53.5859 53.5156 53.4317 53.3260 53.3083 53.1675 53.1764 53.1847 53.2592 53.1712 53.2723 53.2370 53.2944 53.2944 53.3204 53.3027 53.3024 53.3200 53.3415
53.6260 53.5594 53.5417 53.5778 53.6259 53.9246 53.9599 54.3428 54.3471 54.4213 54.4214 54.4916 54.5312 54.4781 54.5484 54.5964 54.3885 54.4196 54.1909 54.0499 54.0804 53.9925 54.0317 54.0941 54.0982 53.9365 53.8486 53.9714 53.9912 53.9085 53.8381 53.8221 53.7923 53.7157 53.6958 53.7366 53.8244 53.8595 53.7496 53.7064 53.8337 53.6433 53.5552 53.4496 53.4645 53.4116 53.4740 53.4149 53.4368 53.4193 53.4093 53.3037 53.1980 53.0969 53.0485 53.0441 53.1671 53.1319 53.0833 53.1360 53.1532 53.1532 53.2319 53.2363 53.2361 53.2537 53.3060
53.6373 53.6391 53.6215 53.5601 53.6482 53.9468 53.9467 54.3519 54.3694 54.4391 54.4392 54.5094 54.5620 54.5443 54.6146 54.5870 54.4016 54.4017 54.1730 54.0321 54.0673 53.9794 54.0232 54.0681 54.0721 53.8954 53.8384 53.9613 53.9919 53.9039 53.8335 53.8202 53.7935 53.7134 53.6767 53.7118 53.8232 53.8550 53.7286 53.6853 53.7823 53.6645 53.5922 53.4822 53.4751 53.4223 53.4649 53.4351 53.4351 53.3646 53.3645 53.2863 53.1893 53.0882 53.0001 52.9956 53.1186 53.0482 52.9904 53.0741 53.1091 53.1091 53.1749 53.1792 53.2187 53.2188 53.2535
53.5545 53.5286 53.5636 53.5214 53.6799 53.7848 53.8198 54.3164 54.4173 54.4075 54.3900 54.3899 54.3724 54.3895 54.3894 54.3890 54.2760 54.2930 54.3104 54.1338 54.3975 54.4325 54.4193 54.4147 54.4406 53.9783 53.8945 53.9647 54.0352 53.8770 53.8945 53.9297 53.9039 53.8027 53.7452 53.6572 53.7452 53.7450 53.7094 53.6216 53.7000 53.6780 53.5550 53.4727 53.5386 53.4515 53.4069 53.4336 53.4551 53.3346 53.3169 53.1843 53.0704 52.9692 52.9162 52.8457 52.8716 52.8327 52.9071 52.9467 52.9069 52.9771 52.9420 52.9685 52.9861 53.0251 53.0248
53.3806 53.4661 53.5319 53.5122 53.6179 53.7580 53.7579 54.2545 54.3248 54.3027 54.3642 54.4341 54.3990 54.4516 54.4691 54.4336 54.2931 54.3586 54.3891 54.2124 54.4936 54.4935 54.5155 54.5460 54.5336 54.1639 54.0097 54.0972 54.0445 53.9214 53.9740 54.0270 54.0219 53.9296 53.8766 53.7710 53.8063 53.6653 53.6649 53.6298 53.6739 53.6914 53.4496 53.3925 53.3705 53.3186 53.2303 53.3005 53.3221 53.2421 53.1676 53.0836 52.9911 52.8724 52.8192 52.7840 52.7932 52.7404 52.7839 52.8322 52.8101 52.8980 52.8981 52.8884 52.9411 52.9763 52.9721
53.2658 53.3335 53.4897 53.4850 53.6434 53.7935 53.8110 54.2723 54.3426 54.3722 54.3464 54.3986 54.4162 54.4162 54.4337 54.4334 54.3410 54.3548 54.3893 54.2479 54.5116 54.5463 54.4980 54.5156 54.4752 54.1809 53.9569 54.0266 53.9739 53.9035 53.9386 53.9871 53.9825 53.9212 53.8639 53.7714 53.8066 53.6479 53.5994 53.6038 53.6689 53.6472 53.3702 53.2468 53.2821 53.2468 53.1763 53.2420 53.2421 53.2157 53.1412 53.0180 53.0005 52.7939 52.7937 52.7761 52.8020 52.7314 52.7528 52.8098 52.7701 52.8357 52.8007 52.7878 52.8798 52.9503 52.9812
53.2383 53.2885 53.5111 53.6035 53.6385 53.7709 53.8812 53.9556 54.0435 54.1310 54.1932 54.3329 54.4034 54.4119 54.4470 54.4994 54.4641 54.4897 54.4679 54.3488 54.4060 54.4056 54.3222 54.2870 54.2570 54.2395 54.1550 54.1322 54.0796 54.0223 54.0398 54.0399 54.0750 54.0130 53.9601 53.9294 53.8943 53.7883 53.6695 53.6341 53.7043 53.5858 53.4276 53.1945 53.2122 53.1769 53.1065 53.1417 53.1111 53.0840 52.9608 52.8941 52.7491 52.8061 52.7531 52.7180 52.8151 52.7750 52.7185 52.7403 52.7533 52.8237 52.7403 52.7223 52.7484 52.7835 52.8221
53.1648 53.1825 53.4405 53.4984 53.5642 53.7410 53.7809 53.8377 53.9080 54.0659 54.1440 54.2530 54.3984 54.4245 54.4420 54.4242 54.4064 54.4113 54.4246 54.3761 54.4288 54.3929 54.2743 54.3271 54.3271 54.2216 54.1982 54.1051 54.0700 54.0349 54.0525 53.9996 54.0171 53.9654 53.9301 53.9215 53.8864 53.8287 53.7802 53.6218 53.6920 53.5808 53.4402 53.2817 53.2904 53.1715 53.1010 53.1363 53.1057 53.1063 52.9303 52.8772 52.7938 52.8646 52.7587 52.6884 52.7979 52.8056 52.7529 52.8054 52.7965 52.8004 52.6995 52.7695 52.7881 52.7526 52.8580
53.0587 53.0587 53.5135 53.6241 53.7120 53.8725 53.8418 53.9603 53.9424 54.0128 54.0119 54.0598 54.1830 54.3369 54.3851 54.4774 54.5478 54.5348 54.5738 54.5869 54.6044 54.4454 54.3092 54.2738 54.2738 54.3090 54.2470 54.1102 54.1279 54.1099 54.0526 54.0349 54.0348 54.0400 53.9560 53.8812 53.8063 53.8062 53.7448 53.6566 53.7620 53.6997 53.4932 53.3173 53.2823 53.1019 53.0667 53.1191 53.1191 53.0579 52.9172 52.8992 52.8246 52.8457 52.7225 52.6170 52.7049 52.7880 52.7001 52.7351 52.7700 52.8014 52.6431 52.7132 52.7753 52.7527 52.8582
53.1247 53.1201 53.4421 53.5249 53.6964 53.8455 53.8324 53.9380 53.9555 53.9776 54.0838 54.1048 54.0871 54.3290 54.3416 54.4294 54.4775 54.4773 54.6084 54.5775 54.5949 54.4889 54.3749 54.2737 54.2561 54.2737 54.2086 54.1199 54.1375 54.0445 53.9871 53.9823 53.9999 53.9823 53.9554 53.8717 53.8014 53.8013 53.7796 53.6563 53.7441 53.7354 53.5419 53.3659 53.2695 53.1020 52.9965 53.0490 53.0490 52.9736 52.8991 52.8726 52.8067 52.8455 52.7224 52.6521 52.7224 52.8018 52.7843 52.7840 52.7703 52.7841 52.6435 52.7312 52.7841 52.8059 52.8493
