regresion/JUNIO_2003/SeaWiFS/Composicion (Lt_490).txt
ncols         167
nrows         127
xllcorner     -112.009
yllcorner     26.717
cellsize      0.00893
[rows 87 to 115 of 127, columns 0 to 66 of 167]
113.4146 113.4149 101.2020 100.3606 100.3494 84.0527 77.5130 70.3120 68.3658 60.4570 57.9847 57.3076 55.1496 54.6844 54.6109 54.1940 54.2166 54.2588 54.2681 54.3228 54.1845 54.1451 54.2047 54.0491 54.0289 54.0499 53.9592 54.0020 54.0940 54.1967 54.2142 54.2570 54.2423 54.2795 54.2574 54.1269 53.9817 53.9112 53.8056 53.5943 53.6294 53.4490 53.4101 53.2688 53.1805 53.0921 52.9865 52.8855 52.8504 52.6914 52.6121 52.5862 52.5730 52.4672 52.4803 52.5154 52.4978 52.4485 52.4093 52.3386 52.3345 52.3213 52.3390 52.3035 52.3210 52.3347 52.3431
108.8302 108.8316 92.4233 80.7401 72.1181 70.8560 67.2768 68.6769 67.6800 68.6139 65.7561 63.8176 58.8894 55.0847 54.8377 54.3875 54.4376 54.1758 54.0821 54.2787 54.1022 54.0280 53.9986 53.8744 53.9599 54.0223 53.8851 53.8311 53.8787 54.0372 54.1074 54.2065 54.1889 54.2070 54.1762 54.1486 54.0034 53.9333 53.8101 53.5988 53.5987 53.4622 53.4224 53.3520 53.2466 53.1230 52.9647 52.8412 52.8367 52.7487 52.6998 52.5811 52.6120 52.5063 52.5240 52.5285 52.5637 52.4578 52.4142 52.3786 52.3830 52.3127 52.3433 52.3079 52.3254 52.3252 52.3465
104.3549 101.6175 82.7269 71.2580 64.4810 66.4136 64.4408 68.2237 65.9176 72.0559 72.4892 68.4016 65.2768 54.6370 54.3900 54.4670 54.3052 54.3004 54.2818 54.3154 54.2108 54.0784 53.9157 53.7963 53.7787 53.8432 53.7859 53.7261 53.7449 53.9604 54.0482 54.1957 54.1781 54.1773 54.1289 54.0226 54.0743 54.0092 53.8333 53.6162 53.5986 53.4400 53.4403 53.3699 53.3524 53.1761 53.0002 52.8767 52.8944 52.7759 52.6918 52.6075 52.5942 52.5236 52.5589 52.5589 52.5062 52.4483 52.3786 52.3873 52.3656 52.3128 52.2952 52.2599 52.2953 52.2423 52.2460
100.4789 97.7415 80.0658 64.1632 62.1955 64.0692 62.7121 66.3373 68.0231 74.1614 75.5277 71.0722 65.7611 55.1213 54.2303 54.4585 54.2300 54.2259 54.2936 54.1431 54.2108 54.0560 53.8398 53.7958 53.7782 53.8602 53.8777 53.6821 53.7212 53.9496 54.0374 54.1322 54.1146 54.1101 54.0572 53.9730 54.0247 53.9644 53.8237 53.6298 53.6122 53.4841 53.5062 53.4224 53.4093 53.2197 53.0438 52.8674 52.8851 52.7665 52.6430 52.6431 52.6255 52.5507 52.5508 52.5332 52.4449 52.4578 52.4095 52.3869 52.3695 52.3166 52.2327 52.1975 52.2328 52.2326 52.2502
82.5647 81.7534 68.6181 60.1783 59.0101 60.0793 58.4948 58.9828 59.6749 62.3019 61.9352 58.6002 58.5097 55.6219 54.3724 54.5079 54.3067 54.3758 54.3774 54.3120 54.1446 54.0025 53.9420 53.8206 53.8287 53.8326 53.8563 53.7653 53.6906 53.7405 53.8458 53.9370 53.9721 54.0515 53.9987 53.9235 53.8397 53.8540 53.5542 53.4771 53.5298 53.5632 53.5677 53.5149 53.4706 53.2111 53.0177 52.7888 52.7888 52.8019 52.7135 52.6607 52.6477 52.6295 52.6294 52.6119 52.4006 52.4885 52.4578 52.4307 52.3649 52.3083 52.2068 52.1892 52.2201 52.1846 52.1669
77.0566 68.6661 61.7580 58.5049 56.3932 56.2705 56.1190 56.1212 56.1371 56.0383 55.8604 55.1474 55.4274 54.9552 54.7570 54.7076 54.4923 54.4702 54.3946 54.3218 54.0627 54.0121 54.0127 53.9341 53.9007 53.7011 53.6393 53.8588 53.7697 53.7099 53.7141 53.8723 53.8633 53.8561 53.8385 53.8433 53.7990 53.7557 53.6207 53.4637 53.4636 53.4885 53.5105 53.4401 53.3569 53.1632 52.9561 52.7577 52.7577 52.8060 52.7881 52.7001 52.7439 52.6774 52.6605 52.6429 52.4142 52.4493 52.4363 52.4626 52.4098 52.3525 52.2285 52.1933 52.1535 52.1359 52.1710
72.5978 64.4907 58.0038 57.1567 55.6900 55.6304 55.5572 55.6020 55.5408 55.4320 55.1558 55.0857 55.2582 54.8232 54.6950 54.7353 54.5238 54.4411 54.3405 54.1974 53.9959 54.0711 54.0777 54.0558 54.0733 53.8737 53.7811 53.8956 53.8181 53.6388 53.6782 53.8363 53.8034 53.8139 53.7259 53.7449 53.7499 53.7336 53.6823 53.5604 53.5252 53.4406 53.4450 53.3747 53.3391 53.1759 52.9338 52.7707 52.7707 52.8365 52.8009 52.7481 52.7221 52.6646 52.6477 52.6125 52.4541 52.4540 52.3704 52.4708 52.4180 52.2863 52.1533 52.1708 52.1485 52.1309 52.1132
72.2409 64.5889 57.5494 56.4085 55.2875 55.2325 55.2677 55.3231 55.1106 55.0877 54.8526 54.8572 54.8307 54.6258 54.5679 54.4825 54.4404 54.4116 54.3035 54.1804 54.0977 54.1318 54.0748 54.1681 54.1856 53.9615 53.9493 53.8438 53.8374 53.8282 53.6916 53.7575 53.7315 53.7727 53.7199 53.5419 53.5544 53.5494 53.4711 53.5104 53.4798 53.3742 53.3870 53.2990 53.2282 53.1450 52.9863 52.8242 52.8288 52.7892 52.7712 52.7536 52.6779 52.6604 52.6428 52.6070 52.5586 52.5585 52.3824 52.4174 52.3823 52.4090 52.2508 52.2293 52.1368 52.1192 52.0660
72.5832 63.1748 58.4588 56.9677 55.3109 55.2600 55.2022 55.3499 55.1629 55.1117 54.9443 54.8314 54.7738 54.6050 54.5614 54.4690 54.4137 54.3676 54.2951 54.1192 54.0812 54.0888 53.9786 54.0278 54.0805 53.9928 53.8257 53.8257 53.7435 53.7917 53.7080 53.6903 53.6353 53.6713 53.6026 53.5146 53.4222 53.3694 53.4539 53.2780 53.2999 53.2781 53.2957 53.2253 53.1942 53.1759 53.0392 52.8633 52.8811 52.8100 52.7745 52.7348 52.6514 52.6473 52.6606 52.6606 52.6122 52.6084 52.4191 52.4717 52.4365 52.3827 52.2596 52.2462 52.1488 52.1528 52.1173
67.4939 60.8252 59.2166 55.1414 55.0557 55.1789 54.9448 55.1007 55.1609 55.1722 55.0296 54.7417 54.6447 54.5739 54.5306 54.4577 54.3099 54.2200 54.1757 54.1229 54.1019 54.1624 53.8808 53.8490 53.8490 53.7830 53.7139 53.8194 53.7200 53.7893 53.7148 53.6868 53.5923 53.5536 53.4621 53.3917 53.3391 53.3215 53.4099 53.1989 53.2209 53.1681 53.2601 53.1897 53.1012 53.0524 52.9596 52.8847 52.9553 52.8497 52.8280 52.7226 52.6967 52.6655 52.6166 52.5989 52.6034 52.6211 52.5368 52.5367 52.3911 52.4171 52.3425 52.3735 52.2325 52.2678 52.1933
64.8716 62.8222 59.9436 55.2690 55.1787 55.1788 55.0115 54.9264 54.9866 55.1170 54.8918 54.7162 54.6405 54.5863 54.5430 54.4087 54.2788 54.2116 54.2025 54.1496 54.1286 54.1716 53.9461 53.8926 53.8925 53.8266 53.7399 53.7750 53.6581 53.7676 53.7239 53.6959 53.5839 53.4924 53.4712 53.3656 53.3482 53.3305 53.3306 53.1723 53.1592 53.1591 53.2686 53.1982 53.1273 53.0750 52.9160 52.9114 52.9820 52.8764 52.8371 52.7668 52.7007 52.6564 52.6075 52.6075 52.5944 52.6296 52.5277 52.5628 52.4172 52.4046 52.3691 52.3474 52.2416 52.2769 52.1496
67.6679 62.1726 59.6106 55.9503 55.3177 55.2568 54.9899 54.9837 54.9998 54.9081 54.9204 54.7916 54.6135 54.5144 54.4978 54.5048 54.2698 54.2557 54.2413 54.1352 54.1351 54.1447 54.0609 54.0123 53.9947 54.0026 53.8988 53.7010 53.6217 53.6221 53.5777 53.3840 53.3980 53.4145 53.3306 53.2996 53.2294 53.1589 53.1770 53.1283 53.1152 53.0929 53.1632 53.0356 53.1586 53.1060 53.0126 52.9247 52.9601 52.7666 52.7314 52.8057 52.7176 52.7928 52.7132 52.6645 52.6690 52.6690 52.5631 52.5943 52.4885 52.4227 52.3741 52.3781 52.3078 52.3079 52.2021
77.1256 72.7275 66.7832 62.2529 58.5024 58.1783 55.1683 55.0054 54.8914 54.9086 54.9537 54.9298 54.5747 54.5072 54.5620 54.5368 54.4753 54.3941 54.3940 54.3605 54.2146 54.1970 54.0409 54.0316 53.9789 53.9682 53.8275 53.8450 53.8194 53.5949 53.5471 53.4373 53.3009 53.4154 53.4100 53.3350 53.2471 53.2429 53.2028 53.1502 53.1721 53.1194 53.1414 53.0529 53.1409 53.1272 53.0263 52.8811 52.8811 52.8764 52.9115 52.9114 52.8585 52.8143 52.7610 52.6868 52.6602 52.6117 52.5063 52.5101 52.4218 52.4747 52.4219 52.4175 52.3825 52.3473 52.2416
86.9214 84.0768 79.2864 73.7851 69.9796 60.2573 55.2672 55.3907 55.3108 55.1712 54.9763 55.0224 55.0128 54.8371 54.5827 54.6149 54.4490 54.4698 54.4356 54.3258 54.2195 54.2019 54.0364 53.9709 53.9224 53.8374 53.7318 53.7493 53.7273 53.7096 53.6477 53.6484 53.5211 53.5478 53.4714 53.2559 53.1856 53.2207 53.1063 53.1460 53.2689 53.2513 53.2030 53.0793 53.1322 53.0617 53.0876 53.0306 53.0306 52.9379 52.8324 52.8146 52.8674 52.7840 52.6642 52.6733 52.6339 52.6029 52.5502 52.5501 52.5322 52.5500 52.4927 52.4397 52.3386 52.2503 52.1273
87.9131 85.6595 80.8691 75.9271 70.0361 59.7628 57.6175 55.4569 55.3769 55.2059 54.9948 55.0409 55.0313 54.8674 54.6175 54.6716 54.4870 54.5077 54.4735 54.3873 54.3168 54.2431 54.1030 54.0002 53.9517 53.8846 53.7553 53.7796 53.7444 53.7439 53.6820 53.6565 53.5737 53.6032 53.4801 53.2693 53.2211 53.2562 53.1242 53.1548 53.2779 53.2603 53.2426 53.1013 53.1143 53.0437 53.0874 53.0216 53.0216 52.9513 52.8458 52.8325 52.8678 52.7843 52.6823 52.6914 52.6076 52.6072 52.5499 52.5319 52.5319 52.5496 52.4970 52.4440 52.3696 52.2684 52.1453
89.6520 89.6610 90.1174 86.8900 84.0445 74.7625 64.6021 56.8166 56.7251 55.4634 55.2832 55.0846 55.0403 54.7947 54.8598 54.7581 54.7254 54.5844 54.4959 54.4082 54.3579 54.1565 53.9644 53.7953 53.8614 53.7623 53.6201 53.4613 53.4613 53.4518 53.3990 53.4098 53.4474 53.2914 53.1682 53.0805 53.1331 53.0627 53.1025 53.0489 53.0975 53.0975 53.1853 53.0793 53.1673 53.0309 52.9821 53.0085 53.0085 52.9205 52.9029 52.7793 52.7398 52.6560 52.6344 52.6254 52.5683 52.5679 52.5679 52.5500 52.4843 52.5371 52.4662 52.5101 52.4619 52.3032 52.1449
91.0137 91.4628 91.4626 87.7788 84.8439 79.5629 71.8179 57.7009 57.5839 55.5681 55.2892 55.3740 55.2432 54.9642 54.9318 54.8925 54.8082 54.5893 54.4066 54.3335 54.3058 54.1847 53.8805 53.7962 53.9058 53.7231 53.5280 53.3868 53.3516 53.2716 53.2012 53.1727 53.1963 53.3133 53.2430 53.0146 52.9794 52.8915 52.9664 52.9970 53.0010 52.9875 53.1105 52.9517 53.0397 52.8857 52.8681 52.9252 52.9252 52.9075 52.8723 52.7487 52.7620 52.6606 52.6781 52.6871 52.6692 52.5809 52.6688 52.5981 52.5324 52.5149 52.4401 52.4795 52.4138 52.2903 52.1496
92.1857 93.1073 94.0199 93.3685 91.5423 85.4873 76.5453 63.2504 63.1892 56.1913 55.6361 55.6646 55.3747 55.0816 55.0709 55.1068 54.8820 54.7214 54.6343 54.4452 54.4530 54.3203 54.4725 54.0262 53.6831 53.6154 53.3057 53.1874 53.2049 53.1409 53.0353 53.0597 52.9891 53.0811 53.0459 52.9441 52.9617 52.8603 52.8648 52.9349 52.8775 53.0714 53.2120 53.0180 53.0531 52.8770 52.8594 52.9124 52.8903 52.8414 52.8413 52.8233 52.8233 52.8274 52.8803 52.8496 52.8449 52.6471 52.7525 52.6466 52.6116 52.5190 52.4970 52.4844 52.3963 52.3649 52.1890
92.4863 92.4782 93.3906 92.2405 90.8713 85.8625 80.5257 70.4225 70.3613 60.4537 57.3221 57.1777 56.3026 55.8078 55.7970 55.6922 55.5653 55.1832 55.0183 54.5247 56.0864 58.5528 61.1656 58.8150 55.0473 54.1443 53.3826 53.3524 53.0625 53.1328 52.9570 52.9652 52.8993 53.0523 53.0171 52.9835 53.0538 52.9306 52.8648 52.9525 52.9530 52.9877 53.0533 52.9302 53.0311 52.8728 52.8727 52.8020 52.8021 52.8587 52.8235 52.6825 52.7528 52.7392 52.7921 52.7920 52.8184 52.7529 52.7352 52.5941 52.6249 52.5721 52.5016 52.4262 52.2863 52.2592 52.0658
91.6523 91.1963 90.7715 89.8586 89.8582 86.8593 85.4917 74.1219 72.1174 67.5189 59.3549 58.0983 56.9936 56.1125 56.0528 55.6502 55.1383 56.9814 57.8985 62.1959 64.1722 66.9321 66.0906 64.1424 58.7936 57.9654 53.3968 53.3367 53.0971 53.0397 52.7369 52.7451 52.7937 52.8197 52.8647 52.9932 53.0108 52.9756 52.8570 52.9003 52.9526 53.0357 53.0351 52.9119 52.9600 52.9071 52.8016 52.7484 52.7485 52.8810 52.8587 52.8062 52.8062 52.8103 52.8456 52.8104 52.8754 52.8710 52.7871 52.5756 52.6063 52.5887 52.4480 52.3952 52.2504 52.1761 52.0667
90.2794 89.3739 87.3442 86.4386 86.4380 86.8128 88.1815 86.5256 80.8203 74.8645 65.5185 60.1373 58.4092 56.5876 58.0123 57.6406 55.2193 58.5548 67.7458 74.0374 75.5064 77.8249 78.7740 71.7033 66.3545 59.9259 55.1537 53.8218 52.7412 52.6108 52.4663 52.4480 52.4993 52.6520 52.4900 52.7440 52.8309 52.9540 52.9828 52.8512 52.9123 52.9781 53.1715 53.0794 53.0967 53.0264 52.8506 52.7976 52.7977 52.8108 52.8805 52.8670 52.8670 52.7436 52.7086 52.7788 52.8263 52.9235 52.9280 52.6247 52.6380 52.6028 52.4619 52.4267 52.3301 52.2419 52.0485
91.5894 91.5894 88.9780 86.7763 85.7688 86.5717 88.3958 90.6782 87.5386 85.4492 81.1799 70.5836 64.1974 57.0764 58.6316 58.7060 57.8660 61.9100 81.3895 89.6706 85.7873 85.3313 82.0494 79.2012 77.1913 70.0716 64.8864 56.2907 53.9405 53.8219 53.6292 52.4177 52.2670 52.4932 52.3816 52.4007 52.5288 52.9211 52.9927 52.9901 53.0390 53.0273 53.2381 53.2381 53.2509 53.0264 52.9911 52.7575 52.7575 52.8759 53.0076 52.9592 52.9418 52.7792 52.8013 52.8190 52.8236 52.9155 52.9196 52.9898 52.9807 52.6684 52.5800 52.4921 52.3600 52.3382 52.1267
93.4134 92.9574 89.4422 86.3279 86.6960 87.4988 87.4990 91.6066 88.4669 88.4667 85.5498 73.4554 63.4886 57.5977 59.1529 59.1990 58.2079 61.0585 70.4502 85.7037 85.7142 85.2580 84.0663 81.2179 81.2178 75.9539 73.4488 66.3716 60.9081 53.6763 53.4218 52.3468 52.2669 52.1057 52.2216 52.1886 52.3660 52.7583 52.8839 52.7970 52.9315 53.0183 53.1940 53.1940 53.2067 53.0173 52.9997 52.8189 52.8189 52.9294 53.0693 52.8452 52.8805 52.7531 52.7752 52.7577 52.6870 52.7834 52.8226 52.9280 53.0243 52.7472 52.5183 52.4304 52.3689 52.3471 52.1005
91.9741 91.0611 87.8459 87.3818 89.3791 88.9303 89.4015 91.6834 91.0187 90.5621 89.1994 76.4766 70.9429 60.4021 60.5252 58.3898 58.8474 60.4763 64.1698 77.9788 81.0686 83.7602 85.4934 85.0874 84.6314 82.7900 79.9748 75.8020 72.7353 58.8008 53.7271 53.8771 52.0785 52.0149 52.0532 52.1502 52.2158 52.2864 52.8015 53.1349 53.2219 52.9539 52.9169 53.0223 53.0132 53.0483 53.0610 52.9175 52.8941 52.9949 53.0300 52.9113 52.9640 52.8585 52.8450 52.7525 52.6114 52.7434 52.8268 52.8795 52.9805 52.8750 52.6291 52.5236 52.3829 52.3652 52.0964
87.4052 86.9482 86.6997 86.7065 89.7885 90.2522 90.2443 90.6940 90.5198 90.9760 89.0317 85.4553 82.1867 75.8008 73.3310 64.3252 60.3791 60.0974 61.8335 66.7263 76.4041 84.7482 85.9191 87.0153 86.1029 85.5431 84.6373 82.8864 81.6134 73.6110 68.6017 62.1239 53.1850 52.4453 52.3020 51.9537 52.1006 52.1111 52.4364 52.7550 52.8003 52.9980 52.7961 52.6554 52.6765 52.9802 52.9600 53.1239 53.1239 53.0199 53.1340 53.0899 53.0909 52.9502 52.9501 52.8440 52.6152 52.6645 52.7126 52.7829 52.8000 52.8002 52.7298 52.5933 52.3072 52.2720 52.1182
84.6557 84.7685 85.4363 86.2532 88.3148 89.6904 89.6914 90.1476 90.6399 91.5608 90.5485 88.7157 88.2597 83.6979 80.8399 74.0031 63.2155 59.9636 59.6587 66.2013 77.1972 84.7833 85.4926 86.5826 85.6704 86.1340 85.9541 84.5702 81.6361 78.7938 71.6231 66.8073 56.9348 54.1885 53.0561 51.8318 52.0315 52.0468 52.4180 52.5071 52.5585 52.7460 52.9437 52.6858 52.7325 52.8316 53.0056 53.0230 53.0512 53.0471 53.0412 53.0058 53.0292 52.9588 52.9969 52.8738 52.6980 52.5923 52.6777 52.7480 52.7828 52.7300 52.6422 52.5191 52.2729 52.2514 52.0433
83.0962 83.9805 83.9875 84.8044 86.7802 89.5167 89.5177 89.9738 90.6674 91.1920 91.3639 91.3634 90.9153 90.9155 87.7735 82.7477 68.0269 60.5063 58.1033 63.3544 72.3914 78.8356 85.3019 85.4797 85.0237 85.4872 85.6416 86.0896 83.8329 82.2543 76.3835 73.2688 63.7175 53.9590 52.7823 51.6624 51.8954 51.9107 52.2904 52.3910 52.5053 52.7599 53.0183 52.6850 52.6996 52.7306 52.9600 52.9956 53.0238 52.9970 53.0271 52.9718 52.9347 52.9698 53.0718 52.9487 52.8081 52.6673 52.5939 52.7035 52.7033 52.6505 52.5803 52.4393 52.3338 52.3123 52.1313
82.4321 83.7431 84.0031 84.4045 86.4134 90.0631 89.6079 89.5190 89.5188 89.7775 90.5471 91.4431 93.2605 91.3441 91.3440 89.9751 75.9309 64.4824 57.5536 61.5274 66.2790 73.3497 83.5077 85.6672 85.6672 85.2921 85.7344 86.1753 85.9488 83.2124 81.5275 72.8820 69.6753 55.4258 52.0255 52.0725 51.7673 51.8903 52.2673 52.3628 52.6076 52.6551 52.9253 52.9858 53.1020 52.7579 53.0682 53.0703 53.0701 53.0756 53.1148 53.0735 52.9454 52.8399 52.9895 52.9895 52.8840 52.7119 52.6064 52.6813 52.6679 52.5500 52.5150 52.3387 52.2684 52.1982 52.0838
81.8631 82.7182 82.5493 84.5012 86.4794 87.8404 88.2085 88.1195 88.1194 89.7469 90.5321 91.9079 92.8348 91.3770 92.2899 91.8332 81.5254 76.5487 61.2058 60.1307 64.3849 71.1103 86.5500 86.0939 85.6379 85.6379 85.7333 86.1894 85.0658 84.2421 83.5397 77.8341 77.3779 67.4226 61.0008 54.1211 51.8540 51.9828 52.2117 52.2502 52.4539 52.5395 52.8661 52.7380 52.8669 52.8917 53.1377 53.1352 53.0946 53.1527 53.2054 53.1070 52.9614 52.8032 53.0436 53.0109 52.8527 52.8124 52.6060 52.5970 52.5624 52.6151 52.5058 52.3119 52.2416 52.1889 52.0616
