regresion/JUNIO_2003/SeaWiFS/Composicion (Lt_490).txt
ncols         167
nrows         127
xllcorner     -112.009
yllcorner     26.717
cellsize      0.00893
[rows 87 to 115 of 127, columns 67 to 133 of 167]
52.3386 52.3164 52.2855 52.2679 52.2853 52.2853 52.2407 52.1440 52.1264 52.0958 52.0562 52.1264 52.1615 52.0381 52.0030 51.9629 52.0685 52.0685 52.0861 52.1428 52.2660 52.2481 52.2609 52.3757 52.4460 52.4460 52.5341 52.5652 52.5476 52.6310 52.7059 52.6662 52.7717 52.7717 52.7363 52.7582 52.7980 52.9349 53.1496 53.1496 53.0964 53.0966 53.0436 53.1668 53.2858 53.2631 53.5265 53.5792 53.5438 53.4431 53.4606 53.4648 53.5174 53.5434 53.7637 53.8516 53.9394 53.9746 53.9346 54.0536 54.1197 54.1197 54.3342 54.4572 54.5625 54.5849 54.6375
52.3336 52.3336 52.3293 52.3515 52.3514 52.3514 52.2679 52.2020 52.1316 52.0784 52.0606 52.1661 52.1660 52.0952 52.0816 52.0153 52.0506 52.0021 52.0373 52.1740 52.2267 52.2266 52.3367 52.3938 52.4817 52.5123 52.5650 52.6047 52.5871 52.5870 52.6360 52.6177 52.7232 52.7232 52.7230 52.7542 52.7714 52.8947 52.9778 52.9516 52.9162 52.9340 53.0742 53.2500 53.3948 53.3114 53.4167 53.3903 53.3375 53.3024 53.3024 53.3022 53.3110 53.3988 53.6358 53.7764 53.8289 53.8641 53.8989 54.0446 54.0134 54.0134 54.2864 54.3919 54.4973 54.4976 54.5502
52.2544 52.2543 52.2235 52.2055 52.2538 52.2714 52.1878 52.1578 52.1226 52.0167 52.0303 52.0876 52.1051 52.1708 52.1883 52.0635 52.0772 52.0418 52.1120 52.1469 52.1644 52.1642 52.3094 52.4200 52.4024 52.4554 52.4599 52.4559 52.4691 52.4515 52.5706 52.6220 52.6394 52.6877 52.7226 52.7268 52.7618 52.8015 52.8417 52.8467 52.7583 52.7761 52.9340 53.1274 53.3298 53.2943 53.3606 53.3241 53.1964 53.1789 53.1789 53.2490 53.2708 53.2441 53.4957 53.6716 53.7767 53.8294 53.8820 53.9831 53.9435 53.9564 54.1804 54.2859 54.4264 54.4442 54.4792
52.2547 52.2369 52.1842 52.1974 52.2106 52.2282 52.1798 52.1359 52.0869 51.9986 52.0029 52.0600 52.0776 52.1788 52.1787 52.0678 52.1129 52.0598 52.1301 52.1565 52.1563 52.1563 52.2663 52.3807 52.3493 52.4022 52.4067 52.4287 52.4770 52.4595 52.5610 52.5910 52.6222 52.6704 52.7054 52.7188 52.7362 52.7759 52.8160 52.8773 52.8108 52.8286 52.9513 53.1624 53.3907 53.3552 53.4039 53.2931 53.1437 53.1262 53.1258 53.1610 53.2976 53.2886 53.4916 53.6148 53.7945 53.8473 53.9174 54.0537 54.0576 54.0704 54.2724 54.3425 54.4082 54.4261 54.4786
52.2731 52.2415 52.1750 52.1356 52.1531 52.1531 52.2456 52.1442 52.0999 52.0822 52.1002 52.1001 52.1177 52.1261 52.1085 52.1132 52.2228 52.2400 52.1735 52.2397 52.2090 52.2090 52.2136 52.2837 52.3273 52.3626 52.3762 52.4111 52.4419 52.4244 52.4596 52.5918 52.6091 52.5917 52.6481 52.6487 52.7189 52.6882 52.7585 52.7717 52.8194 52.8194 52.9911 53.1093 53.3551 53.3195 53.3765 53.3111 53.1441 53.1091 53.0560 52.9901 53.2323 53.2146 53.4339 53.5747 53.6532 53.7236 53.7938 53.8772 53.9689 54.0042 54.1842 54.3120 54.3741 54.4095 54.3964
52.1887 52.2014 52.1310 52.0962 52.0962 52.0606 52.1531 52.1179 52.0742 52.1046 52.1046 52.1041 52.1216 52.1348 52.2053 52.2225 52.2623 52.2530 52.2529 52.2666 52.2357 52.2357 52.2223 52.2881 52.4378 52.4026 52.4378 52.4239 52.4328 52.4024 52.3849 52.5163 52.5162 52.4989 52.5830 52.5302 52.6222 52.6794 52.7098 52.7623 52.8242 52.7711 52.9334 52.9732 53.1755 53.1755 53.2986 53.3593 53.3067 53.2541 53.1441 53.0735 53.1788 53.1478 53.3278 53.4911 53.4907 53.5787 53.6932 53.7766 53.8073 53.8604 54.0847 54.1851 54.2907 54.2858 54.3033
52.1485 52.1268 52.0916 52.1010 52.1009 52.0479 52.1228 52.0876 52.0484 52.1090 52.1089 52.0817 52.0816 52.1124 52.1824 52.1824 52.2222 52.2663 52.2838 52.2975 52.2407 52.2407 52.1744 52.2402 52.3716 52.3716 52.4244 52.4106 52.4102 52.3798 52.3623 52.4717 52.4592 52.4770 52.5084 52.4908 52.5921 52.6142 52.6269 52.6794 52.7757 52.7579 52.9553 52.9425 53.0958 53.0649 53.1880 53.2847 53.2672 53.2321 53.1045 53.0339 53.1744 53.0825 53.2538 53.3897 53.4248 53.5479 53.6799 53.7985 53.8159 53.8689 54.0664 54.1406 54.2336 54.2639 54.2639
52.0660 52.0921 52.0569 52.0915 52.0820 52.0818 52.1347 52.1170 52.0815 52.0908 52.0954 52.0559 52.0345 52.0653 52.0827 52.1178 52.1350 52.2796 52.3675 52.3147 52.2392 52.2392 52.2389 52.2390 52.3008 52.3581 52.3407 52.3231 52.3281 52.3107 52.3283 52.4161 52.4199 52.5079 52.4727 52.4772 52.4851 52.5027 52.5250 52.5425 52.7626 52.7271 52.8503 53.0613 53.1051 53.0835 53.1489 53.2147 53.3680 53.3505 53.3150 53.2183 53.2404 53.2447 53.3677 53.4078 53.4647 53.5171 53.6405 53.8026 53.8902 53.9256 54.0270 54.0401 54.1232 54.0878 54.2154
52.0645 52.0959 52.0658 52.0654 52.1008 52.1005 52.1364 52.1366 52.1538 52.1176 52.1353 52.0248 52.0071 52.0245 52.0633 52.0809 52.0980 52.2047 52.2750 52.2621 52.2975 52.2975 52.2759 52.2761 52.2976 52.3099 52.3053 52.3053 52.3262 52.3440 52.3264 52.3790 52.4153 52.5081 52.5081 52.4774 52.5221 52.4870 52.5223 52.5572 52.7722 52.7269 52.8324 53.0257 53.1657 53.1172 53.1919 53.3460 53.3862 53.3862 53.3857 53.4079 53.3155 53.3642 53.4169 53.4824 53.6450 53.6749 53.7628 53.8459 53.9383 53.9913 54.0530 54.0310 54.1767 54.1590 54.2515
52.0748 52.1140 52.0660 52.0836 52.1100 52.0919 52.1798 52.1790 52.1963 52.1696 52.1341 52.0769 52.0593 52.0379 52.0070 52.0032 51.9678 52.0120 52.0296 51.9942 52.1919 52.1961 52.2657 52.2129 52.2304 52.2563 52.3224 52.3093 52.2917 52.2701 52.2663 52.3189 52.3633 52.4513 52.4161 52.5437 52.5741 52.5038 52.5294 52.6173 52.8593 52.8542 52.9424 52.9953 53.0828 53.0652 53.0565 53.1444 53.2761 53.3241 53.3592 53.4517 53.4163 53.4204 53.3895 53.4423 53.6189 53.5564 53.6442 53.7673 53.8376 53.8376 53.9522 54.0091 54.1849 54.2024 54.3124
52.0662 52.0840 52.0570 52.0218 52.0482 52.0652 52.1179 52.1699 52.1696 52.1963 52.1608 52.1036 52.0860 52.0469 51.9985 51.9595 51.9241 51.9066 52.0029 51.9675 52.1652 52.1694 52.2039 52.2214 52.2389 52.2303 52.2788 52.2657 52.2657 52.2441 52.2578 52.2928 52.3241 52.4121 52.4070 52.5171 52.5475 52.5299 52.5379 52.5906 52.7881 52.8106 52.9164 52.9868 53.0743 53.0216 53.0480 53.1183 53.2495 53.2799 53.3150 53.3899 53.3369 53.3586 53.3453 53.3980 53.5829 53.5655 53.6007 53.6885 53.7589 53.7589 53.9261 54.0140 54.1758 54.1581 54.2857
52.0301 52.0080 51.9993 51.9993 52.1049 52.0869 52.1221 52.2101 52.1356 52.1527 52.1350 52.1089 52.1089 52.0428 51.9547 51.9546 51.9183 51.9007 51.9449 51.8918 51.9314 51.9449 52.0329 52.0200 52.0865 52.1529 52.2136 52.2136 52.2663 52.2878 52.2833 52.2871 52.2344 52.2872 52.3138 52.4590 52.4462 52.4110 52.5124 52.6140 52.8246 52.8508 52.9869 53.1101 53.1273 53.0698 53.0737 53.0426 53.0638 53.0337 53.0689 53.1658 53.2010 53.2010 53.2495 53.2451 53.4873 53.5304 53.5783 53.7541 53.8068 53.8068 53.9298 54.0439 54.1935 54.1234 54.2158
52.1148 52.1324 51.9864 52.0177 52.0303 52.0655 52.1711 52.1886 52.1216 52.1393 52.0639 52.0510 52.0861 52.0290 51.9938 51.9762 51.9723 51.9594 51.9679 51.9148 51.8840 51.9057 51.9762 51.9761 52.0326 52.0631 52.1381 52.1733 52.2259 52.1863 52.2216 52.2217 52.2226 52.2579 52.3015 52.4290 52.4642 52.3764 52.5562 52.8151 52.9069 53.0216 53.1929 53.2457 53.1047 53.1095 53.0699 53.0699 52.9910 52.9862 53.0740 53.1836 53.0783 53.0956 53.1476 53.2884 53.3279 53.4377 53.5081 53.5783 53.6838 53.6886 53.8292 53.8779 54.0975 54.0401 54.1677
51.9516 51.9692 52.0122 51.9687 51.9553 52.0039 52.1447 52.1799 52.1266 52.1267 52.0651 52.1219 52.0691 52.0163 51.9500 51.9324 51.9674 51.9238 51.9276 51.8484 51.9186 51.9185 51.9496 51.9495 51.9671 51.9801 52.0332 52.0684 52.1211 52.1425 52.1779 52.1954 52.2528 52.2574 52.3230 52.3582 52.4110 52.3935 52.4595 52.7009 52.9821 52.9998 53.1225 53.2983 53.2807 53.2504 53.1312 53.0960 52.8716 52.9334 53.0958 53.0427 53.0428 52.9900 53.1920 53.3329 53.3503 53.4296 53.3851 53.5081 53.6486 53.6534 53.8292 53.8683 54.0175 54.0402 54.1329
51.9697 51.9872 52.0126 51.9691 51.9511 51.9905 52.1266 52.1262 52.1261 52.1439 52.1046 52.1615 52.1088 52.0252 51.9683 51.9329 51.9680 51.9374 51.9412 51.9148 52.0157 51.9979 51.9843 51.9842 52.0018 52.0019 52.0245 52.0420 52.0947 52.1120 52.1650 52.1784 52.2133 52.2356 52.3363 52.3315 52.3844 52.3668 52.4370 52.6876 52.9687 52.9735 53.0963 53.2896 53.2720 53.1839 53.1312 53.0919 52.8980 52.9599 53.1222 53.0691 53.0869 53.0163 53.2138 53.3418 53.3415 53.4209 53.3940 53.5170 53.6576 53.6753 53.7932 53.8594 53.9910 54.0136 54.1063
51.9470 51.9642 51.9333 51.9206 51.9378 51.9511 52.0216 52.0259 52.0259 52.0961 52.0784 52.1222 52.1046 52.0691 51.9982 51.9102 51.9102 51.9673 51.9848 51.9192 52.0248 52.0069 51.9897 51.9720 51.9544 51.9544 52.0294 52.0332 52.1210 52.1515 52.1690 52.1555 52.1905 52.2655 52.3140 52.3275 52.3276 52.2925 52.3276 52.5169 52.7276 52.7276 52.9781 53.1885 53.2588 53.2235 53.1180 53.0162 53.0033 53.0041 52.9337 52.9946 53.1353 53.1000 53.1879 53.3816 53.3897 53.4380 53.4294 53.4690 53.5918 53.5919 53.7853 53.8732 53.9697 53.9352 54.0358
51.9693 51.9338 51.9380 51.9648 51.9331 51.9464 52.0168 52.1091 52.0388 52.1090 52.0737 52.0871 52.0918 52.0563 51.9855 52.0028 52.0379 52.0423 51.9896 51.9809 51.9672 51.9494 51.9497 51.9496 52.0199 51.9848 52.0468 52.0116 52.1258 52.1738 52.1562 52.1603 52.1777 52.2527 52.2525 52.2487 52.2877 52.2877 52.3053 52.5123 52.6528 52.6176 52.7848 52.8982 53.1577 53.1224 53.1399 53.0206 52.9726 52.9638 52.8935 52.9860 53.1310 53.1133 53.2363 53.4477 53.4031 53.4162 53.4776 53.4776 53.5080 53.5081 53.6839 53.7717 53.9210 53.9826 54.0402
51.9956 51.9602 51.9644 51.9816 51.9638 51.9640 52.0130 52.0479 52.0128 52.1132 52.0956 52.1089 52.1179 52.0825 52.0821 52.1171 52.1569 52.2139 52.0732 51.9626 52.0291 52.0289 51.9941 51.9891 52.0770 52.0594 52.1780 52.0198 52.0988 52.1341 52.1426 52.1913 52.2264 52.2660 52.2306 52.1865 52.2567 52.2743 52.4063 52.6040 52.6389 52.6213 52.7088 52.7536 52.8591 52.8590 52.9687 52.8411 52.9337 52.9337 52.8455 52.8895 53.1969 53.1440 53.3550 53.4605 53.4818 53.5301 53.5869 53.5790 53.5304 53.4953 53.6711 53.7589 53.8650 53.9616 54.0621
51.9075 51.8720 51.8939 51.8760 51.9594 51.9860 52.0349 52.1009 52.0833 52.0434 52.0435 52.1006 52.0740 52.0917 52.0779 52.1346 52.1875 52.2045 52.0814 51.9936 51.9670 51.9670 51.9767 51.9589 52.1127 52.1175 52.2052 52.0470 52.0377 51.9850 51.9888 52.0455 52.0631 52.1683 52.1681 52.1682 52.2300 52.2124 52.2966 52.5080 52.6441 52.6267 52.6399 52.7055 52.8285 52.7930 52.9156 52.7963 52.8713 52.8713 52.8008 52.8803 53.1394 53.1570 53.3729 53.4388 53.5048 53.5752 53.5357 53.5484 53.5702 53.5830 53.7061 53.7412 53.7850 53.8025 53.9169
51.8734 51.8203 51.8773 51.8418 51.9076 51.9337 51.9864 52.0119 51.9943 52.0072 52.0601 52.0997 52.0470 52.0913 52.1264 52.0829 52.3467 52.3461 52.1878 52.0122 52.0028 52.0028 52.1433 52.0808 52.3225 52.3097 52.4328 52.0986 52.0195 51.9317 51.9316 52.0332 52.0643 52.1695 52.1869 52.2046 52.1953 52.1426 52.1602 52.3621 52.5904 52.5553 52.6080 52.6349 52.7403 52.6167 52.4538 52.7132 52.7664 52.7664 52.9069 53.1491 53.3371 53.3371 53.4122 53.4474 53.5396 53.5748 53.5257 53.6538 53.7063 53.7191 53.6618 53.7848 53.8029 53.8203 53.8513
51.8062 51.7884 51.7927 51.7571 51.8100 51.8359 51.8757 51.8893 51.9206 52.0039 52.0040 51.9687 51.9511 52.0434 52.0255 52.0648 52.3853 52.4246 52.4949 52.1784 52.0329 52.0329 52.0679 52.2572 52.3894 52.3368 52.4772 52.0333 51.9719 51.9191 51.9367 52.0113 52.0017 52.1293 52.1644 52.1646 52.1554 52.1202 52.1555 52.2959 52.4416 52.4064 52.4544 52.5164 52.6742 52.6215 52.5910 52.5419 52.6564 52.6565 52.8847 53.1621 53.3856 53.3680 53.4030 53.4420 53.5301 53.4730 53.4419 53.4820 53.6225 53.6225 53.6622 53.7019 53.7419 53.7811 53.8649
51.8279 51.8325 51.6923 51.7274 51.7801 51.7270 51.7535 51.8237 51.8412 51.8542 51.9108 51.9106 51.9457 52.0424 52.0643 52.1128 52.3064 52.3105 52.3065 52.0957 52.1395 52.1395 52.3280 52.8416 52.5384 52.5736 51.9974 51.9623 51.8919 51.8876 51.9581 51.9976 52.0246 52.1477 52.1125 52.0949 52.1340 52.0989 52.1517 52.2922 52.2957 52.3309 52.3005 52.4197 52.5776 52.5551 52.6297 52.5946 52.6743 52.6567 52.8673 53.1966 53.3636 53.3109 53.3633 53.4116 53.4866 53.4552 53.4248 53.4209 53.5391 53.5391 53.6667 53.7019 53.7276 53.7763 53.7980
51.8412 51.8458 51.7189 51.7540 51.7715 51.7184 51.7445 51.7796 51.7619 51.7749 51.8316 51.8665 51.8840 51.9987 52.0206 52.0383 52.2319 52.2492 52.2628 52.0344 52.1179 52.1179 52.3542 52.8150 52.5645 52.5822 51.9006 51.8655 51.7775 51.8263 51.8792 51.9539 51.9633 52.0160 51.9984 51.9808 51.9718 52.0899 52.1427 52.3008 52.2691 52.3043 52.3442 52.3972 52.5199 52.5289 52.5860 52.5860 52.6480 52.5778 52.7884 53.0649 53.2492 53.2317 53.2665 53.3499 53.3898 53.3760 53.3280 53.3849 53.4777 53.4777 53.5878 53.5878 53.7014 53.7326 53.8339
51.8373 51.8326 51.7271 51.6604 51.6604 51.6248 51.6515 51.6163 51.6999 51.7662 51.7708 51.8548 51.8723 51.9336 51.9512 51.9555 52.0600 52.0776 52.3060 52.0991 52.1866 52.1866 52.6703 53.0267 52.5123 52.5257 51.8927 51.8185 51.8183 51.8320 51.8798 51.9015 51.9012 51.9362 51.9361 51.9397 51.9614 52.0367 52.2348 52.4105 52.4900 52.4018 52.3314 52.3101 52.4152 52.4719 52.5816 52.6519 52.7611 52.7437 52.8886 53.0996 53.3370 53.3068 53.2887 53.3020 53.3195 53.3680 53.3813 53.3060 53.4377 53.4377 53.5830 53.5830 53.7060 53.7101 53.7500
51.9292 51.9292 51.7706 51.7531 51.6133 51.5954 51.6567 51.5999 51.6037 51.6918 51.6918 51.7398 51.7611 51.9017 51.9106 52.0028 52.2798 52.2271 52.4205 52.1787 52.4385 52.4385 53.0225 52.9171 52.3195 52.2883 51.9672 51.9534 51.8480 51.8655 51.8570 51.8435 51.8834 51.8615 51.8263 51.8927 51.9103 52.0200 52.1428 52.4769 52.4593 52.4761 52.3356 52.3748 52.4447 52.5544 52.8144 52.9375 53.0427 53.0604 53.1618 53.3156 53.3817 53.3021 53.3323 53.3500 53.3851 53.3673 53.4419 53.4638 53.4376 53.4554 53.5350 53.5174 53.5876 53.6716 53.7244
51.8413 51.8413 51.7179 51.7180 51.5949 51.5771 51.6121 51.6257 51.5861 51.6741 51.6563 51.6917 51.7582 51.8859 51.9024 52.0650 52.2621 52.1918 52.2445 52.2266 52.4898 52.4898 52.9208 52.5390 52.0642 52.0247 51.9017 51.9062 51.8496 51.8144 51.8309 51.8177 51.8354 51.8041 51.7866 51.8520 51.8910 52.0282 52.0807 52.3446 52.4322 52.4329 52.4154 52.3978 52.5340 52.5910 52.8186 52.9944 53.0295 53.0599 53.2045 53.2748 53.3808 53.3461 53.3282 53.3635 53.3507 53.3681 53.3817 53.4870 53.4464 53.4818 53.5342 53.6044 53.6925 53.7452 53.8197
51.9078 51.8683 51.7450 51.7627 51.6569 51.6568 51.6040 51.6431 51.6117 51.6822 51.6821 51.7350 51.8016 51.8060 51.8674 52.0475 52.2716 52.2365 52.3068 52.2888 52.4992 52.4991 52.9870 52.5916 52.0816 52.0681 51.9451 51.9143 51.9104 51.8752 51.8838 51.8530 51.8705 51.8664 51.8664 51.8262 51.8653 51.9577 52.0102 52.2741 52.4145 52.4058 52.3000 52.3000 52.4717 52.5206 52.7132 52.8889 52.9942 52.9895 53.1789 53.2491 53.3942 53.3809 53.3633 53.3810 53.3858 53.4560 53.4251 53.4777 53.4466 53.4820 53.5167 53.6397 53.7453 53.7453 53.7412
51.9292 51.9513 51.7751 51.7574 51.6869 51.6869 51.6122 51.5821 51.5466 51.6350 51.6349 51.7052 51.7579 51.8458 51.9554 51.9811 52.2623 52.2488 52.5477 52.6353 52.2133 52.2309 51.9146 51.9192 51.8313 51.8137 51.8448 51.8093 51.8620 51.8445 51.8701 51.8745 51.8216 51.8083 51.8786 51.8785 52.0238 52.1073 52.0105 52.0241 52.3226 52.3007 52.4764 52.3486 52.4891 52.5597 52.8405 52.9812 53.0339 52.9812 53.0907 53.2361 53.3240 53.2274 53.3764 53.3588 53.3589 53.3589 53.3676 53.3851 53.4771 53.4772 53.5261 53.5788 53.7020 53.6893 53.6757
51.9340 51.9385 51.7448 51.7318 51.6614 51.6790 51.6395 51.6170 51.5815 51.6124 51.6253 51.7132 51.8011 51.8361 51.9592 51.9547 52.3373 52.3812 52.4867 52.1876 51.9063 51.9238 51.8844 51.8968 51.8265 51.7690 51.8529 51.8174 51.7822 51.7998 51.8306 51.8488 51.8839 51.8705 52.0638 52.2394 52.1339 52.1999 52.2575 52.3135 52.4187 52.4146 52.3089 52.4673 52.5200 52.5071 52.6654 53.0077 53.1132 53.0781 53.0645 53.1701 53.2355 53.1430 53.3102 53.3324 53.3148 53.3148 53.2756 53.3108 53.3635 53.3683 53.4340 53.5349 53.6581 53.6756 53.6094
