regresion/JUNIO_2003/SeaWiFS/Composicion (Lt_555).txt
ncols         167
nrows         127
xllcorner     -112.009
yllcorner     26.717
cellsize      0.00893
[rows 0 to 28 of 127, columns 67 to 133 of 167]
32.6539 33.3409 33.0931 33.2637 33.3032 34.9482 34.0616 33.1604 33.7847 35.0457 35.0979 34.3588 32.6174 33.0799 33.0028 32.9377 32.9627 33.1406 32.8402 33.7377 33.9718 33.9988 33.8365 34.0864 33.5003 33.2967 33.3545 33.3547 33.2653 33.2258 33.4512 33.6658 33.7887 33.9162 33.9411 34.0638 33.9859 33.9609 34.2522 34.2372 34.0599 34.2846 34.2116 34.4395 34.3645 34.3624 34.6477 34.8874 34.7638 34.7117 34.7492 35.7017 35.4624 35.6215 37.4868 37.6033 38.5171 40.3474 43.2851 44.8765 43.5523 43.0017 39.0721 39.7524 37.0086 37.7670 37.4622
32.5515 32.6715 32.7449 32.7859 32.7859 33.5653 33.5904 33.0782 34.3796 33.8174 33.8299 33.1905 33.4008 32.6042 32.6317 32.6438 32.6665 32.9025 32.6758 32.9181 33.5165 33.5271 34.6638 33.7896 32.8770 32.9144 33.1965 33.1840 33.2032 33.3888 33.2552 33.3471 33.4019 33.6047 33.5831 33.7475 33.8301 33.8051 34.1030 33.8402 33.7900 33.6879 33.7106 34.3445 34.3820 34.5445 34.4365 34.1369 34.5985 34.4986 34.4861 35.5137 35.9163 36.3539 36.5034 37.0903 37.6286 38.8810 39.2035 38.1992 36.9333 38.1333 35.6222 35.9855 36.2783 36.4633 35.9518
32.4515 32.5233 32.5819 32.7529 32.7799 32.5850 33.3497 33.4725 33.6248 34.7359 34.7484 33.6972 32.7051 33.4124 32.3765 32.9289 32.9516 32.6669 32.6793 32.7168 33.0849 33.0869 33.8713 34.0341 32.8383 32.8720 33.1438 33.1334 33.2229 33.1211 33.0062 33.0735 33.3799 33.3447 33.3629 33.5915 33.6543 33.7270 33.8612 33.7862 33.6596 33.4473 33.4495 33.6269 33.6643 33.7547 33.7651 33.8026 34.9523 35.0118 34.9993 35.1187 35.2032 35.2555 34.8514 36.0884 36.0126 36.5371 36.7766 35.4741 35.7519 35.7519 35.6019 35.6480 35.9274 36.1949 35.8263
32.3328 32.3328 32.5293 33.0339 33.0444 32.5503 33.3719 33.3030 33.1780 33.6007 33.6733 33.6606 32.9007 33.4371 33.3851 32.5500 32.5125 32.7138 32.6169 33.6385 33.7029 33.7029 33.1526 32.9402 32.6756 32.7458 33.0108 32.9504 32.7132 32.9013 32.8978 32.9729 33.3115 33.3262 33.4092 33.4708 33.6022 33.9195 33.5817 33.4040 33.5479 33.3230 33.4002 33.5483 33.5108 33.5707 33.7080 33.9356 34.8399 34.8744 34.8244 35.2664 35.3817 35.1182 34.7057 35.6530 35.4842 35.6841 35.8193 34.9138 35.0232 35.0232 34.8792 34.7043 35.1132 35.3183 35.2217
32.2956 32.2935 32.4502 33.0650 33.0525 32.5603 33.3195 33.2777 33.1402 33.5650 33.6774 33.6295 32.8820 33.4144 33.3730 32.5254 32.4731 32.6871 32.4879 33.5196 33.5965 33.5965 33.0419 32.7671 32.6400 32.7102 32.8397 32.8545 32.6546 32.7676 32.8620 32.9585 33.2696 33.2843 33.3299 33.4792 33.7133 34.0305 33.6302 33.4939 33.5525 33.2776 33.4674 33.8535 33.7410 33.7233 34.0486 34.3472 34.3869 33.5734 33.6125 34.2982 34.1566 33.9199 34.0198 34.1797 34.1234 34.3233 34.5958 34.5007 34.4852 34.4852 34.5629 34.7502 34.8173 34.9312 35.0489
32.2749 32.3655 32.1678 32.1823 32.2720 32.2647 32.6869 33.7888 32.7649 33.2123 33.3498 33.8446 33.1090 33.0377 33.4577 32.2578 32.3076 32.6916 32.4402 33.1170 36.6846 36.6846 33.6509 32.4272 32.5413 32.8165 32.7095 32.7948 32.4712 32.5815 32.5900 32.8030 32.9908 32.9783 32.9911 33.2314 33.3545 33.6462 33.7059 33.4170 33.3229 33.3103 33.3230 33.8358 33.7984 33.8035 33.8059 33.9545 34.2043 33.5020 33.5059 33.6956 33.9850 33.5705 33.4521 33.7335 33.7455 33.8579 34.0817 34.0420 34.1698 34.1924 34.3116 34.4490 34.7059 34.7937 34.8969
32.2259 32.2633 32.1892 32.3312 32.4209 32.4296 32.6284 32.4910 32.4533 32.4762 32.6386 33.8875 33.1255 32.9137 32.3880 32.3419 32.3417 32.5052 32.3623 32.5519 34.2603 34.2603 33.6021 32.1583 32.2936 33.0705 32.4330 32.4808 32.3615 32.3683 32.5498 32.7807 32.8030 32.9783 32.8908 33.0616 33.1726 33.3428 33.5177 33.7038 33.4891 33.5291 33.6794 33.7396 33.7022 33.6340 33.2358 33.3381 33.6357 33.2579 33.0443 33.3214 33.5256 33.3504 33.3180 33.5548 33.6042 33.7291 33.9423 34.0377 34.1906 34.1834 34.2415 34.3914 34.6291 34.7040 34.6669
32.2064 32.2190 32.1508 32.0734 32.1108 32.4977 32.4134 32.4112 32.5746 32.3835 32.4335 32.4730 33.0598 32.7083 32.5224 32.3766 32.2389 32.1889 32.1406 32.1674 32.5378 32.5378 32.9877 31.9240 32.4904 32.2934 32.3205 32.2956 32.1301 32.1374 32.3105 32.5912 32.5281 32.7909 32.7823 33.0607 33.1708 33.3147 33.5059 33.5707 33.3959 33.2354 33.4107 33.4357 33.4379 33.3518 32.8939 32.8420 33.2022 32.9118 32.9113 33.1737 33.4762 33.3086 33.2388 33.4029 33.3878 33.4627 33.7525 33.8149 33.9833 33.9761 34.2369 34.2578 34.3182 34.3557 34.5317
32.2992 32.2243 32.1303 32.1566 32.0314 32.0198 32.1621 32.1775 32.4126 32.3226 32.3100 32.3656 32.7861 32.5373 32.6353 32.3995 32.1744 31.9890 32.0439 32.1438 32.5243 32.5243 33.9518 32.5170 32.3957 32.1445 32.0724 32.0847 31.9773 31.9983 32.1469 32.3361 32.3165 32.4416 32.4816 32.6611 32.8931 33.1638 33.2920 33.3295 33.1652 33.0526 32.9773 33.0878 32.8626 32.4976 32.5573 32.5072 32.7817 32.7509 32.8380 33.2924 33.2693 33.1045 33.2651 33.2327 33.4549 33.5425 33.6928 33.8052 33.9041 33.9127 34.1596 34.2679 34.2080 34.2471 34.4246
32.7792 32.1458 32.0457 32.2894 32.2267 32.1420 31.8623 32.0742 32.2375 32.2087 32.2314 32.3296 32.3421 32.2880 32.3690 32.5660 32.4429 32.5007 32.4407 32.3924 33.1793 33.2044 33.1767 34.2431 32.1046 32.1859 32.3225 32.2348 31.8902 31.9530 31.9860 32.0937 32.1167 32.1668 32.1793 32.2165 32.1291 32.3248 32.4450 32.7052 32.7447 32.5822 32.5820 32.7848 32.6222 32.3737 32.2009 32.4182 32.8275 32.8525 32.8899 33.1138 33.1659 32.8493 33.0125 33.0476 33.1808 33.3306 33.5349 33.6914 33.7445 33.7445 34.0495 34.0860 34.2148 34.2336 34.3585
32.7811 32.1351 32.0351 32.2788 32.2161 32.1314 31.8517 32.0848 32.2481 32.2193 32.2420 32.3402 32.3527 32.2861 32.3670 32.5302 32.4323 32.4901 32.4301 32.3943 33.1813 33.1938 33.1661 34.2411 32.1026 32.1839 32.3205 32.2202 31.8757 31.9385 31.9715 32.0792 32.1187 32.1437 32.1561 32.2059 32.1185 32.3142 32.4217 32.6946 32.7176 32.5677 32.5675 32.7702 32.5951 32.3466 32.1738 32.3911 32.8169 32.8419 32.8667 33.0906 33.1573 32.8406 33.0176 33.0527 33.1859 33.3381 33.5363 33.6929 33.7430 33.7430 34.0480 34.0844 34.2133 34.2057 34.3306
32.2763 32.1637 32.1652 32.1442 32.1794 32.1669 31.9530 31.8168 32.0253 31.9225 31.9995 32.2378 32.2458 32.4305 32.3680 32.0754 32.2087 32.8319 32.9671 32.7722 33.7836 33.7960 34.1679 32.0204 32.4377 32.1182 32.0671 31.9168 31.8591 31.8894 31.8882 31.8715 31.9819 31.9692 32.0057 31.9700 31.8575 31.9889 32.4472 32.4763 32.2517 32.2642 32.3516 32.2016 32.2014 32.2641 32.2746 32.4217 32.7464 32.8588 32.9461 33.1223 33.1297 32.8670 33.0332 33.0456 33.0920 33.2442 33.4691 33.6563 33.7148 33.7397 33.9486 34.0325 34.1549 34.1789 34.2288
31.9892 31.9641 32.0410 32.2021 32.1519 31.9999 31.9827 31.9471 32.0606 32.0890 32.0493 32.1718 32.2311 32.4304 32.2460 32.1710 32.1229 32.0754 33.0025 32.4922 33.0043 33.0167 33.3517 31.8650 31.9100 31.8975 31.9224 31.8452 31.8463 31.8984 31.9126 31.8993 31.8587 31.8608 31.9339 31.9464 31.8454 31.9449 32.2168 32.4022 32.3110 32.2237 32.1819 32.1946 32.3841 32.4091 32.5517 32.6419 32.6887 32.6040 32.6937 33.0185 33.1325 33.1177 33.1819 32.9486 33.0373 33.0769 33.3141 33.6022 33.7520 33.7682 33.7631 33.8177 34.0075 34.0743 34.2117
32.0039 31.9885 31.9618 32.0066 31.9691 31.9410 32.0161 31.9901 32.0253 32.0287 32.0037 32.0700 31.9472 32.1485 32.0966 32.2017 32.1143 32.0622 31.9247 32.2494 32.4118 32.4117 33.9203 32.6486 31.9480 31.9683 31.9123 31.9122 31.8768 31.8492 31.6612 31.5879 31.5590 31.5379 31.6287 32.0359 31.9051 31.9650 32.1090 32.2234 32.4013 32.1746 32.2724 32.3247 32.4143 32.4268 32.5780 32.7126 32.8489 32.7642 32.8160 33.0500 33.0999 33.0726 33.1847 33.0042 33.2451 33.2289 33.3292 33.6614 33.7114 33.7275 33.8186 33.8658 33.9782 34.0393 34.1945
32.0139 32.0185 32.0435 32.0442 31.9567 31.9440 31.8962 31.9555 31.9759 31.9130 31.8881 31.8899 31.8356 32.1077 32.0678 31.9843 31.8718 32.3167 31.8602 32.1023 32.0273 32.0272 36.2664 35.5432 32.1272 31.9982 31.9336 31.9253 31.8321 31.7821 31.5696 31.6962 31.6127 31.6233 31.6194 32.0235 32.0052 32.1376 32.1480 32.2085 32.5676 32.2949 32.2721 32.3368 32.4140 32.3515 32.5030 32.5925 32.6701 32.6465 32.7321 32.8633 32.9337 33.0683 33.0632 33.1614 33.3158 33.3063 33.4308 33.5407 33.5531 33.5531 33.7919 33.8919 33.9301 33.9457 34.1913
31.9433 31.8885 31.9832 31.9685 32.0457 31.9668 31.9111 31.8800 31.8978 31.8661 31.8161 31.9907 31.9022 31.9044 31.9921 32.0556 31.9951 32.1485 32.1523 32.0471 33.1350 33.1350 36.9738 37.3258 33.3995 32.3689 31.6532 31.6033 31.4249 31.4525 31.4426 31.5605 31.6202 31.6096 31.3724 31.5151 31.7431 31.9451 31.8117 31.8638 32.2135 32.1520 31.8520 31.8521 32.4769 32.4498 32.5451 32.5930 32.7400 32.7431 32.8074 32.8645 32.9473 33.0682 33.0703 33.2803 33.3803 33.3597 33.4895 33.5375 33.5375 33.5714 33.6987 33.8090 33.8880 34.0680 34.2072
31.9059 31.8638 31.9960 32.0312 31.9666 31.8876 32.0193 31.9757 31.9349 31.9281 31.8532 31.9029 31.9166 31.9813 32.0586 32.1096 32.0577 32.1987 32.2024 31.8097 33.0310 33.0310 36.8076 36.9971 33.1457 32.1190 31.3909 31.3410 31.2891 31.3042 31.2338 31.3017 31.4988 31.4593 31.1469 31.1750 31.1384 31.2927 31.5325 31.7345 31.9092 31.8642 31.9265 31.9266 32.4312 32.3790 32.5492 32.5847 32.7567 32.7597 32.8204 32.8184 32.8738 32.9797 32.9817 33.3041 33.3550 33.4924 33.5906 33.4941 33.5215 33.5554 33.6271 33.7624 33.9178 34.0978 34.1461
31.8470 31.8470 31.9266 31.8327 31.7931 31.8324 31.8698 31.9041 31.8442 31.8017 31.7142 31.6999 31.7502 31.8870 32.1522 31.8000 31.6856 31.9326 31.8576 31.6650 32.0750 32.0750 35.8195 34.0305 30.8953 31.3908 31.0843 31.1718 31.3033 31.5646 31.3742 31.2521 31.3541 31.3146 31.0965 31.0590 31.1951 31.2688 31.3985 31.6503 32.0245 31.8218 31.9967 32.3841 32.5992 32.6088 32.7694 32.6965 32.8500 32.8750 32.9356 32.9892 33.0870 33.1929 33.0925 33.2320 33.2079 33.3925 33.4694 33.4564 33.4813 33.4664 33.4856 33.6625 33.9035 34.0409 34.1642
31.8663 31.8558 31.9010 31.8756 31.7985 31.7728 31.8325 31.9056 31.7556 31.7717 31.6966 31.6861 31.6810 31.8077 31.9774 31.6271 31.5271 31.5515 31.7009 31.8657 31.8199 31.8199 33.4684 34.7047 31.9855 31.3933 31.0944 31.1694 31.3215 31.4248 31.4100 31.2648 31.2860 31.3110 31.0656 31.1770 31.2143 31.3137 31.5204 31.7722 32.1108 31.9784 32.0391 32.4765 32.7036 32.7342 32.8943 32.8941 32.9714 33.0117 33.0492 33.0391 33.0641 33.1091 33.0464 33.1566 33.1211 33.2390 33.2315 33.3928 33.4677 33.4944 33.5119 33.5847 33.7644 33.8768 34.0949
31.8657 31.8991 31.9037 31.8412 31.8141 31.8121 31.7152 31.5790 31.5925 31.5931 31.5181 31.3888 31.4957 31.5900 31.7176 31.6278 31.3652 31.4558 31.6101 31.5023 31.5752 31.5752 32.0769 34.0487 34.2110 31.1713 31.3938 31.5187 31.6131 31.6236 31.5126 31.4098 31.2483 31.2732 31.1194 31.2478 31.1319 31.5704 31.6203 31.8433 32.4617 32.1943 32.2214 32.3941 32.7961 32.7837 32.9211 32.9483 32.9786 32.9931 33.0778 33.0844 33.0094 33.0652 33.1011 33.0986 33.1019 33.2394 33.3023 33.3416 33.4539 33.4539 33.5517 33.7040 33.7322 33.8474 34.0510
31.7934 31.7933 31.7765 31.8612 31.9090 31.7963 31.6963 31.5734 31.2609 31.2984 31.2254 31.2241 31.3740 31.4171 31.4624 31.4730 31.5209 31.5702 31.1198 31.2640 31.6579 31.6579 32.0221 32.8463 34.8432 33.2353 31.6909 31.7033 31.4538 31.6218 31.5616 31.5616 31.3669 31.3542 31.3661 31.5478 31.5548 31.6781 32.0317 32.0940 32.0108 32.1781 32.2286 32.3764 32.7513 32.7890 32.8890 32.8889 32.9251 32.9342 33.0219 32.9787 33.0161 33.0680 33.0664 33.0538 33.0630 33.1548 33.1859 33.2085 33.3466 33.3466 33.4489 33.5488 33.6990 33.7711 33.9133
31.7035 31.7287 31.8038 31.9010 31.9739 31.8611 31.7862 31.3862 31.1610 31.1523 30.9483 31.0221 31.2095 31.2525 31.3853 31.6083 31.7228 31.8059 31.4718 31.4285 31.7974 31.7974 31.9721 32.6588 34.6807 33.0833 31.7262 31.6637 31.4018 31.5718 31.5263 31.4013 31.2958 31.2957 31.4556 31.6374 31.6922 31.8155 32.2047 32.2543 32.0193 32.2243 32.1016 32.2515 32.6638 32.6661 32.9313 32.9188 32.9291 32.9265 33.0100 32.9378 32.9946 33.0071 33.0312 33.0187 33.0030 33.0948 33.0988 33.2176 33.3557 33.3557 33.4432 33.5134 33.6339 33.7381 33.8827
31.6490 31.6740 31.8048 31.8451 31.9053 31.9178 31.7532 31.4033 31.1433 31.2223 30.9933 30.9987 31.2485 31.2610 31.4358 31.6356 31.7479 31.8603 31.4269 31.4451 31.6646 31.6646 32.0767 32.9012 32.9512 33.6257 31.5853 31.5458 31.7751 31.8835 31.7353 31.6306 31.6394 31.6121 31.7305 31.8409 31.8176 31.9775 32.1354 32.1746 31.9201 31.7389 32.0363 32.1988 32.6467 32.5717 32.8341 32.7966 32.9118 32.8307 32.9638 32.9142 32.9844 33.0094 32.8822 32.9251 32.9250 33.0127 33.0949 33.2877 33.3085 33.3002 33.4122 33.4762 33.6134 33.6953 33.9101
31.4683 31.4058 31.5180 31.4507 31.6234 31.5859 31.4463 31.3215 31.2590 31.2338 31.2192 31.0767 31.1890 31.2568 31.3425 31.4003 31.5126 31.5730 31.7525 31.5829 31.7578 31.7578 31.7825 32.0198 32.6066 32.9832 32.0027 32.1400 31.9749 31.9692 31.7714 31.7292 31.6583 31.6289 31.7112 31.8472 32.0280 31.9536 31.7860 31.7752 31.7116 31.7240 32.0162 32.3182 32.7662 32.7288 32.7538 32.7287 32.7771 32.8064 32.8746 32.8446 32.9273 32.9398 32.8625 32.8430 32.8180 32.8973 33.0747 33.2325 33.3408 33.3325 33.3945 33.4711 33.5916 33.6055 33.8553
31.5489 31.4615 31.3947 31.2994 31.1138 31.1513 31.2533 31.3783 31.2407 31.2157 31.3301 31.0071 31.0214 31.0756 31.1806 31.1390 31.1639 31.2603 31.6551 31.7785 31.8758 31.8758 31.8444 31.9521 31.9395 31.8799 33.0887 33.0386 31.9595 31.9595 31.8097 31.6223 31.5224 31.5202 31.4578 31.8094 31.7333 31.7458 31.5512 31.5635 31.7437 31.5992 31.7496 31.9595 32.4589 32.3590 32.5840 32.6339 32.6837 32.7009 32.8010 32.8661 32.9340 32.9590 32.8871 32.9365 33.0491 32.9743 33.0785 33.2409 33.4004 33.3799 33.4621 33.5611 33.5963 33.6382 33.7533
31.5432 31.4683 31.0805 30.8910 30.9285 30.9631 30.9736 31.0860 31.1485 31.1464 31.0943 30.9215 30.7513 30.8012 30.9675 30.9674 30.9173 31.0401 31.3150 31.4649 31.9561 31.9560 31.9416 31.8878 31.7918 31.8076 32.0364 31.7973 32.9619 31.1135 31.1278 31.3731 31.2201 31.2305 31.3166 31.4617 31.4346 31.4846 31.3576 31.3827 31.5597 31.4221 31.6492 31.6915 32.0516 32.0267 32.3287 32.5036 32.6638 32.6918 32.8418 32.7640 32.8689 33.0063 33.0340 33.1515 33.1698 33.1411 33.2667 33.4041 33.5734 33.5127 33.5402 33.6031 33.5200 33.5590 33.7311
31.5154 31.4529 31.1362 30.9237 30.9737 30.8910 30.9390 31.0639 31.1638 31.1617 31.0884 30.9656 30.8137 30.8109 30.9272 30.9269 30.9519 31.0122 31.2496 31.3372 31.7273 31.7147 31.7503 31.6731 31.5607 31.6481 31.5003 31.2630 32.3589 31.8738 31.2918 31.1245 31.1244 31.1348 31.2862 31.1775 31.2996 31.2763 31.1575 31.1950 31.5383 31.4240 31.6594 31.6848 32.0237 32.0489 32.3633 32.5383 32.7360 32.7140 32.8139 32.8830 33.0361 33.0485 33.0652 33.1952 33.2135 33.1576 33.2389 33.3784 33.5209 33.4602 33.5376 33.6011 33.4931 33.5319 33.6568
31.0365 31.0241 30.8724 30.8722 30.9097 30.8269 30.9643 30.8785 30.9034 30.8799 30.8195 30.8675 30.8030 30.7627 30.8378 30.8608 31.0856 31.1189 31.2562 31.4331 31.9374 31.9373 31.9625 31.7541 31.5563 31.6314 31.4314 31.2314 32.3358 31.8737 31.2648 31.1207 31.1185 31.1414 31.3302 31.2111 31.2996 31.2514 31.1490 31.1884 31.4817 31.3674 31.6529 31.6762 31.9759 31.9615 32.1468 32.4069 32.6717 32.6717 32.7091 32.8347 32.9176 32.9350 32.9918 33.1949 33.2448 33.1992 33.3320 33.5089 33.6088 33.5748 33.7095 33.7319 33.5569 33.5902 33.6277
31.0056 30.9930 30.8913 30.8768 30.8538 30.7991 30.7992 30.7363 30.7220 30.7360 30.7235 30.7880 30.8149 30.7530 30.8781 31.0653 31.3171 31.3898 31.6022 31.3543 31.7727 31.7600 31.7975 31.5224 31.5101 31.5101 31.2832 31.0583 31.2649 31.6645 32.2265 31.4146 31.3038 31.3288 31.0165 31.0895 31.1745 31.1518 31.1290 31.2040 31.5344 31.5451 31.6960 31.7217 31.8716 31.9470 32.1158 32.3032 32.5530 32.5030 32.6030 32.7462 32.8310 32.8915 33.0632 33.1746 33.4147 33.3789 33.3810 33.6073 33.7197 33.7320 33.7221 33.7870 33.6359 33.6859 33.7587
