regresion/JUNIO_2003/SeaWiFS/Composicion (Lt_555).txt
ncols         167
nrows         127
xllcorner     -112.009
yllcorner     26.717
cellsize      0.00893
[rows 0 to 28 of 127, columns 0 to 66 of 167]
30.7776 30.9044 31.1938 31.3206 31.5082 31.6577 31.6596 31.6370 31.4494 31.5089 31.1193 30.9529 30.9029 30.7488 30.7363 30.6487 30.8986 30.8284 31.0157 31.0797 31.0463 31.0836 30.9357 30.9482 30.8579 30.9077 30.8290 30.8290 30.8768 30.8499 30.8374 30.9098 30.9599 30.9646 31.0414 30.9434 31.0059 31.0182 30.9846 30.9970 31.0418 31.0919 31.4129 31.4129 31.3878 31.3004 31.2108 31.3585 31.3711 31.5029 31.8798 31.7923 31.7420 31.6440 31.7835 32.4064 32.4140 32.4390 32.4865 32.4863 32.5113 33.0321 33.0300 32.6126 32.5875 32.7750 32.6625
30.7303 30.7324 30.6552 30.9160 31.0765 31.2136 31.0634 31.4282 31.3282 31.4259 31.0808 31.0199 30.9449 30.7324 30.7074 30.6718 30.9467 30.9438 31.1291 31.1396 31.0271 31.0126 30.9750 30.9750 30.9154 30.9527 30.8548 30.8315 30.8314 30.8979 30.8354 30.9204 30.9330 30.9532 31.0281 31.0138 31.0762 31.0261 31.0491 31.1991 31.2632 31.2034 31.2785 31.3175 31.2696 31.2697 31.2465 31.3193 31.3194 31.5269 31.7019 31.9228 31.8350 31.5247 31.7227 32.2350 32.2272 32.3647 32.3542 32.4063 32.4562 32.5810 32.7286 32.6536 31.8670 32.0524 32.4837
30.7066 30.7191 30.6955 30.9291 31.1810 31.3555 31.0930 31.3953 31.2953 31.3974 31.0945 31.0192 30.9317 30.7277 30.7027 30.6901 30.9273 30.9404 31.0798 31.1154 31.0155 31.0298 30.9569 30.9693 30.9068 30.9588 30.8666 30.8307 30.7808 30.8662 30.8036 30.8887 30.8991 31.0039 31.0413 31.0270 31.0895 31.0394 31.0954 31.1954 31.2326 31.1652 31.2527 31.2918 31.2543 31.2148 31.2126 31.2479 31.2479 31.4902 31.6652 31.9131 31.8254 31.4901 31.6940 32.1814 32.1841 32.2760 32.3215 32.4753 32.5606 32.6379 33.0793 32.4629 32.0644 32.2519 32.3517
30.7709 30.8209 30.8687 30.7512 30.8509 30.9005 30.9630 31.1025 31.1275 31.1670 31.0074 31.0342 30.9824 31.0822 31.0447 31.0445 31.0444 31.0673 31.0998 31.2122 31.1389 31.0868 31.0767 31.0517 31.0142 31.0287 30.9211 30.8585 30.8086 30.8316 30.8940 30.9315 30.9544 31.0045 31.0996 31.1620 31.2245 31.0389 31.1533 31.1907 31.2281 31.3204 31.1954 31.2078 31.2552 31.3138 31.3155 31.2530 31.2530 31.2752 31.3481 31.4729 31.3977 31.6016 32.1015 32.2392 32.2391 32.2564 32.3190 32.3361 32.4443 32.4542 32.4537 32.4805 32.0011 32.1260 32.3275
30.6936 30.7436 30.8164 30.7760 30.8800 30.9296 30.9279 31.1048 31.1047 31.1172 31.0075 31.0094 30.9823 31.0781 31.0797 31.1298 31.1297 31.1421 31.1246 31.2141 31.1640 31.1264 31.0791 31.1914 31.1540 31.0165 30.8818 30.8066 30.7817 30.8795 30.8562 30.9542 30.9667 31.0188 31.0765 30.9764 31.0264 31.0388 31.1641 31.2287 31.2661 31.4439 31.3313 31.3310 31.3910 31.2780 31.3298 31.3654 31.3675 31.2021 31.2125 31.3620 31.3246 31.3892 31.9474 32.2474 32.2368 32.2291 32.2541 32.2462 32.3189 32.4310 32.3474 32.5721 32.1159 32.1159 32.3549
30.7891 30.9140 30.9636 30.9666 31.0204 30.9972 30.9222 30.9094 30.9093 30.9842 31.0313 31.1667 31.1916 31.0396 31.1520 31.2001 31.4749 31.4373 31.4421 31.2421 31.2422 31.2420 31.1940 31.2456 31.1831 31.0456 31.0052 30.8906 30.8927 30.8406 30.9030 30.9368 30.9994 31.0118 31.1665 31.0790 31.1044 31.0668 31.1293 31.2832 31.3456 31.6429 31.6429 31.5176 31.6279 31.3400 31.3775 31.4987 31.4987 31.2465 31.2263 31.2156 31.2656 31.2156 31.3279 31.9923 32.0192 32.1415 32.1291 32.2165 32.2887 32.2763 32.1992 32.1717 32.1574 32.3074 32.3066
30.6832 30.7936 30.8558 30.9779 30.9384 30.8635 30.8384 30.9797 30.9796 30.9421 30.9421 31.0967 31.1091 31.0320 31.1464 31.2445 31.4797 31.4670 31.4142 31.1997 31.1893 31.2391 31.1996 31.2534 31.2159 31.0784 31.0284 30.9080 30.8580 30.8934 30.9183 30.9164 30.9415 31.0040 31.1866 31.0616 31.1162 31.0535 31.0910 31.3036 31.4160 31.6910 31.6584 31.5456 31.6413 31.3282 31.3407 31.4908 31.4908 31.2657 31.1859 31.2128 31.2024 31.1899 31.3148 31.9542 31.9771 32.0791 32.1297 32.1797 32.2395 32.2144 32.2019 32.0747 31.9767 32.1663 32.2738
30.7408 30.7885 30.7635 30.8260 30.8056 30.8845 30.8719 30.9364 30.9595 30.9221 31.0221 30.9941 30.9921 31.1773 31.2627 31.3126 31.3122 31.2871 31.3121 31.5419 31.2314 31.2563 31.3083 31.2728 31.2478 31.1209 31.0834 31.0284 31.0034 30.9139 30.9513 30.9597 31.0222 31.0238 31.4739 31.2661 31.3203 31.0452 31.1952 31.7972 31.8222 31.8201 31.6152 31.3778 31.4485 31.4104 31.5978 31.4710 31.4710 31.3351 31.1399 31.1174 31.0945 31.1195 31.2820 31.7820 31.7839 31.9942 32.0122 32.0247 32.0100 32.0225 31.9725 31.9473 31.9829 32.1121 32.2918
30.9955 30.9578 30.9559 30.8830 30.8924 30.9530 31.0405 31.0030 30.9529 30.9529 31.0026 30.9053 30.9571 31.1049 31.0816 31.1440 31.5315 31.5210 31.5441 31.4393 31.2914 31.2914 31.4892 31.3642 31.3142 31.0746 31.1138 31.0792 31.0811 30.9913 31.0037 30.9952 31.0203 31.0953 31.6807 31.3883 31.4154 30.9905 31.2530 32.0610 32.0360 31.9859 31.4677 31.4177 31.5154 31.5152 31.5152 31.2671 31.2671 31.1940 31.2172 31.2149 31.1378 31.3626 31.7500 31.8249 31.7980 31.8751 31.9298 31.9296 31.9172 31.9421 31.9046 31.9419 31.9294 32.1166 32.4191
31.0139 30.9888 31.1512 31.0030 31.0808 31.1222 30.9075 30.8218 30.8093 30.9217 30.9967 31.0052 30.9275 30.9275 30.9524 31.0504 31.2125 31.2500 31.0500 31.1400 31.1921 31.2191 31.3440 31.1709 31.1584 31.2583 31.3977 31.3311 31.2388 31.1262 31.0887 31.2636 31.2741 31.6344 31.6219 31.4784 31.3807 30.9931 31.4931 31.9805 32.0200 32.0218 31.9773 31.5128 31.4504 31.4627 31.3002 31.3102 31.3353 31.2708 31.2083 31.3171 31.2921 31.6293 31.6794 31.8439 31.8314 31.9585 31.9917 32.0116 31.9992 31.9096 31.7472 31.8096 31.7346 32.0074 32.2095
31.0159 30.9783 31.1407 30.9925 31.0702 31.1116 30.8969 30.8324 30.8199 30.9323 30.9947 31.0032 30.9255 30.9255 30.9630 31.0524 31.2270 31.2646 31.0646 31.1546 31.1941 31.2211 31.3585 31.1689 31.1564 31.2563 31.4208 31.3542 31.2620 31.1368 31.0992 31.2741 31.2635 31.6238 31.6113 31.4679 31.3701 30.9825 31.4698 31.9699 32.0054 32.0073 31.9628 31.4983 31.4232 31.4481 31.2856 31.3208 31.3459 31.2728 31.2227 31.3065 31.2815 31.6439 31.6939 31.8585 31.8333 31.9439 31.9772 32.0222 32.0097 31.9201 31.7576 31.8076 31.7326 32.0094 32.2115
31.0705 31.0703 30.9202 30.8701 30.9902 31.0029 30.9300 30.9154 30.8404 30.9029 31.0402 31.1630 31.0571 31.0925 31.1300 31.1444 31.0191 31.0441 31.0690 31.1315 31.1067 31.0769 31.1539 31.2768 31.2642 31.5891 31.6641 31.5369 31.5417 31.2038 31.3038 31.5288 31.5307 31.3306 31.2306 31.5422 31.5299 31.8403 31.9775 31.8275 31.8131 31.8129 31.9711 31.6857 31.6153 31.4903 31.1902 31.3149 31.3150 31.2689 31.1939 31.2271 31.2396 31.6643 31.7018 31.6893 31.6516 31.8100 31.8203 31.9145 31.9020 31.8021 31.6395 31.8269 31.7791 32.0684 32.0309
30.9869 31.0388 31.1659 31.1032 30.9783 31.0079 30.8473 30.9240 30.9990 31.0969 31.2968 31.3570 31.1041 31.1521 31.0628 31.1107 31.3500 31.3500 31.3124 31.1250 31.1020 31.1068 31.1459 31.3584 31.3583 31.4959 31.4833 31.6311 31.5782 31.7158 31.5762 31.7887 31.7864 31.4114 31.4239 31.9861 31.9931 32.2430 32.0054 31.6803 31.6073 31.5821 31.8423 31.9173 31.9625 31.5520 31.5001 31.3750 31.3750 31.2606 31.1980 31.1855 31.1653 31.4669 31.6794 31.4920 31.3294 31.4438 31.7312 31.6390 31.5890 31.7369 31.8367 31.9366 31.8264 31.9595 31.9220
31.2831 31.3725 31.0120 31.0368 30.8617 30.7589 30.9695 31.1903 31.4777 31.5756 31.5631 31.4983 31.2733 31.1906 31.3781 31.3443 31.6837 31.6587 31.3711 31.1334 31.2356 31.2577 31.6183 31.5746 31.5746 31.8246 31.8246 31.9473 31.9250 31.9540 31.8561 31.7685 31.7327 31.5452 31.6950 31.8950 31.8800 31.9050 31.7755 31.4131 31.3861 31.4484 31.6961 31.6585 31.7855 31.6528 31.4423 31.2671 31.2671 31.2296 31.2690 31.3440 31.3018 31.5516 31.6371 31.3872 31.2497 31.2497 31.4601 31.4522 31.4023 31.4397 31.6916 31.8665 31.7937 32.0290 32.0558
31.2784 31.3409 31.0303 30.9927 30.8280 30.8933 31.0202 31.2430 31.5450 31.5949 31.6594 31.4322 31.2073 31.3293 31.5168 31.4166 31.6269 31.6497 31.4893 31.2392 31.3517 31.3046 31.5439 31.5418 31.5418 31.7585 31.7460 31.8937 31.8560 31.9386 31.8532 31.7033 31.6635 31.5261 31.6508 31.9134 31.8182 31.8431 31.6534 31.2930 31.4178 31.4698 31.6675 31.6300 31.5925 31.5480 31.3623 31.1622 31.1622 31.1644 31.2622 31.2623 31.2420 31.4795 31.5546 31.3048 31.2797 31.2672 31.4918 31.5245 31.4848 31.4974 31.6617 31.8242 31.8388 32.0513 32.0993
31.1935 31.2185 30.9455 31.0952 31.1597 31.1347 31.0673 31.2670 31.5421 31.6172 31.5921 31.5148 31.4627 31.5655 31.6655 31.5905 31.5296 31.5296 31.4691 31.3316 31.6210 31.5682 31.8536 32.1035 32.0910 32.0414 32.0038 32.1016 32.0746 32.1668 32.0917 31.9770 31.9518 31.8578 31.8075 31.8575 31.7700 31.7700 31.6151 31.2297 31.3295 31.3505 31.6108 31.4607 31.3983 31.4779 31.0651 31.1507 31.1528 31.2425 31.3318 31.2819 31.2020 31.2519 31.3769 31.3516 31.3265 31.3140 31.5848 31.6098 31.5598 31.6270 31.5542 31.7895 31.7665 31.9414 31.9434
30.9688 30.9938 31.0079 31.0327 30.9472 30.8220 30.9046 31.0045 31.0191 31.2795 31.3150 31.5897 31.5126 31.5405 31.6280 31.5172 31.4545 31.4545 31.3690 31.6316 31.9961 31.9433 32.0413 32.0287 32.0162 32.0515 32.1389 32.1139 32.0742 32.1290 32.1165 31.9786 31.9912 31.8581 31.8202 31.8202 31.8452 31.8073 31.6777 31.3401 31.3880 31.2609 31.7107 31.5982 31.5857 31.4529 31.0653 31.1153 31.1174 31.1589 31.2318 31.2443 31.1644 31.2018 31.3769 31.4247 31.3474 31.2456 31.2724 31.3473 31.3473 31.2770 31.2916 31.6414 31.6435 31.9206 31.7810
30.9161 30.9161 30.9659 31.0156 31.1281 30.9904 31.0806 31.2429 31.3324 31.5552 31.4072 31.7444 31.7819 31.8416 31.7165 31.5289 31.7769 31.7519 31.4770 31.7268 31.9893 31.9018 32.0168 31.9418 31.9418 31.9917 32.0688 32.0438 32.0332 32.1305 32.1534 32.0031 32.0657 32.0534 31.8883 31.8258 31.8487 31.8608 31.3658 31.1158 31.1512 31.3905 31.8925 31.4174 31.4570 31.4648 31.0645 31.0145 31.0396 31.1145 31.2855 31.3605 31.3354 31.2651 31.3276 31.3151 31.2628 31.4149 31.2936 31.3561 31.3810 31.3638 31.3013 31.4263 31.5136 31.7137 31.7721
30.9722 30.9598 30.9475 31.0077 31.0577 30.9576 30.9797 31.1275 31.2005 31.4010 31.1156 31.3904 31.4779 31.6153 31.4902 31.3323 31.5821 31.6071 31.3943 31.6191 31.8815 31.7689 31.9265 31.8786 31.8911 31.9262 31.9890 32.0389 32.0763 32.0764 32.1561 32.0663 32.0538 32.0954 31.9556 31.9181 31.9306 31.9427 31.4921 31.2278 31.2255 31.4129 31.8399 31.3753 31.4856 31.5481 31.1152 31.0526 31.0652 31.0047 31.1903 31.2922 31.3192 31.2144 31.2642 31.1892 31.2121 31.3495 31.3242 31.3848 31.4097 31.4366 31.3019 31.4144 31.4540 31.6561 31.8163
31.1009 31.1615 31.3260 31.2925 31.3176 31.2425 31.2203 31.1845 31.2470 31.4974 31.3578 31.6305 31.6679 31.6554 31.4929 31.6504 31.8253 31.7859 31.7625 31.7415 31.8039 31.7663 31.8288 31.8584 31.8709 31.8812 32.0436 32.0662 32.0662 32.0912 32.1488 32.0238 32.0009 32.0155 31.9384 31.9406 32.0031 31.9778 31.5680 31.2429 31.1781 31.3906 31.5030 31.6403 31.7152 31.1529 31.0480 31.0751 31.0876 31.0772 31.0521 31.1645 31.1769 31.1691 31.1418 31.1169 31.0772 31.2271 31.2147 31.2022 31.2271 31.2292 31.3243 31.3243 31.3139 31.3639 31.6261
31.8078 31.8473 31.8847 31.8367 31.6720 31.4221 31.5220 31.4796 31.4044 31.4631 31.4235 31.4110 31.1632 31.2756 31.3506 31.4784 31.8695 31.7839 31.7588 31.7733 31.7336 31.7335 31.8709 31.9037 31.9536 32.0766 32.1101 32.1221 32.1596 32.0993 32.1271 32.0040 32.0329 31.9577 31.9597 31.9971 31.9847 31.9572 31.6447 31.3130 31.1985 31.3109 31.7482 31.2587 31.3336 31.4979 31.3026 31.0693 31.0819 31.0943 31.0943 30.9837 30.9711 31.0442 31.0419 31.0996 30.9726 31.0600 31.0849 31.1080 31.1328 31.1492 31.1686 31.1935 31.1311 31.3560 31.5434
31.8845 31.9452 31.9325 31.8451 31.8075 31.5575 31.4701 31.5776 31.6901 31.7151 31.5526 31.5527 31.4278 31.5422 31.4525 31.4927 31.8713 31.8068 31.8067 31.7943 31.8546 31.8419 31.9066 31.9892 32.0391 32.1374 32.0538 32.1410 32.1785 32.1659 32.0540 32.0308 32.0702 31.9950 31.9930 32.0408 32.0284 32.0031 31.6553 31.4504 31.3359 31.3235 31.4754 31.1772 31.2522 31.1394 31.1673 31.1569 31.1673 31.1548 31.1298 30.9652 30.9402 30.9526 30.9917 31.0266 30.8996 30.9745 31.0619 31.0138 31.0512 31.0262 31.2041 31.4164 31.3164 31.5663 31.5286
32.0027 31.9901 31.9901 31.9026 31.8400 31.5776 31.4297 31.4720 31.5844 31.5701 31.5576 31.4825 31.3451 31.3950 31.3178 31.4781 31.8376 31.7875 31.8250 31.7644 31.8394 31.8268 31.9060 31.9585 31.9979 32.0961 32.0960 32.1687 32.1688 32.1665 32.0392 31.9911 32.0614 32.0612 32.0487 32.0255 31.9901 31.9774 31.6796 31.4467 31.3321 31.3197 31.5175 31.2424 31.3154 31.1527 31.1835 31.1607 31.1607 31.0856 31.0731 30.9375 30.9896 30.9395 30.9661 30.9959 30.8938 30.9665 31.0790 31.0039 31.0519 31.0019 31.1849 31.3722 31.3493 31.5865 31.5740
32.1701 32.1221 32.0846 32.0596 31.8970 31.6970 31.6846 31.5565 31.5189 31.5756 31.5880 31.6878 31.6004 31.3506 31.4131 31.2757 31.5572 31.4947 31.5695 31.5340 31.6964 31.7088 31.9233 31.8957 31.9410 32.0014 31.9888 32.0114 32.1115 32.0342 31.9967 31.9761 32.0434 32.0807 32.0932 32.0075 31.9471 31.5594 31.3701 31.5632 31.5132 31.5632 31.3236 31.3361 31.4091 31.1590 30.9966 31.1798 31.1798 31.2046 31.1296 31.0440 31.0711 30.9564 30.9312 31.0496 31.0121 31.0349 31.0224 31.0224 30.9705 30.9455 30.9850 31.1788 31.1560 31.4558 31.4808
32.1545 32.1171 32.0150 32.0026 31.9150 31.7276 31.7026 31.5276 31.5297 31.5304 31.5575 31.6698 31.6323 31.4575 31.3948 31.3572 31.3686 31.4417 31.5791 31.6896 31.8894 31.9018 31.9519 31.9392 31.9939 32.0419 32.0419 31.9936 32.0685 32.0558 32.1182 32.0974 32.1177 32.1403 32.0403 32.0130 31.9506 31.6631 31.3469 31.1842 31.2389 31.5784 31.6533 31.2033 31.2802 31.0696 31.1945 31.2789 31.2915 31.1270 31.1270 30.9770 30.9980 30.9207 30.8707 30.9599 31.0271 31.0645 30.9915 30.9414 30.8560 30.8559 30.8955 31.1887 31.1762 31.4261 31.5260
32.1721 32.1740 32.0032 31.9977 31.8939 31.8382 31.8914 31.7033 31.7157 31.5421 31.4985 31.5983 31.5503 31.4004 31.4004 31.4253 31.3648 31.3819 31.5840 31.6840 31.5840 31.6090 31.8068 31.9067 31.8520 31.9288 31.9138 31.9242 31.9616 31.9865 32.0614 32.1384 32.1393 32.1534 32.0681 31.8948 31.7824 31.7698 31.6052 31.1175 31.1627 31.1272 31.5377 31.2378 31.2733 31.1607 31.2855 31.4603 31.4479 31.2402 30.9546 30.9794 31.0188 30.9794 30.9941 31.0940 31.0892 30.9767 31.0374 30.9496 30.9228 30.9082 30.8725 31.1270 31.2020 31.3037 31.5162
32.0709 32.0939 32.0066 31.9849 31.9350 31.9189 31.8868 31.5999 31.5997 31.5910 31.4801 31.6049 31.4819 31.3695 31.3695 31.3819 31.3463 31.3810 31.6311 31.7021 31.6147 31.6272 31.8125 31.9499 31.9402 32.0171 31.9666 31.9684 31.9684 31.9683 32.0682 32.1452 32.0930 32.1631 32.1403 31.9257 31.7758 31.7632 31.6111 31.1608 31.1280 31.0800 31.5155 31.2155 31.2175 31.1674 31.2173 31.4421 31.4296 31.1874 30.9518 30.9891 30.9996 30.9977 31.0124 31.0624 31.1295 30.9794 31.0277 30.9400 30.8920 30.8773 30.8666 31.0743 31.1742 31.2759 31.5008
32.0318 32.0423 32.1171 32.0325 32.0222 31.9686 31.9135 31.7016 31.7016 31.6553 31.4821 31.5323 31.4073 31.4322 31.4820 31.5195 31.4320 31.4666 31.8145 31.7746 31.8038 31.8163 31.7018 31.8018 31.7920 31.8794 31.8688 31.9209 31.9293 32.0561 32.0935 32.1185 32.0685 32.0011 32.0488 31.8756 31.7632 31.7151 31.5254 31.1880 31.1927 30.9655 31.1174 31.1049 31.1818 31.2424 31.1424 31.4921 31.4797 31.5770 31.1001 31.1375 31.1500 31.0745 31.0121 30.9850 31.0770 31.0021 30.9913 30.9911 30.9309 30.9558 30.9434 30.9386 31.0135 31.0759 31.0865
31.9700 31.9701 32.0219 31.9824 31.9221 31.9096 31.8471 31.5681 31.5805 31.4056 31.5381 31.5024 31.4877 31.4771 31.4896 31.5790 31.4915 31.5568 31.8959 31.8834 31.8713 31.7838 31.6672 31.7672 31.7644 31.9394 31.8997 31.9996 32.0640 32.0532 32.0406 32.0407 32.0405 31.9952 31.8327 31.6700 31.5804 31.6305 31.1407 30.9157 30.9656 30.9357 30.8733 30.7965 30.8754 31.0023 31.1397 31.0771 31.0772 31.4442 31.4941 31.1940 31.1940 31.0397 30.9522 30.9772 31.0471 31.0491 30.9991 31.0098 30.9620 30.8870 30.7887 30.9011 30.8560 31.0038 30.9788
