regresion/JUNIO_2003/SeaWiFS/Composicion (Lt_555).txt
ncols         167
nrows         127
xllcorner     -112.009
yllcorner     26.717
cellsize      0.00893
[rows 87 to 115 of 127, columns 0 to 66 of 167]
108.9244 108.9253 93.6418 91.4401 94.4875 73.5968 65.1619 53.6713 50.0847 38.0820 35.5825 35.4844 33.9259 33.4273 33.3500 32.8467 32.8446 32.7240 32.5991 32.5354 32.3172 32.2695 32.2323 32.0774 32.0459 32.0304 31.9080 31.8049 31.8068 31.8083 31.7833 31.7332 31.6697 31.6466 31.5944 31.5270 31.4873 31.3871 31.3245 31.1369 31.1493 30.9599 30.9043 30.8041 30.7165 30.6038 30.4538 30.3558 30.3433 30.2559 30.2390 30.1723 30.1242 30.0865 30.0595 30.1094 30.1344 30.1109 30.0052 29.9550 29.9281 29.9301 29.9052 29.8800 29.8425 29.8658 29.8863
103.6635 103.2273 83.3332 68.9242 56.9613 55.4777 49.6224 50.5841 49.2914 47.6209 43.7599 42.8288 37.2535 33.1592 32.9763 32.8644 32.9575 32.6269 32.3614 32.5492 32.3372 32.2010 32.1520 31.9610 32.0008 32.0041 31.9063 31.7713 31.6803 31.6281 31.6531 31.6942 31.6692 31.6369 31.5515 31.4939 31.3668 31.3023 31.2772 31.1271 31.0896 30.9914 30.9140 30.8514 30.7641 30.6515 30.4765 30.3765 30.3620 30.2370 30.2137 30.1409 30.1140 30.0762 30.0762 30.1157 30.1656 30.1655 30.0616 30.0364 30.0008 29.9633 29.9364 29.8862 29.8737 29.8736 29.8377
97.9843 94.9280 70.3572 56.5025 46.3787 47.4770 43.7794 48.4236 46.4058 52.4826 52.1017 48.8329 43.5708 31.5370 31.3541 32.9304 32.5398 32.5556 32.5129 32.6189 32.4056 32.2439 32.1275 31.9943 31.9942 31.9856 31.8959 31.6946 31.6604 31.7243 31.7243 31.7737 31.7362 31.6542 31.5813 31.3726 31.4608 31.4211 31.3585 31.1765 31.1390 30.9888 30.9640 30.9015 30.8021 30.6645 30.4895 30.3894 30.3770 30.2665 30.1932 30.1615 30.1259 30.0506 30.0631 30.0631 30.0756 30.0610 30.0364 30.0032 29.9639 29.9264 29.8887 29.8637 29.8261 29.8511 29.8277
93.3823 90.3261 67.4378 47.0014 43.1158 44.8241 42.7268 47.9615 49.7020 55.7787 56.2408 52.3455 43.9990 31.9652 31.1056 32.9337 32.5509 32.5581 32.4879 32.4691 32.4384 32.2357 32.0689 32.0066 32.0066 31.9980 31.9729 31.6770 31.6348 31.7360 31.7484 31.7854 31.7479 31.6261 31.5635 31.3885 31.4767 31.3712 31.3211 31.1874 31.1499 31.0224 31.0246 30.9515 30.8540 30.6933 30.5308 30.3806 30.3681 30.2451 30.1951 30.1368 30.1243 30.0846 30.0846 30.0846 30.0718 30.0573 30.0345 29.9780 29.9280 29.9155 29.8923 29.8798 29.8422 29.8421 29.8545
70.5906 69.7290 50.9737 39.8616 38.2716 39.6096 37.1218 38.4621 39.9462 42.7897 42.2246 38.0368 37.4073 32.8814 31.6264 32.8151 32.7687 32.8234 32.6386 32.6291 32.4505 32.3177 32.1138 31.9589 31.9390 31.9347 31.9436 31.8174 31.7465 31.6275 31.6649 31.7457 31.7457 31.6665 31.5665 31.4427 31.3446 31.2912 31.1193 31.0474 31.0848 31.1268 31.0665 30.9915 30.9245 30.7638 30.5514 30.3514 30.3514 30.2367 30.2118 30.2117 30.2018 30.1387 30.1387 30.1138 30.0136 30.0760 30.0033 29.8986 29.8631 29.8490 29.7883 29.8257 29.7862 29.7735 29.7485
63.4156 52.8300 41.0339 36.7046 34.4070 34.7825 34.6850 35.1484 35.1769 35.0548 34.8629 33.6011 33.9047 33.2561 33.1663 33.1676 32.9952 33.0588 32.8679 32.7434 32.3962 32.3145 32.1293 32.0364 32.0115 31.8639 31.7609 31.8944 31.9068 31.7077 31.6223 31.7472 31.6266 31.6019 31.5518 31.4874 31.3703 31.3100 31.2581 31.1246 31.1371 31.0992 31.0014 30.9139 30.8415 30.6915 30.4933 30.3037 30.3037 30.2265 30.2265 30.2514 30.2094 30.1361 30.1364 30.1365 29.9863 30.0238 30.0010 29.9553 29.9178 29.8283 29.8154 29.7779 29.7507 29.7757 29.7756
56.7050 45.9966 35.1605 34.8600 33.7088 34.1088 34.0482 34.4796 34.4374 34.3480 34.1125 33.7411 33.9304 33.4174 33.2605 33.3561 33.1602 33.0536 32.8169 32.6799 32.3939 32.3966 32.2212 32.1512 32.0763 31.9287 31.8319 31.9208 31.8964 31.7053 31.6824 31.8073 31.6855 31.6733 31.5358 31.4629 31.4905 31.4229 31.3749 31.2414 31.2164 31.0894 30.9666 30.8791 30.8540 30.6888 30.4407 30.2761 30.2761 30.2240 30.2363 30.2487 30.1909 30.1763 30.1766 30.1641 29.9889 30.0264 29.9784 29.9756 29.9381 29.8094 29.7504 29.7503 29.7356 29.7606 29.7731
56.8563 46.7844 35.0941 34.5739 33.8556 33.8327 33.7490 34.1443 33.9701 33.9322 33.6955 33.7317 33.6831 33.4738 33.3757 33.3051 33.2513 33.2165 32.9822 32.7822 32.5803 32.5651 32.4506 32.4490 32.4490 32.1009 31.9402 31.7903 31.7500 31.8077 31.6971 31.6450 31.5854 31.6371 31.5371 31.4446 31.4793 31.4194 31.2618 31.2637 31.2160 31.0784 30.9638 30.8513 30.8512 30.7163 30.5036 30.3019 30.3040 30.2143 30.2392 30.2017 30.1865 30.1989 30.1989 30.1736 30.1006 30.0881 29.9754 29.9254 29.9004 29.8550 29.7300 29.7033 29.6886 29.7260 29.7133
56.8597 44.2045 36.5835 35.4365 33.6144 33.5938 34.0490 34.1615 33.9675 33.8863 33.7885 33.7176 33.6134 33.4675 33.4100 33.3050 33.2428 33.1901 33.0894 32.8519 32.5832 32.5415 32.3460 32.2849 32.2848 32.0847 31.9122 31.8247 31.7437 31.6750 31.6395 31.5645 31.5585 31.5600 31.4659 31.3784 31.3138 31.2513 31.2250 31.0876 31.0772 31.0128 30.8879 30.8254 30.8021 30.7014 30.5282 30.3282 30.3158 30.2403 30.2401 30.2006 30.2032 30.2138 30.2370 30.2495 30.1765 30.0873 29.9390 29.9139 29.9014 29.8380 29.7507 29.7775 29.7607 29.7624 29.7123
49.1043 39.8282 38.1665 32.3784 33.5375 33.5725 33.8432 34.0008 34.0923 34.0961 33.9182 33.6691 33.6210 33.5217 33.4636 33.3996 33.2487 33.1368 33.1446 33.0196 32.7693 32.7198 32.3844 32.2676 32.2052 31.9819 31.8468 31.8718 31.7927 31.8624 31.7979 31.5590 31.5144 31.4773 31.3708 31.3208 31.2584 31.2334 31.2294 31.0295 31.0062 30.8812 30.8706 30.7830 30.7078 30.6262 30.4742 30.3844 30.3720 30.3220 30.2701 30.1827 30.2123 30.1891 30.1909 30.1784 30.1555 30.1306 29.9820 29.9944 29.9423 29.8753 29.8232 29.8463 29.7213 29.7963 29.6944
46.4050 42.5329 38.8909 31.8748 33.6171 33.5017 33.8493 33.9234 34.0149 34.1005 33.8102 33.6845 33.6419 33.5838 33.5257 33.4394 33.2155 33.1292 33.1120 32.9994 32.7492 32.7372 32.4067 32.3128 32.2503 32.0271 31.8545 31.8170 31.7005 31.8230 31.8026 31.5637 31.5066 31.4445 31.3380 31.2505 31.2380 31.2130 31.1623 31.0498 30.9766 30.8516 30.8410 30.7534 30.6532 30.6039 30.4912 30.4265 30.4140 30.3390 30.2746 30.2372 30.2141 30.1970 30.1988 30.1863 30.1635 30.1386 29.9775 29.9400 29.8878 29.8530 29.8152 29.8258 29.7257 29.8008 29.6989
47.4368 39.3574 37.6139 33.0521 33.1938 33.3228 33.8633 33.9514 33.9434 33.9608 33.8220 33.7128 33.5850 33.5569 33.5046 33.4833 33.2772 33.2726 33.1602 32.8690 32.7939 32.7984 32.5691 32.4711 32.4462 32.2838 32.0824 31.8429 31.7784 31.7395 31.7473 31.4042 31.3872 31.3417 31.1870 31.1639 31.0765 31.0014 31.0021 30.9540 30.8690 30.8044 30.7795 30.6775 30.6899 30.6400 30.5497 30.4621 30.4622 30.2996 30.2871 30.2763 30.2011 30.2787 30.2747 30.2141 30.1909 30.2034 30.0031 29.9889 29.9388 29.8783 29.8343 29.8608 29.7484 29.7985 29.7483
60.8407 53.7210 46.5464 41.3881 37.1378 37.6580 33.9622 33.9154 33.8345 33.8988 33.8729 33.8695 33.5948 33.5868 33.5869 33.5661 33.4288 33.4004 33.2879 33.2474 32.9706 32.9330 32.6195 32.5646 32.5022 32.3429 32.1055 32.1429 32.0058 31.6828 31.5856 31.3866 31.3012 31.3343 31.3042 31.1146 31.0771 31.0251 30.9724 30.9474 30.9626 30.8627 30.8521 30.7893 30.8018 30.6662 30.5687 30.4290 30.4290 30.3895 30.4269 30.4019 30.3143 30.2723 30.2846 30.2828 30.2115 30.1383 30.0010 29.9777 29.9150 29.8901 29.8904 29.9007 29.7883 29.7883 29.7256
75.0194 71.3466 63.5741 55.6418 48.9571 38.2343 33.6761 34.3042 34.2108 34.2137 33.9846 34.0594 34.0185 33.9933 33.7163 33.7081 33.5034 33.5246 33.4822 33.5139 33.2644 33.1895 32.6659 32.5561 32.4957 32.2528 32.1027 32.0277 31.9258 31.8007 31.6960 31.7104 31.6085 31.5418 31.3743 31.1848 31.0974 31.0724 30.8891 30.8792 30.9541 30.9291 30.9061 30.8309 30.8185 30.7059 30.7013 30.5617 30.5617 30.4970 30.4096 30.3344 30.2845 30.2871 30.2135 30.2431 30.1288 30.0306 30.0807 30.0681 30.0055 29.9806 29.8952 29.8700 29.7845 29.7218 29.6718
76.9963 73.2797 65.5071 57.8319 47.5380 36.4094 35.4542 33.8884 33.7950 34.1882 34.0566 34.1313 34.0905 34.0552 33.7691 33.7459 33.5807 33.6018 33.5595 33.5486 33.3861 33.2594 32.7385 32.5832 32.5228 32.3015 32.1004 32.0108 31.9608 31.8347 31.7300 31.7513 31.6378 31.5579 31.3954 31.2080 31.1351 31.0975 30.9017 30.9082 30.9706 30.9457 30.9206 30.8579 30.8435 30.7183 30.7263 30.5577 30.5577 30.5202 30.4327 30.3345 30.2971 30.2997 30.2262 30.2432 30.1202 30.0326 30.0931 30.0679 30.0179 29.9930 29.8972 29.8720 29.8077 29.7345 29.6845
80.5011 80.0715 80.5079 76.0694 71.2606 55.8600 42.3017 34.7578 34.6791 34.0022 34.4354 34.2271 34.2311 34.0913 34.0920 33.9443 33.9863 33.8601 33.7660 33.7407 33.6668 33.5317 33.2336 32.8345 32.7700 32.4342 32.3000 31.8454 31.8454 31.6104 31.5480 31.4907 31.4618 31.2441 31.0816 30.9817 30.9816 30.8690 30.9083 30.8746 30.8352 30.8602 30.9227 30.8851 30.8852 30.7121 30.6763 30.6306 30.6306 30.5430 30.4680 30.3428 30.2658 30.1927 30.1534 30.1864 30.0847 29.9970 30.0471 30.0469 29.9615 30.0115 29.8987 29.9405 29.8549 29.7797 29.6547
81.8057 82.2369 82.6735 78.2345 72.2077 63.7929 51.9423 35.2885 35.1063 34.0868 34.5084 34.6324 34.4278 34.2706 34.2185 34.2000 34.1161 33.9821 33.7377 33.7163 33.6555 33.5764 33.3139 33.0601 32.9622 32.5161 32.2694 31.8397 31.7397 31.4922 31.4172 31.2830 31.2341 31.2749 31.2374 30.9626 30.8752 30.7251 30.7645 30.8379 30.7773 30.7667 30.8416 30.7540 30.7916 30.6059 30.5809 30.5868 30.5868 30.5367 30.5366 30.3865 30.3345 30.2489 30.2738 30.2783 30.1658 30.0282 30.1157 30.0906 30.0052 29.9678 29.8907 29.9093 29.8238 29.7610 29.6236
84.8765 86.1945 87.5044 85.7389 83.9905 74.0360 61.0264 43.5710 44.1192 34.0033 34.2367 34.1799 34.6386 34.5249 34.4421 34.3814 34.2733 34.1476 33.9824 33.8971 33.8896 33.7887 33.7655 33.4499 32.9828 32.6390 32.2478 31.7316 31.6941 31.4146 31.2771 31.1635 31.0395 31.1192 31.0567 30.9605 30.8981 30.7276 30.7294 30.8167 30.7141 30.8142 30.9391 30.8266 30.8016 30.5891 30.5766 30.5519 30.5499 30.4890 30.4890 30.4514 30.4889 30.4532 30.4908 30.3678 30.3277 30.1884 30.2384 30.1633 30.1009 29.9489 29.8968 29.8869 29.8243 29.7633 29.6258
86.1920 86.1857 87.9317 86.1717 84.8613 77.4579 67.8476 51.6990 52.2471 37.8111 35.6130 35.5381 35.3785 35.2409 35.1581 35.1000 35.1883 34.9247 34.7847 34.7313 36.0083 37.9142 41.5776 37.9595 33.8830 32.8913 32.5043 31.9878 31.7113 31.4262 31.2137 31.1164 31.0331 31.0491 31.0240 31.0766 31.0017 30.8266 30.7793 30.8167 30.7548 30.8172 30.9026 30.7901 30.8004 30.6254 30.6004 30.4752 30.4628 30.5139 30.4889 30.3639 30.4762 30.4401 30.4777 30.3652 30.2446 30.1765 30.1764 30.1013 30.0742 29.9868 29.9617 29.9590 29.7595 29.7130 29.5755
85.3110 85.3110 84.8691 84.4327 83.5592 79.4093 75.0389 58.3197 54.8596 47.4252 36.7148 36.4430 36.0819 35.5850 35.5281 35.2562 35.3256 37.6650 38.1153 42.5792 44.1352 47.9454 49.3177 45.9274 38.5527 37.7382 32.3082 32.0551 31.8038 31.3781 31.0369 30.9645 30.9820 30.8513 30.8791 30.9982 30.9108 30.8483 30.6634 30.7425 30.7293 30.8271 30.8769 30.7893 30.7996 30.6745 30.5245 30.4994 30.4870 30.5415 30.6269 30.5771 30.5771 30.5660 30.6035 30.4785 30.4506 30.3237 30.2255 30.0630 30.0359 30.0484 29.9734 29.9359 29.7423 29.6405 29.5763
83.5586 83.5642 81.3871 80.0817 79.2080 78.7686 78.7674 74.8305 66.6350 56.8669 43.5792 39.5876 36.7998 36.0527 37.3442 37.1196 36.6085 40.4872 49.6146 56.5681 57.5934 61.5663 65.2630 54.9098 47.5351 38.3429 33.0589 32.5481 31.5660 31.1845 30.9934 30.8006 30.8082 30.7832 30.6629 30.8998 30.8332 30.9332 30.8519 30.7314 30.7142 30.8121 31.0246 30.8727 30.8849 30.7849 30.6225 30.5223 30.5224 30.5289 30.7035 30.7184 30.7184 30.5431 30.5432 30.4682 30.4653 30.4115 30.4136 30.1242 30.0846 30.0596 29.9596 29.9221 29.7765 29.7014 29.5515
85.3145 85.3145 81.8099 79.1827 78.3049 78.7523 80.4980 82.2457 76.8073 73.5194 65.8702 50.9937 43.3630 34.8002 36.7973 37.7632 38.2085 43.7039 68.6802 80.0493 75.4494 74.5766 69.9793 66.2714 63.6575 52.7316 45.2531 35.7089 32.2372 31.9785 31.7762 30.7814 30.7047 30.6791 30.5926 30.5796 30.5543 30.8963 30.9179 30.8320 30.8710 30.9064 31.0188 31.0188 31.0664 30.8683 30.8308 30.5536 30.5536 30.6885 30.8718 30.8368 30.7495 30.5599 30.5369 30.4870 30.4645 30.4538 30.3931 30.4430 30.4013 30.1658 30.0907 29.9907 29.8488 29.8344 29.6217
86.6248 86.1883 81.3807 77.8802 78.3174 78.7644 79.2011 83.5687 78.1303 78.1301 73.5245 55.9843 41.9986 35.2821 37.2791 38.2245 37.9665 42.2396 55.9065 76.1332 75.8980 75.0248 73.7142 70.4427 69.5695 61.7444 57.5922 48.2946 39.5504 31.6342 31.6777 30.7190 30.8228 30.4879 30.5284 30.4752 30.4478 30.7898 30.8490 30.7633 30.8114 30.9143 31.0267 31.0267 31.0243 30.8138 30.7888 30.5616 30.5616 30.7517 30.9389 30.7786 30.6913 30.4391 30.4162 30.3413 30.2785 30.3115 30.2508 30.3631 30.4339 30.1984 30.0359 29.9609 29.8278 29.8134 29.6382
84.8782 83.5679 80.0722 79.1928 80.4984 80.0675 80.5150 82.2623 80.9374 81.8097 80.0678 61.3194 51.6169 37.5963 38.7801 37.6790 38.5683 41.8666 48.0603 67.8788 70.9342 73.1161 74.8237 73.5477 73.5477 70.8734 66.4427 60.2451 55.5324 36.4359 31.3836 31.3235 30.5889 30.5703 30.5325 30.4759 30.3845 30.4995 30.8833 31.0586 31.0572 30.7957 30.7724 30.8474 30.8363 30.8112 30.9341 30.8472 30.8268 30.9741 30.9238 30.7635 30.6759 30.5384 30.5278 30.4384 30.2758 30.3427 30.3656 30.3406 30.4259 30.4010 30.0761 30.0386 29.8510 29.8385 29.6234
79.6332 78.7584 78.3183 78.3234 80.9519 81.3953 82.2631 83.1312 82.6912 82.6912 78.7261 73.4754 68.2202 58.5678 54.6441 45.0120 40.7879 41.1253 44.4908 50.9878 63.0395 73.0857 74.8290 75.2578 74.8212 73.9872 71.8076 70.0495 68.7439 57.0339 48.6223 42.0816 30.1988 30.4761 30.3822 30.4120 30.3963 30.4170 30.5829 30.8834 30.9044 30.9714 30.6398 30.4898 30.5357 30.7951 30.8363 31.0000 31.0000 30.9670 30.9714 30.9506 30.8417 30.7042 30.6667 30.5660 30.3284 30.2883 30.2237 30.3111 30.3483 30.2984 30.2609 30.0879 29.8608 29.8233 29.6882
76.1344 76.5718 77.0078 78.3128 80.9400 81.8197 81.8199 82.2563 83.1306 83.5734 81.4995 78.0007 76.6909 69.6569 65.3051 58.2628 44.5716 40.2878 41.0700 50.4881 64.2507 72.4611 73.9521 74.8274 74.3907 74.8327 74.7282 74.2797 69.0273 64.4307 52.2397 46.2861 34.4221 32.9896 32.1641 30.1717 30.4963 30.5520 30.7018 30.7424 30.7605 30.7977 30.8669 30.5854 30.5992 30.7099 30.9157 30.9031 30.9226 30.9832 30.9818 30.9814 30.8086 30.7336 30.7520 30.5521 30.3647 30.2617 30.2367 30.3241 30.3239 30.2489 30.1490 29.9990 29.7990 29.8222 29.6108
74.3882 75.6994 75.7046 77.0097 79.6226 81.8051 80.9323 80.9321 82.2504 82.6980 82.6913 82.2539 80.5136 80.0774 75.8900 70.2588 51.5177 41.2557 39.1853 46.8873 58.7524 66.9756 73.0665 72.6324 73.0688 73.9473 74.8324 76.1363 73.4122 70.3560 61.5472 57.3804 42.4863 31.9216 32.1508 30.1705 30.5254 30.5811 30.6763 30.6977 30.7103 30.8933 31.0068 30.6723 30.6026 30.6402 30.8840 30.9049 30.9245 30.9928 30.9026 30.8612 30.7484 30.7733 30.7697 30.5948 30.4574 30.3419 30.1886 30.2904 30.2652 30.1902 30.0778 29.9276 29.8151 29.8384 29.6232
72.6232 74.8179 75.2651 75.7138 77.9028 81.3954 81.3963 81.3958 81.3957 81.3937 82.2563 82.6804 83.9846 81.5587 81.9953 79.3738 61.6301 46.6778 38.4001 44.3883 50.8240 59.8423 70.9060 72.6519 72.6519 73.0833 74.3859 75.2479 74.8485 72.2297 70.4832 56.6866 52.3885 31.9288 29.9137 30.4261 30.4669 30.5302 30.8245 30.8808 30.9309 30.9715 31.0313 30.9790 30.9687 30.7606 31.0848 31.0083 30.9957 31.0264 30.9908 30.9149 30.8684 30.7684 30.7142 30.6892 30.5642 30.4495 30.2536 30.2860 30.2975 30.1466 30.0468 29.9341 29.8591 29.7717 29.6760
72.2071 73.0924 73.0976 75.7071 77.8855 79.1895 80.0628 79.6263 79.1895 81.3705 82.2449 83.5605 84.4442 82.8937 83.7674 82.8935 68.7346 61.0924 40.5112 42.4834 47.4816 56.1554 74.8147 73.5051 73.5050 73.9410 74.8209 75.6943 74.4334 73.5601 72.2500 63.5754 63.1389 47.6656 41.1366 32.8753 30.4802 30.5910 30.7580 30.9027 30.9574 30.9897 31.1642 30.8602 30.8363 30.8821 31.1180 31.0630 31.0244 31.1649 31.1649 30.9759 30.8920 30.7046 30.7568 30.7811 30.5688 30.5031 30.2682 30.2650 30.2798 30.1798 30.0510 29.9133 29.8508 29.7509 29.6989
