regresion/ENERO_2003/MODIS/Composicion (Band 10).txt
ncols         167
nrows         127
xllcorner     -112.017
yllcorner     26.724
cellsize      0.00900
[rows 58 to 86 of 127, columns 0 to 66 of 167]
41.5143 41.5143 41.5320 41.5612 41.6032 41.6119 41.6189 41.6437 41.6540 41.6468 41.6459 41.6562 41.6563 41.6523 41.6630 41.6686 41.6814 41.7145 41.7408 41.7715 41.7533 41.7447 41.7234 41.6924 41.6637 41.6431 41.6429 41.6649 41.6853 41.6813 41.6694 41.6697 41.6762 41.6790 41.6605 41.6336 41.6372 41.6416 41.6450 41.6391 41.6481 41.6562 41.6650 41.6703 41.6800 41.6750 41.6476 41.6179 41.5989 41.5750 41.5721 41.5787 41.5638 41.5324 41.5211 41.5266 41.5621 41.5561 41.5563 41.5447 41.5466 41.5436 41.5646 41.6129 41.6365 41.6398 41.6244
41.4773 41.4773 41.4919 41.5253 41.5699 41.5925 41.5974 41.6081 41.6185 41.6536 41.6679 41.7198 41.6405 41.6094 41.6124 41.6463 41.6560 41.6848 41.7007 41.7359 41.7138 41.7023 41.6893 41.6689 41.6222 41.5905 41.5607 41.5809 41.6035 41.6142 41.6191 41.6386 41.6449 41.6637 41.6652 41.6438 41.6466 41.6308 41.6252 41.6186 41.6402 41.6559 41.6472 41.6521 41.6506 41.6522 41.6461 41.6244 41.5939 41.5721 41.6004 41.5876 41.5637 41.5555 41.5723 41.5840 41.6060 41.5881 41.5939 41.5818 41.5670 41.5589 41.5838 41.6039 41.6154 41.5846 41.5689
41.4519 41.4519 41.4871 41.5306 41.5768 41.6185 41.6034 41.5969 41.5894 41.5983 41.6103 41.7500 41.7138 41.5618 41.5659 41.6046 41.6174 41.6365 41.6522 41.6742 41.6485 41.6315 41.6131 41.5871 41.5335 41.4924 41.4404 41.4400 41.4941 41.5328 41.5475 41.5594 41.5603 41.5819 41.5987 41.6064 41.6025 41.6014 41.6077 41.6054 41.6257 41.6297 41.6549 41.6467 41.6627 41.6799 41.6632 41.6677 41.6505 41.6328 41.6324 41.6401 41.6296 41.6251 41.6121 41.6132 41.6207 41.6199 41.6009 41.5928 41.5902 41.5778 41.5693 41.5547 41.5515 41.5218 41.5192
41.4295 41.4295 41.4643 41.4992 41.5271 41.5564 41.5658 41.5762 41.5840 41.5760 41.5565 41.7084 41.6550 41.5762 41.5361 41.5472 41.5622 41.5750 41.5936 41.5978 41.5706 41.5287 41.4882 41.4893 41.4432 41.4062 41.3732 41.3490 41.4072 41.4534 41.4615 41.4709 41.4899 41.5276 41.5594 41.5676 41.5702 41.5812 41.5795 41.5718 41.6123 41.6300 41.6547 41.6779 41.6736 41.6651 41.6668 41.6690 41.6680 41.6806 41.6841 41.6752 41.6695 41.6688 41.6550 41.6327 41.6520 41.6238 41.6182 41.6141 41.6018 41.5623 41.5461 41.4932 41.5017 41.4971 41.5004
41.4103 41.4103 41.4381 41.4888 41.5369 41.5535 41.5446 41.5648 41.5900 41.5829 41.5412 41.5918 41.5606 41.5386 41.5143 41.5070 41.5103 41.5134 41.5166 41.5188 41.4926 41.4500 41.4230 41.4225 41.3897 41.3770 41.3734 41.3370 41.3535 41.4018 41.4164 41.4637 41.4605 41.4722 41.4856 41.4861 41.5094 41.5008 41.5119 41.5530 41.5808 41.6048 41.6211 41.6384 41.6437 41.6539 41.6672 41.6707 41.6902 41.7063 41.7023 41.6977 41.6819 41.6637 41.6548 41.6227 41.6659 41.6309 41.6439 41.6266 41.6268 41.6056 41.5537 41.5273 41.5324 41.5503 41.5497
41.4041 41.4041 41.4252 41.4460 41.4634 41.4792 41.4539 41.4812 41.4911 41.5138 41.5039 41.4656 41.4730 41.4885 41.4960 41.5109 41.5336 41.5598 41.5331 41.5377 41.5146 41.4662 41.4241 41.3699 41.3567 41.3472 41.3518 41.3272 41.3048 41.3221 41.3505 41.3958 41.4246 41.4394 41.4588 41.4747 41.4797 41.5038 41.5059 41.5191 41.5590 41.5663 41.5881 41.5949 41.6019 41.6162 41.6346 41.6708 41.6956 41.7190 41.7172 41.7202 41.6982 41.6832 41.6796 41.6681 41.6660 41.6497 41.6308 41.6210 41.5968 41.5422 41.5188 41.5408 41.5752 41.5686 41.5767
41.3876 41.3876 41.4329 41.4497 41.4620 41.4702 41.4343 41.4688 41.4681 41.4652 41.4664 41.4694 41.4730 41.4872 41.4712 41.4803 41.4968 41.4931 41.4781 41.4564 41.4471 41.4329 41.4365 41.4199 41.3845 41.3643 41.3454 41.3229 41.2971 41.2870 41.3269 41.3562 41.3997 41.3897 41.4374 41.4626 41.4992 41.5035 41.5203 41.5418 41.5668 41.5844 41.5940 41.5933 41.6032 41.5886 41.6155 41.6457 41.6652 41.6880 41.7037 41.7119 41.6869 41.6698 41.6627 41.6536 41.6559 41.6445 41.6382 41.6266 41.6021 41.5662 41.5483 41.5681 41.5724 41.5479 41.5464
41.3967 41.3967 41.4548 41.4905 41.5030 41.5119 41.4954 41.5103 41.4878 41.4512 41.4335 41.4274 41.4189 41.4235 41.4472 41.4456 41.4493 41.4167 41.3813 41.3784 41.3679 41.4221 41.4261 41.4352 41.3813 41.3931 41.3758 41.3667 41.3521 41.3298 41.3423 41.3538 41.4091 41.4646 41.4801 41.5320 41.5509 41.5530 41.5567 41.5507 41.5786 41.5872 41.5858 41.5832 41.5970 41.5997 41.6080 41.6386 41.6557 41.6634 41.6659 41.6714 41.6662 41.6513 41.6509 41.6222 41.6184 41.6304 41.6203 41.6270 41.6260 41.6044 41.5853 41.5821 41.5847 41.5557 41.5375
41.3692 41.3692 41.4196 41.4412 41.4507 41.4602 41.4463 41.4614 41.4540 41.4226 41.4020 41.4215 41.3998 41.4450 41.4496 41.4574 41.4659 41.4795 41.4447 41.4347 41.4337 41.4486 41.4584 41.4522 41.4186 41.4178 41.3876 41.3409 41.3240 41.3046 41.3056 41.3235 41.3593 41.4184 41.4613 41.5256 41.5726 41.5880 41.5885 41.5888 41.6163 41.6286 41.6421 41.6566 41.6482 41.6485 41.6549 41.6705 41.6802 41.6740 41.6575 41.6414 41.6175 41.6254 41.6216 41.6070 41.6008 41.6078 41.6163 41.6230 41.6266 41.6031 41.5939 41.5910 41.5978 41.5888 41.5785
41.3377 41.3377 41.3793 41.3988 41.4038 41.4025 41.3937 41.4113 41.4062 41.4114 41.4257 41.4406 41.4419 41.4728 41.4916 41.4958 41.4877 41.4922 41.4552 41.4643 41.4633 41.4767 41.4512 41.4530 41.4213 41.4346 41.4069 41.3522 41.3313 41.3021 41.3121 41.3455 41.3418 41.3618 41.4205 41.4989 41.5442 41.5792 41.6190 41.6359 41.6344 41.6267 41.6257 41.6410 41.6530 41.6673 41.6775 41.6899 41.6945 41.6838 41.6805 41.6850 41.6748 41.6657 41.6517 41.6100 41.6031 41.5969 41.5915 41.5720 41.5613 41.5556 41.5601 41.5603 41.5718 41.5845 41.5849
41.2691 41.2691 41.3058 41.3128 41.3438 41.3593 41.3727 41.3998 41.4234 41.4248 41.4293 41.4580 41.4529 41.4573 41.4660 41.4846 41.4674 41.4704 41.4479 41.4528 41.4456 41.4494 41.4463 41.4555 41.4381 41.4513 41.4306 41.4089 41.4037 41.3650 41.3394 41.3535 41.3584 41.3626 41.3770 41.4586 41.5254 41.5623 41.5951 41.6199 41.6211 41.6211 41.6356 41.6634 41.6790 41.6986 41.7074 41.7210 41.7159 41.7080 41.6996 41.6927 41.6575 41.6199 41.6094 41.5905 41.5833 41.5690 41.5743 41.5616 41.5799 41.6006 41.6074 41.5990 41.5994 41.5895 41.5885
41.2498 41.2498 41.2897 41.3138 41.3294 41.3478 41.3368 41.3455 41.3886 41.4003 41.4130 41.4172 41.4100 41.4311 41.4461 41.4620 41.4560 41.4481 41.4251 41.4371 41.4309 41.4236 41.4263 41.4449 41.4326 41.4454 41.4270 41.4143 41.4358 41.4348 41.4155 41.4327 41.4375 41.4263 41.4239 41.4764 41.5453 41.5779 41.6027 41.6248 41.6444 41.6346 41.6507 41.6718 41.6884 41.7044 41.7213 41.7198 41.7209 41.7091 41.7094 41.6912 41.6372 41.6436 41.6279 41.6141 41.6145 41.5958 41.5984 41.5902 41.5860 41.5878 41.5896 41.5842 41.5895 41.5939 41.5969
41.2837 41.2837 41.2788 41.2886 41.2974 41.3184 41.3141 41.3200 41.3527 41.3723 41.3953 41.4001 41.3819 41.4016 41.4189 41.4210 41.4291 41.4352 41.4066 41.4189 41.4116 41.4113 41.4063 41.4358 41.4260 41.4409 41.4225 41.4161 41.4324 41.4546 41.4520 41.4606 41.4621 41.4638 41.4649 41.5036 41.5494 41.5799 41.5951 41.6115 41.6258 41.6394 41.6711 41.7213 41.7385 41.7402 41.7646 41.7616 41.7549 41.7570 41.7542 41.7297 41.7012 41.6914 41.6618 41.6155 41.6270 41.6143 41.6150 41.5976 41.5856 41.5765 41.5760 41.5882 41.5861 41.5932 41.5989
41.4152 41.4152 41.3460 41.3248 41.3176 41.3079 41.3029 41.3039 41.3191 41.3323 41.3519 41.3526 41.3428 41.3599 41.3789 41.3842 41.3994 41.3965 41.3970 41.4009 41.3716 41.3784 41.3998 41.4113 41.4185 41.4444 41.4471 41.4417 41.4619 41.4889 41.4934 41.4821 41.4675 41.4946 41.5171 41.5272 41.5402 41.5821 41.6258 41.6441 41.6714 41.6770 41.6944 41.7177 41.7203 41.7264 41.7658 41.7799 41.7887 41.7831 41.7599 41.7358 41.7167 41.6952 41.6679 41.6523 41.6590 41.6454 41.6201 41.6209 41.6299 41.6089 41.6042 41.5911 41.5825 41.5970 41.6169
41.4949 41.4949 41.3706 41.3416 41.3379 41.3441 41.3388 41.3203 41.3024 41.3107 41.3242 41.3327 41.3311 41.3443 41.3579 41.3619 41.3746 41.3711 41.3874 41.3916 41.3449 41.3460 41.3711 41.4027 41.4105 41.4583 41.4640 41.4854 41.5064 41.5182 41.5195 41.5104 41.5011 41.4995 41.5175 41.5427 41.5177 41.5495 41.5868 41.6484 41.6723 41.6701 41.6813 41.7220 41.7508 41.7605 41.7763 41.7856 41.7921 41.8030 41.7793 41.7418 41.7042 41.6752 41.6556 41.6610 41.6607 41.6768 41.6671 41.6572 41.6847 41.6818 41.6848 41.6611 41.6560 41.6573 41.6664
41.5744 41.5744 41.3926 41.3348 41.3050 41.3097 41.3072 41.3161 41.2944 41.2876 41.3183 41.3242 41.3132 41.3354 41.3675 41.3884 41.4713 41.4787 41.5294 41.4805 41.3818 41.3944 41.4179 41.4264 41.4269 41.4636 41.4617 41.4703 41.4876 41.5023 41.5050 41.4914 41.4703 41.4641 41.5029 41.5289 41.5292 41.5376 41.5736 41.6552 41.6982 41.6901 41.6993 41.7127 41.7212 41.7344 41.7496 41.7691 41.7818 41.7854 41.7707 41.7473 41.7017 41.7002 41.6776 41.6813 41.6927 41.6717 41.6802 41.6889 41.7063 41.7159 41.7333 41.7273 41.7240 41.7214 41.7176
41.6275 41.6275 41.4666 41.3960 41.3456 41.3295 41.3326 41.3448 41.3302 41.3218 41.3461 41.3682 41.3578 41.3550 41.3757 41.4238 41.4973 41.5043 41.5050 41.4684 41.3938 41.4184 41.4493 41.4571 41.4656 41.4912 41.4975 41.5148 41.5010 41.4891 41.4800 41.4726 41.4703 41.4726 41.4811 41.5204 41.5437 41.5374 41.5697 41.6103 41.6710 41.6934 41.7142 41.7175 41.7210 41.7220 41.7179 41.7090 41.7300 41.7239 41.7118 41.6939 41.6925 41.6863 41.6752 41.6759 41.6915 41.6756 41.6905 41.7178 41.7328 41.7488 41.7607 41.7518 41.7587 41.7671 41.7497
41.6972 41.6972 41.5563 41.4889 41.4478 41.4192 41.4053 41.4217 41.4042 41.3726 41.3719 41.3722 41.3540 41.3487 41.3506 41.3884 41.5777 41.5817 41.4207 41.3993 41.3971 41.4087 41.4101 41.4704 41.4476 41.5233 41.5574 41.5690 41.5774 41.5748 41.5689 41.5508 41.5567 41.5427 41.5273 41.5551 41.5714 41.5564 41.5679 41.5765 41.6368 41.6876 41.6992 41.7027 41.6967 41.7053 41.6970 41.6807 41.6828 41.6877 41.7064 41.7085 41.6887 41.6885 41.6951 41.6957 41.7144 41.7046 41.7147 41.7351 41.7494 41.7663 41.7776 41.7823 41.7715 41.7655 41.7474
41.6483 41.6483 41.5237 41.4698 41.4322 41.4117 41.4124 41.4284 41.4307 41.4263 41.4220 41.4184 41.4098 41.3953 41.4280 41.4303 41.4580 41.4664 41.4703 41.4557 41.4752 41.4847 41.4760 41.4847 41.4972 41.5275 41.5647 41.5814 41.5802 41.5854 41.5892 41.5877 41.5991 41.5858 41.5628 41.5715 41.5729 41.5647 41.5632 41.5681 41.5999 41.6606 41.7069 41.7115 41.6998 41.7003 41.6929 41.6753 41.6759 41.6937 41.6980 41.7083 41.7253 41.7238 41.7301 41.7235 41.7464 41.7440 41.7631 41.7586 41.7716 41.7840 41.8002 41.8013 41.7831 41.7527 41.7495
41.5026 41.5026 41.4681 41.4210 41.4492 41.4312 41.4563 41.4580 41.4524 41.4260 41.4431 41.4860 41.4846 41.4974 41.5165 41.5152 41.5222 41.5312 41.5397 41.5638 41.5688 41.5611 41.5364 41.5296 41.5191 41.5497 41.5643 41.5733 41.5816 41.5916 41.6015 41.6128 41.6095 41.6290 41.6249 41.6090 41.6056 41.6015 41.6227 41.5987 41.6060 41.6111 41.6530 41.6595 41.6644 41.6539 41.6591 41.6679 41.6883 41.7038 41.7106 41.7306 41.7416 41.7543 41.7663 41.7726 41.7885 41.7954 41.7946 41.8078 41.8084 41.8173 41.8277 41.8156 41.8243 41.7881 41.7849
41.3972 41.3972 41.4135 41.3977 41.4056 41.4222 41.4417 41.4391 41.4447 41.4550 41.4767 41.5230 41.5061 41.5318 41.5524 41.5558 41.5547 41.5693 41.5925 41.6105 41.6023 41.6050 41.5865 41.5957 41.5826 41.6115 41.6206 41.6046 41.6215 41.6342 41.6159 41.6209 41.6058 41.6369 41.6462 41.6446 41.6286 41.6218 41.6422 41.6384 41.6248 41.5926 41.6037 41.6448 41.6470 41.6198 41.6113 41.6294 41.6490 41.6684 41.6922 41.6956 41.7233 41.7378 41.7653 41.8044 41.8306 41.8423 41.8395 41.8449 41.8422 41.8679 41.8812 41.8903 41.9083 41.8794 41.8526
41.4713 41.4713 41.5597 41.3591 41.3735 41.3912 41.4063 41.3963 41.4228 41.4429 41.4804 41.5364 41.5312 41.5559 41.5698 41.5935 41.5863 41.6063 41.6202 41.6351 41.6212 41.6374 41.6429 41.6252 41.5873 41.5982 41.6284 41.6415 41.6523 41.6529 41.6433 41.6357 41.6333 41.6324 41.6431 41.6628 41.6571 41.6446 41.6454 41.6414 41.6114 41.5559 41.5426 41.5846 41.5930 41.6054 41.6068 41.6201 41.6412 41.6733 41.6948 41.7085 41.7134 41.7280 41.7725 41.8301 41.8649 41.8886 41.9065 41.9360 41.9400 41.9367 41.9448 41.9497 41.9543 41.9303 41.9140
41.3599 41.3599 41.3065 41.3338 41.3230 41.3423 41.3586 41.3677 41.4067 41.4334 41.4666 41.5150 41.5301 41.5404 41.5794 41.6027 41.6018 41.6038 41.6311 41.6837 41.6594 41.6264 41.6276 41.6128 41.5676 41.5733 41.5929 41.6323 41.6347 41.6411 41.6211 41.6194 41.6064 41.6095 41.6240 41.6262 41.6296 41.6236 41.6201 41.6017 41.5986 41.5535 41.5398 41.5591 41.5663 41.6070 41.6329 41.6719 41.7042 41.7330 41.7347 41.7460 41.7658 41.7845 41.8102 41.8485 41.8700 41.9141 41.9183 41.9456 41.9500 41.9434 41.9549 41.9736 41.9896 41.9949 41.9766
42.5119 42.5119 41.8747 41.4353 41.3739 41.3228 41.3145 41.3135 41.3386 41.3717 41.4261 41.4748 41.4836 41.5124 41.5537 41.5915 41.5881 41.5933 41.6077 41.6347 41.6788 41.5880 41.5570 41.5595 41.5283 41.5295 41.5366 41.5664 41.5794 41.5839 41.5743 41.5849 41.5651 41.5715 41.5882 41.5756 41.5895 41.5976 41.6126 41.6059 41.6170 41.5931 41.5697 41.5716 41.5739 41.6217 41.6842 41.7035 41.7123 41.7392 41.7624 41.7818 41.7880 41.8053 41.8496 41.8582 41.8669 41.8949 41.9356 41.9295 41.9207 41.9049 41.9244 41.9532 41.9825 41.9839 41.9829
47.4282 47.4282 44.2020 41.9431 41.4600 41.4138 41.3966 41.3886 41.3685 41.3722 41.3931 41.4321 41.4433 41.4788 41.4976 41.5112 41.5193 41.5301 41.5486 41.5794 41.5747 41.5146 41.5031 41.5043 41.4814 41.4819 41.4864 41.4991 41.5434 41.5771 41.5816 41.5833 41.5719 41.5705 41.5864 41.5610 41.5441 41.5507 41.5716 41.5528 41.5682 41.5770 41.5764 41.5772 41.5751 41.6129 41.6994 41.7088 41.7162 41.7335 41.7508 41.7682 41.7780 41.7837 41.8291 41.8507 41.8635 41.8969 41.9222 41.9492 41.9502 41.9209 41.9314 41.9580 41.9745 41.9771 41.9802
61.9136 61.9136 54.2112 46.5915 42.6019 41.6907 41.6189 41.5363 41.5505 41.6471 41.4341 41.4355 41.4487 41.4562 41.4386 41.4664 41.4823 41.5080 41.5439 41.5618 41.5042 41.4629 41.4730 41.4882 41.4957 41.4904 41.4671 41.4839 41.5151 41.5281 41.5367 41.5480 41.5442 41.5473 41.5454 41.5321 41.5161 41.5335 41.5885 41.5844 41.5882 41.5866 41.6156 41.5901 41.5950 41.6209 41.7038 41.7458 41.7914 41.7960 41.8087 41.8050 41.8103 41.8050 41.8330 41.8525 41.8677 41.8823 41.8955 41.9134 41.9120 41.8926 41.9033 41.9294 41.9677 41.9840 41.9844
64.7925 64.7925 59.2737 52.3292 47.3049 46.0865 46.0077 44.3899 43.1464 41.8736 41.5815 41.4844 41.4602 41.4458 41.4253 41.4340 41.4614 41.4541 41.4670 41.4719 41.4617 41.4454 41.4371 41.4582 41.4737 41.4655 41.4344 41.4361 41.4600 41.4724 41.4668 41.4960 41.4933 41.5040 41.4822 41.5317 41.5274 41.5736 41.6029 41.6429 41.6386 41.6054 41.6352 41.6544 41.6761 41.6633 41.7279 41.7878 41.8086 41.8153 41.8468 41.8410 41.8237 41.8208 41.8294 41.8408 41.8591 41.8593 41.8887 41.9076 41.9060 41.8831 41.8832 41.8954 41.9169 41.9374 41.9579
67.2777 67.2777 63.9421 58.8054 54.5117 52.1218 49.9404 47.5507 45.9079 43.0907 42.0843 41.7397 41.5415 41.4508 41.4096 41.3642 41.3790 41.3793 41.3599 41.3544 41.3677 41.3419 41.3682 41.3671 41.4524 41.4440 41.4509 41.4488 41.4931 41.5276 41.5353 41.5665 41.5803 41.5748 41.5771 41.5856 41.5960 41.5993 41.6194 41.6425 41.6287 41.5852 41.6091 41.6622 41.6766 41.6490 41.6954 41.7826 41.8138 41.8221 41.8471 41.8555 41.8437 41.8492 41.8454 41.8526 41.8684 41.8727 41.8904 41.9054 41.9065 41.9039 41.8763 41.8707 41.8767 41.8867 41.9035
70.4657 70.4657 69.4987 66.7274 65.6121 63.5175 59.7355 56.2927 50.9159 46.2226 43.2117 42.2124 41.7137 41.6365 41.4884 41.3804 41.3680 41.3387 41.3292 41.3449 41.3684 41.3807 41.3899 41.4289 41.4921 41.5007 41.4968 41.4960 41.5033 41.5199 41.5334 41.5616 41.5812 41.5802 41.5627 41.5730 41.5825 41.5938 41.6202 41.6370 41.6313 41.6334 41.6568 41.6940 41.7198 41.6830 41.6879 41.7341 41.7961 41.8224 41.8374 41.8280 41.8171 41.8200 41.8434 41.8450 41.8658 41.8881 41.9070 41.9194 41.9206 41.9114 41.8929 41.8616 41.8590 41.8733 41.8866
