regresion/ENERO_2003/MODIS/Composicion (Band 10).txt
ncols         167
nrows         127
xllcorner     -112.017
yllcorner     26.724
cellsize      0.00900
[rows 87 to 115 of 127, columns 67 to 133 of 167]
41.8839 41.8759 41.8759 41.8965 41.9306 41.9960 42.0170 42.0485 42.0365 42.0304 42.0510 42.0635 42.0670 42.0964 42.1166 42.1503 42.1948 42.2431 42.2848 42.3210 42.3385 42.3478 42.2781 42.2274 42.1635 42.1096 42.0834 42.0704 42.0952 42.0827 42.0759 42.0617 42.0441 42.0101 41.9974 41.9699 41.9511 41.9369 41.9215 41.9067 41.9109 41.9226 41.9372 41.9050 41.8651 41.8753 41.8964 41.9178 41.9132 41.9320 41.9365 41.9501 41.9852 42.0280 42.0800 42.0842 42.0899 42.1250 42.1355 42.1306 42.1344 42.1372 42.1517 42.1658 42.1834 42.1755 42.1718
41.9813 41.9775 41.9844 41.9973 42.0275 42.0532 42.0629 42.0573 42.0600 42.0583 42.0701 42.0753 42.0631 42.0898 42.1073 42.1311 42.1861 42.2411 42.2925 42.3334 42.3481 42.3443 42.2899 42.2360 42.1778 42.1276 42.1078 42.0872 42.0761 42.0618 42.0725 42.0696 42.0548 42.0277 42.0273 42.0133 41.9709 41.9616 41.9347 41.9171 41.9178 41.9274 41.9356 41.9005 41.8859 41.9133 41.9333 41.9455 41.9576 41.9650 41.9729 41.9919 42.0015 42.0587 42.0888 42.0918 42.0855 42.0999 42.1143 42.1242 42.1037 42.1059 42.1351 42.1529 42.1808 42.1985 42.1886
42.0764 42.0742 42.0804 42.0932 42.0890 42.0922 42.0659 42.0478 42.0427 42.0531 42.0760 42.0873 42.1054 42.1261 42.1374 42.1806 42.2152 42.2603 42.2806 42.3164 42.3278 42.2907 42.2561 42.2354 42.1958 42.1321 42.1173 42.0874 42.0703 42.0726 42.0948 42.0895 42.0599 42.0676 42.0575 42.0259 42.0159 41.9952 41.9574 41.9427 41.9278 41.9496 41.9437 41.9368 41.9358 41.9496 41.9475 41.9603 41.9619 41.9918 41.9895 42.0037 42.0336 42.0674 42.0768 42.0919 42.0893 42.1020 42.0997 42.1045 42.1062 42.1046 42.1198 42.1436 42.1778 42.1759 42.1805
42.1097 42.0868 42.0878 42.0897 42.1000 42.0967 42.0550 42.0674 42.0802 42.1172 42.1385 42.1642 42.1872 42.1990 42.2283 42.2566 42.2868 42.2890 42.3120 42.3305 42.3454 42.3473 42.3001 42.2701 42.2060 42.1483 42.1367 42.0975 42.0746 42.0627 42.0828 42.0760 42.0585 42.0512 42.0250 41.9999 41.9915 41.9870 41.9732 41.9500 41.9573 41.9531 41.9356 41.9286 41.9426 41.9606 41.9587 41.9846 41.9978 42.0139 42.0208 42.0405 42.0475 42.0638 42.0709 42.0839 42.0899 42.1031 42.0989 42.0968 42.0964 42.0961 42.1020 42.1264 42.1520 42.1595 42.1547
42.1134 42.0970 42.0933 42.1127 42.1187 42.1063 42.0733 42.0822 42.1181 42.1806 42.2152 42.2319 42.2358 42.2457 42.2514 42.2949 42.2989 42.3240 42.3344 42.3424 42.3302 42.3252 42.3003 42.2518 42.2021 42.1481 42.1328 42.1244 42.0918 42.0686 42.0541 42.0594 42.0601 42.0574 42.0282 42.0160 42.0176 42.0118 41.9937 41.9892 41.9706 41.9697 41.9536 41.9403 41.9263 41.9397 41.9416 41.9614 41.9883 42.0074 42.0194 42.0426 42.0561 42.0638 42.0630 42.0609 42.0624 42.0864 42.1033 42.0975 42.1012 42.1107 42.1218 42.1355 42.1670 42.1851 42.1932
42.1336 42.1465 42.1532 42.1439 42.1297 42.1275 42.1070 42.1119 42.1517 42.1955 42.2200 42.2394 42.2453 42.2486 42.2628 42.2953 42.3054 42.3145 42.3328 42.3225 42.3084 42.3045 42.2876 42.2485 42.2005 42.1663 42.1511 42.1563 42.1534 42.1293 42.1285 42.1223 42.1295 42.0960 42.0676 42.0386 42.0204 42.0040 41.9683 41.9729 41.9691 41.9518 41.9445 41.9490 41.9663 41.9601 41.9606 41.9556 41.9704 41.9910 42.0082 42.0314 42.0657 42.0748 42.0654 42.0751 42.0874 42.1033 42.1136 42.1329 42.1399 42.1546 42.1567 42.1839 42.1851 42.1760 42.2010
42.1887 42.1548 42.1461 42.1209 42.1077 42.1127 42.1112 42.1419 42.1705 42.2020 42.2265 42.2404 42.2650 42.2768 42.2919 42.2993 42.3142 42.3109 42.3088 42.2928 42.2832 42.3005 42.2841 42.2591 42.2195 42.1810 42.1774 42.1702 42.1606 42.1425 42.1319 42.1330 42.1297 42.1273 42.1018 42.0746 42.0577 42.0249 41.9979 41.9999 41.9969 41.9749 41.9498 41.9574 41.9888 42.0044 42.0181 42.0232 42.0120 42.0310 42.0457 42.0495 42.0654 42.0774 42.0648 42.0568 42.0639 42.0823 42.0958 42.1196 42.1311 42.1416 42.1458 42.1699 42.1732 42.1546 42.1570
42.1929 42.1604 42.1587 42.1217 42.1142 42.1158 42.1129 42.1282 42.1404 42.1686 42.1953 42.2215 42.2372 42.2514 42.2697 42.2741 42.3001 42.3082 42.3113 42.3224 42.3074 42.3062 42.2847 42.2606 42.2186 42.1961 42.1977 42.1603 42.1409 42.1221 42.1044 42.1071 42.1143 42.1228 42.1153 42.0930 42.0636 42.0483 42.0482 42.0377 42.0365 42.0337 42.0101 42.0140 42.0349 42.0337 42.0417 42.0530 42.0556 42.0492 42.0476 42.0457 42.0516 42.0659 42.0359 42.0322 42.0471 42.0750 42.0929 42.0981 42.1162 42.1202 42.1170 42.1485 42.1590 42.1362 42.1557
42.1390 42.1109 42.1078 42.0935 42.0886 42.1062 42.1125 42.1326 42.1442 42.1639 42.1658 42.1945 42.2046 42.2147 42.2239 42.2343 42.2633 42.2905 42.3039 42.2910 42.2801 42.2769 42.2745 42.2721 42.2518 42.2307 42.2349 42.2135 42.1747 42.1561 42.1398 42.1267 42.1270 42.1351 42.1308 42.1003 42.0592 42.0386 42.0426 42.0433 42.0397 42.0331 42.0191 42.0173 42.0332 42.0361 42.0406 42.0498 42.0484 42.0562 42.0622 42.0597 42.0626 42.0550 42.0563 42.0628 42.0871 42.0940 42.1129 42.1101 42.1070 42.1106 42.1009 42.1012 42.1428 42.1506 42.1619
42.0864 42.0476 42.0360 42.0278 42.0286 42.0396 42.0560 42.1015 42.1181 42.1497 42.1665 42.1680 42.1858 42.1761 42.1889 42.2155 42.2543 42.2915 42.3181 42.3100 42.3006 42.2981 42.2761 42.2734 42.2645 42.2277 42.2367 42.2112 42.1791 42.1630 42.1651 42.1439 42.1228 42.1261 42.1132 42.0969 42.0589 42.0557 42.0498 42.0499 42.0444 42.0329 42.0219 42.0062 42.0073 42.0157 42.0207 42.0379 42.0461 42.0508 42.0649 42.0708 42.0625 42.0497 42.0531 42.0596 42.0665 42.0798 42.0635 42.0792 42.0902 42.1202 42.1424 42.1668 42.2011 42.2347 42.2186
41.9901 41.9777 41.9792 41.9913 41.9916 42.0298 42.0814 42.1303 42.1625 42.1723 42.1934 42.2110 42.2046 42.2059 42.2320 42.2276 42.2512 42.2806 42.2915 42.2952 42.2835 42.2709 42.2586 42.2509 42.2367 42.2138 42.2258 42.1939 42.1861 42.1677 42.1765 42.1674 42.1426 42.1446 42.1188 42.0906 42.0543 42.0650 42.0705 42.0555 42.0396 42.0190 42.0018 41.9975 41.9913 41.9958 41.9917 42.0013 42.0181 42.0432 42.0652 42.0714 42.0869 42.1180 42.0842 42.0990 42.0858 42.0890 42.1186 42.1232 42.0958 42.1215 42.1451 42.1602 42.1789 42.2049 42.2478
42.0077 42.0376 42.0481 42.0598 42.0640 42.0913 42.1089 42.1601 42.1918 42.1961 42.2162 42.2175 42.2312 42.2201 42.2384 42.2447 42.2486 42.2534 42.2587 42.2606 42.2577 42.2413 42.2423 42.2326 42.2067 42.1866 42.2007 42.1827 42.1673 42.1407 42.1585 42.1359 42.1107 42.1086 42.1119 42.0900 42.1053 42.1134 42.1037 42.0686 42.0499 42.0177 41.9962 41.9987 41.9940 41.9963 41.9919 42.0014 42.0258 42.0410 42.0786 42.0877 42.1138 42.1321 42.1364 42.1268 42.1101 42.0871 42.0915 42.1172 42.1338 42.1465 42.1649 42.1825 42.2177 42.2470 42.2640
42.0681 42.0815 42.0947 42.0797 42.0831 42.1123 42.1328 42.1528 42.1649 42.1874 42.2261 42.2511 42.2846 42.2912 42.2977 42.2949 42.2781 42.2711 42.2601 42.2543 42.2400 42.2378 42.2320 42.2254 42.2026 42.1899 42.1884 42.1909 42.1771 42.1812 42.1744 42.1481 42.1360 42.1322 42.1304 42.1121 42.1146 42.1126 42.0986 42.0684 42.0466 42.0398 42.0061 42.0168 42.0470 42.0422 42.0294 42.0336 42.0430 42.0689 42.1100 42.1275 42.1352 42.1426 42.1359 42.1350 42.1093 42.0837 42.0867 42.1079 42.1102 42.1548 42.1805 42.2074 42.2413 42.2765 42.3054
42.0687 42.0889 42.0942 42.0696 42.0742 42.1067 42.1246 42.1441 42.1643 42.1937 42.2500 42.2853 42.3298 42.3459 42.3470 42.3482 42.3348 42.3404 42.3303 42.3139 42.3032 42.2876 42.2683 42.2737 42.2305 42.2031 42.1998 42.2030 42.1992 42.1842 42.1819 42.1551 42.1279 42.1177 42.1280 42.1086 42.1193 42.1246 42.1067 42.0793 42.0494 42.0282 42.0223 42.0301 42.0500 42.0428 42.0605 42.0845 42.1080 42.1124 42.1380 42.1477 42.1542 42.1553 42.1472 42.1363 42.1193 42.0911 42.0689 42.0869 42.1149 42.1580 42.2001 42.2277 42.2688 42.3064 42.3211
42.0586 42.1063 42.1155 42.0946 42.1013 42.1102 42.1391 42.1471 42.1693 42.1965 42.2419 42.2895 42.3263 42.3418 42.3581 42.3837 42.3752 42.3685 42.3565 42.3445 42.3370 42.3304 42.3079 42.3024 42.2680 42.2291 42.2194 42.2132 42.2339 42.2214 42.2175 42.1876 42.1561 42.1180 42.1094 42.0974 42.1057 42.1349 42.1296 42.0932 42.0621 42.0309 42.0285 42.0490 42.0691 42.0647 42.0831 42.0974 42.1050 42.1241 42.1424 42.1553 42.1620 42.1630 42.1626 42.1375 42.1313 42.1069 42.0966 42.1018 42.1119 42.1718 42.2330 42.2725 42.3065 42.3406 42.3735
42.0948 42.1087 42.1227 42.1162 42.1102 42.1357 42.1419 42.1473 42.1639 42.2014 42.2260 42.2586 42.2989 42.3355 42.3568 42.3775 42.3727 42.3676 42.3449 42.3275 42.3398 42.3301 42.3076 42.2994 42.2784 42.2466 42.2476 42.2892 42.2940 42.3015 42.2717 42.2382 42.2091 42.1649 42.1354 42.1075 42.1069 42.1476 42.1574 42.1213 42.0857 42.0807 42.0593 42.0738 42.0663 42.0502 42.0831 42.1088 42.1126 42.1311 42.1508 42.1557 42.1718 42.1904 42.1744 42.1685 42.1865 42.1886 42.1846 42.1838 42.2015 42.2348 42.2864 42.3263 42.3619 42.3748 42.4068
42.0972 42.1102 42.1239 42.0860 42.0795 42.1191 42.1391 42.1521 42.1695 42.1874 42.2078 42.2217 42.2486 42.2754 42.2767 42.3251 42.3322 42.3392 42.3293 42.3103 42.3097 42.2952 42.2993 42.2777 42.2705 42.2559 42.2742 42.2911 42.3107 42.3116 42.2998 42.2739 42.2482 42.2197 42.1983 42.1760 42.1914 42.2069 42.2069 42.1711 42.1633 42.1564 42.1266 42.1143 42.1098 42.1236 42.1361 42.1451 42.1557 42.1783 42.1977 42.2029 42.2148 42.2223 42.2250 42.2128 42.2146 42.2083 42.2075 42.1992 42.2073 42.2466 42.2915 42.3232 42.3610 42.3841 42.4114
42.0814 42.1048 42.1077 42.0774 42.0598 42.0923 42.1201 42.1455 42.1667 42.1777 42.1831 42.1850 42.2007 42.2296 42.2349 42.2513 42.2730 42.2719 42.2808 42.2803 42.2800 42.2718 42.2736 42.2632 42.2554 42.2573 42.2658 42.2840 42.3239 42.3351 42.3285 42.3125 42.2962 42.2837 42.2670 42.2396 42.2350 42.2573 42.2778 42.2663 42.2644 42.2588 42.2374 42.2282 42.2166 42.2091 42.2258 42.2200 42.2011 42.2115 42.2291 42.2252 42.2299 42.2429 42.2430 42.2358 42.2273 42.2162 42.2070 42.2036 42.2085 42.2503 42.2900 42.3214 42.3640 42.3808 42.3756
42.0575 42.0711 42.0830 42.0685 42.0530 42.0994 42.1287 42.1518 42.1603 42.1764 42.1730 42.1756 42.1712 42.1935 42.1887 42.1921 42.2213 42.2331 42.2209 42.2340 42.2450 42.2409 42.2375 42.2468 42.2705 42.2817 42.3022 42.3168 42.3338 42.3559 42.3617 42.3672 42.3618 42.3483 42.3398 42.2981 42.2813 42.2907 42.2991 42.2924 42.2940 42.2727 42.2714 42.2718 42.2591 42.2533 42.2502 42.2423 42.2233 42.2203 42.2436 42.2519 42.2769 42.2859 42.2714 42.2693 42.2862 42.2762 42.2456 42.2387 42.2231 42.2459 42.2632 42.3078 42.3093 42.3255 42.3281
41.9786 42.0120 42.0302 42.0698 42.0627 42.0832 42.1052 42.1016 42.1095 42.1338 42.1444 42.1422 42.1525 42.1738 42.1808 42.2081 42.2386 42.2627 42.2805 42.2804 42.2761 42.2860 42.2891 42.2899 42.2977 42.2994 42.3403 42.3520 42.3636 42.3902 42.3905 42.3873 42.3899 42.3769 42.3614 42.3324 42.3146 42.3135 42.3021 42.2946 42.2888 42.2652 42.2375 42.2478 42.2546 42.2594 42.2411 42.2448 42.2513 42.2595 42.2910 42.2844 42.3022 42.3197 42.2795 42.2540 42.2427 42.2584 42.2511 42.2741 42.2976 42.2995 42.3077 42.3377 42.3652 42.3714 42.3803
41.9809 42.0293 42.0417 42.0468 42.0489 42.0585 42.0454 42.0673 42.0882 42.1039 42.1294 42.1569 42.1904 42.2147 42.2334 42.2616 42.2867 42.2865 42.2951 42.3013 42.2998 42.3097 42.2977 42.3065 42.3305 42.3442 42.3728 42.3739 42.3920 42.4098 42.4032 42.3982 42.3926 42.3919 42.3897 42.3825 42.3603 42.3523 42.3493 42.3340 42.2939 42.2631 42.2397 42.2516 42.2442 42.2584 42.2463 42.2412 42.2559 42.2669 42.2641 42.2879 42.3227 42.3193 42.2928 42.3011 42.3067 42.3350 42.3295 42.3266 42.3278 42.3425 42.3425 42.3495 42.3582 42.3613 42.3622
42.0121 42.0425 42.0670 42.0787 42.0769 42.0880 42.0722 42.0907 42.1073 42.1134 42.1345 42.1550 42.1777 42.1932 42.2150 42.2505 42.2863 42.3014 42.3030 42.2968 42.2877 42.3085 42.3205 42.3305 42.3468 42.3729 42.3919 42.4036 42.4137 42.4386 42.4416 42.4499 42.4577 42.4528 42.4330 42.4474 42.4488 42.4171 42.3868 42.3685 42.3138 42.2909 42.2663 42.2632 42.2685 42.2684 42.2530 42.2666 42.2686 42.2729 42.2868 42.3055 42.3401 42.3532 42.3236 42.3069 42.2926 42.3130 42.3364 42.3403 42.3403 42.3803 42.3936 42.3794 42.3813 42.4076 42.4158
42.0697 42.0927 42.1209 42.1088 42.0827 42.0926 42.0758 42.0659 42.0740 42.0969 42.1077 42.1220 42.1717 42.1856 42.1981 42.2479 42.2659 42.2930 42.2915 42.2908 42.2859 42.3078 42.3280 42.3181 42.3561 42.3704 42.4098 42.4273 42.4568 42.4761 42.4957 42.5102 42.4991 42.5079 42.5138 42.5151 42.5026 42.4842 42.4456 42.4152 42.3618 42.3230 42.3088 42.3009 42.3041 42.3068 42.2964 42.2887 42.2850 42.2940 42.3236 42.3266 42.3394 42.3355 42.3108 42.3075 42.2908 42.3055 42.3265 42.3503 42.3648 42.4019 42.4323 42.4476 42.4597 42.4723 42.4722
42.0513 42.0770 42.1084 42.1070 42.1063 42.0998 42.0909 42.0827 42.0853 42.1223 42.1521 42.1564 42.1862 42.2302 42.2247 42.2632 42.3088 42.3154 42.3330 42.3539 42.3404 42.3742 42.3696 42.3640 42.3797 42.4055 42.4232 42.4383 42.4516 42.4783 42.5057 42.5250 42.5248 42.5128 42.5065 42.4830 42.4635 42.4538 42.4213 42.4072 42.3934 42.3703 42.3575 42.3544 42.3441 42.3512 42.3678 42.3628 42.3536 42.3465 42.3548 42.3555 42.3656 42.3541 42.3416 42.3357 42.3019 42.3064 42.3262 42.3281 42.3607 42.3851 42.4137 42.4568 42.5031 42.5105 42.5148
42.0493 42.0909 42.1272 42.1197 42.1170 42.1200 42.1089 42.1013 42.1085 42.1307 42.1631 42.1765 42.2160 42.2491 42.2647 42.2999 42.3266 42.3559 42.3645 42.3662 42.3816 42.4141 42.4033 42.3811 42.3872 42.3801 42.3796 42.3959 42.4231 42.4574 42.4888 42.4946 42.4851 42.4731 42.4737 42.4713 42.4534 42.4340 42.4275 42.4302 42.4330 42.4078 42.3834 42.3777 42.3726 42.3814 42.3902 42.3984 42.3737 42.3876 42.3815 42.3800 42.3792 42.3586 42.3332 42.3300 42.3094 42.3208 42.3359 42.3579 42.3637 42.3646 42.4002 42.4453 42.5051 42.5317 42.5704
42.0630 42.1076 42.1518 42.1451 42.1405 42.1413 42.1148 42.1005 42.1115 42.1249 42.1586 42.1685 42.1781 42.2020 42.2178 42.2650 42.2917 42.3217 42.3580 42.3810 42.3875 42.4169 42.3944 42.3879 42.4081 42.4104 42.4094 42.4313 42.4572 42.4766 42.4865 42.4742 42.4568 42.4515 42.4658 42.4364 42.4412 42.4581 42.4575 42.4565 42.4371 42.4199 42.4182 42.4040 42.3862 42.3997 42.4236 42.4266 42.4303 42.4189 42.4104 42.4004 42.3835 42.3519 42.3255 42.3161 42.3038 42.3329 42.3612 42.4000 42.4224 42.4440 42.4583 42.4785 42.5150 42.5277 42.5654
42.0663 42.1082 42.1432 42.1501 42.1387 42.1505 42.1302 42.1141 42.1204 42.1147 42.1407 42.1828 42.1876 42.1805 42.2057 42.2477 42.2891 42.3174 42.3715 42.3988 42.4186 42.4268 42.4037 42.4165 42.4325 42.4324 42.4294 42.4283 42.4348 42.4485 42.4589 42.4720 42.4760 42.4821 42.4738 42.4685 42.4736 42.4844 42.4762 42.4592 42.4616 42.4365 42.4405 42.4183 42.4237 42.4516 42.4562 42.4801 42.4679 42.4368 42.4411 42.4378 42.4261 42.4093 42.3667 42.3420 42.3189 42.3250 42.3440 42.3748 42.3940 42.4145 42.4332 42.4650 42.5196 42.5328 42.5640
42.1138 42.1683 42.1794 42.1785 42.1719 42.1689 42.1434 42.1487 42.1488 42.1380 42.1493 42.1553 42.2007 42.1863 42.2012 42.2556 42.3120 42.3584 42.4009 42.4232 42.4282 42.4323 42.4349 42.4306 42.4372 42.4413 42.4372 42.4528 42.4509 42.4622 42.4801 42.4935 42.4754 42.4940 42.4911 42.5006 42.5196 42.5178 42.5117 42.5067 42.5130 42.5219 42.5163 42.5214 42.5233 42.5354 42.5426 42.5306 42.5018 42.4733 42.4553 42.4386 42.4167 42.3978 42.3885 42.3452 42.3466 42.3431 42.3326 42.3610 42.3760 42.4069 42.4333 42.4643 42.4988 42.5243 42.5565
42.1492 42.1844 42.1961 42.1821 42.1708 42.1842 42.1704 42.1770 42.1726 42.1557 42.1630 42.1595 42.1814 42.1964 42.2019 42.2676 42.3478 42.4010 42.4417 42.4659 42.4652 42.4613 42.4592 42.4701 42.4634 42.4593 42.4574 42.4782 42.4965 42.5029 42.5290 42.5615 42.5663 42.5909 42.5827 42.5739 42.5509 42.5394 42.5225 42.5253 42.5305 42.5437 42.5437 42.5499 42.5589 42.5673 42.5701 42.5460 42.5020 42.4830 42.4749 42.4736 42.4574 42.4260 42.4140 42.4111 42.3790 42.3859 42.3786 42.3797 42.3618 42.3844 42.4090 42.4271 42.4490 42.4843 42.5134
