regresion/ENERO_2003/MODIS/Composicion (Band 10).txt
ncols         167
nrows         127
xllcorner     -112.017
yllcorner     26.724
cellsize      0.00900
[rows 29 to 57 of 127, columns 0 to 66 of 167]
41.6655 41.6655 41.6711 41.6608 41.6019 41.5180 41.4260 41.3869 41.3862 41.3630 41.3338 41.3408 41.3340 41.3348 41.3394 41.3414 41.3544 41.3642 41.3381 41.3295 41.3154 41.3140 41.3294 41.3388 41.3557 41.3507 41.3526 41.3671 41.3791 41.3892 41.4076 41.4177 41.4450 41.4514 41.4483 41.4138 41.3730 41.3698 41.3571 41.3757 41.3788 41.3622 41.3408 41.3304 41.3078 41.2768 41.2600 41.2541 41.2562 41.2408 41.2197 41.2337 41.2314 41.2423 41.2617 41.2891 41.3110 41.3389 41.3687 41.4019 41.4082 41.4358 41.4495 41.4495 41.4679 41.4560 41.4568
41.6173 41.6173 41.6463 41.6429 41.5919 41.5247 41.4305 41.3977 41.3676 41.3649 41.3459 41.3398 41.3355 41.3459 41.3389 41.3443 41.3505 41.3515 41.3401 41.3228 41.3129 41.2907 41.2992 41.3223 41.3305 41.3316 41.3458 41.3579 41.3688 41.3783 41.3805 41.3806 41.4088 41.4091 41.4084 41.3766 41.3198 41.3097 41.3097 41.3470 41.3821 41.3871 41.3904 41.4043 41.3755 41.3572 41.3393 41.3348 41.3266 41.3098 41.2837 41.2703 41.2620 41.2571 41.2803 41.3084 41.3239 41.3492 41.3804 41.3942 41.4165 41.4212 41.4390 41.4698 41.4636 41.4607 41.4580
41.6369 41.6369 41.6429 41.6351 41.6241 41.5404 41.4649 41.3906 41.3510 41.3476 41.3479 41.3508 41.3459 41.3581 41.3524 41.3467 41.3453 41.3186 41.2949 41.2818 41.2849 41.2737 41.2770 41.2972 41.3123 41.3121 41.3341 41.3417 41.3629 41.3732 41.3831 41.3850 41.4208 41.4275 41.4339 41.3883 41.3377 41.3323 41.3290 41.3523 41.4061 41.4200 41.4240 41.4187 41.3890 41.3885 41.3861 41.3695 41.3508 41.3335 41.2953 41.2807 41.2869 41.2721 41.2943 41.3505 41.3598 41.3929 41.4092 41.4221 41.4341 41.4470 41.4277 41.4439 41.4727 41.4574 41.4088
41.6462 41.6462 41.7095 41.7291 41.6686 41.4923 41.4543 41.3843 41.3563 41.3555 41.3691 41.3908 41.3817 41.3854 41.3648 41.3333 41.3317 41.3116 41.2979 41.3047 41.3031 41.3050 41.2990 41.3248 41.3339 41.3551 41.3757 41.3740 41.3895 41.3689 41.3766 41.3799 41.3891 41.4131 41.4051 41.3836 41.3487 41.3500 41.3459 41.3494 41.3669 41.3888 41.3764 41.3885 41.3740 41.3765 41.3788 41.3560 41.3583 41.3337 41.3209 41.3247 41.3111 41.3009 41.3287 41.3501 41.4043 41.4341 41.4459 41.4530 41.4542 41.4572 41.4563 41.4613 41.4621 41.4770 41.4566
41.6854 41.6854 41.7143 41.7084 41.6691 41.6017 41.4075 41.3536 41.3452 41.3459 41.3518 41.3758 41.3751 41.3969 41.3898 41.3830 41.3831 41.3621 41.3569 41.3547 41.3402 41.3359 41.3455 41.3719 41.3648 41.3487 41.3393 41.3678 41.3851 41.3740 41.3681 41.3639 41.3714 41.3875 41.3956 41.3609 41.3304 41.3347 41.3333 41.3387 41.3361 41.3368 41.3560 41.3730 41.3404 41.3698 41.3824 41.3868 41.3707 41.3568 41.3567 41.3558 41.3613 41.3472 41.3879 41.4191 41.4510 41.4734 41.4822 41.4793 41.4713 41.4646 41.4542 41.4461 41.4522 41.4253 41.4053
41.8214 41.8214 41.7834 41.7953 41.6309 41.5667 41.4747 41.4202 41.4019 41.3821 41.3657 41.3745 41.3764 41.3789 41.3727 41.3559 41.3524 41.3350 41.3131 41.3119 41.3008 41.3030 41.3245 41.3669 41.3903 41.3986 41.4232 41.4454 41.4464 41.4080 41.3660 41.3535 41.3805 41.3535 41.3805 41.3645 41.3571 41.3572 41.3585 41.3620 41.3534 41.3366 41.3612 41.3723 41.3604 41.3595 41.3510 41.3540 41.3506 41.3410 41.3459 41.3583 41.3573 41.3543 41.3861 41.4083 41.4362 41.4643 41.4811 41.4735 41.4671 41.4499 41.4354 41.4161 41.4151 41.3989 41.3880
41.9449 41.9449 41.8143 41.7114 41.5586 41.4742 41.4195 41.4264 41.4276 41.4151 41.3971 41.3896 41.3782 41.3833 41.3663 41.3417 41.3475 41.3438 41.3300 41.3096 41.3034 41.3180 41.3440 41.3426 41.3645 41.4064 41.4405 41.4484 41.4542 41.4406 41.4150 41.4122 41.4150 41.4114 41.4042 41.3779 41.3819 41.3867 41.3801 41.3801 41.3784 41.3556 41.3460 41.3450 41.3379 41.3196 41.3097 41.3113 41.3338 41.3299 41.3422 41.3554 41.3449 41.3420 41.3879 41.4197 41.4410 41.4530 41.4478 41.4484 41.4420 41.4110 41.3958 41.3729 41.3737 41.3730 41.3744
41.8900 41.8900 41.6745 41.5785 41.4645 41.4331 41.4111 41.4118 41.4176 41.3878 41.3708 41.3857 41.3966 41.4170 41.4429 41.4557 41.4426 41.4418 41.4121 41.4022 41.3835 41.3609 41.3580 41.3608 41.3845 41.3857 41.4251 41.4440 41.4381 41.4298 41.4202 41.4142 41.4111 41.3935 41.3824 41.3622 41.3614 41.3852 41.3833 41.3951 41.3990 41.3762 41.3715 41.3571 41.3536 41.3222 41.3355 41.3330 41.3436 41.3607 41.3674 41.3614 41.3588 41.3565 41.3757 41.4050 41.4278 41.4303 41.4130 41.3997 41.3795 41.3755 41.3593 41.3324 41.3550 41.3694 41.3943
41.8043 41.8043 41.6328 41.5351 41.4431 41.4555 41.4413 41.4382 41.4357 41.4246 41.4040 41.4180 41.4153 41.4235 41.4460 41.4478 41.4344 41.4295 41.4088 41.3997 41.3899 41.3890 41.3863 41.3942 41.4160 41.4198 41.4472 41.4565 41.4594 41.4324 41.4131 41.4118 41.4146 41.3830 41.3685 41.3591 41.3511 41.3725 41.3799 41.3919 41.4042 41.4099 41.4271 41.4103 41.4033 41.3555 41.3724 41.3631 41.3440 41.3531 41.3503 41.3486 41.3472 41.3334 41.3579 41.3839 41.4196 41.4513 41.4141 41.3954 41.3748 41.3505 41.3519 41.3520 41.3557 41.3745 41.3875
41.7382 41.7382 41.5514 41.5089 41.4681 41.4640 41.4432 41.4309 41.4187 41.4108 41.3837 41.3969 41.4079 41.4143 41.4248 41.4125 41.4114 41.3988 41.3828 41.3815 41.3742 41.3829 41.3798 41.3911 41.4042 41.4129 41.4413 41.4366 41.4741 41.4755 41.4515 41.4596 41.4514 41.3850 41.3623 41.3396 41.3203 41.3409 41.3448 41.3648 41.3842 41.4216 41.4342 41.4255 41.4180 41.3741 41.3667 41.3864 41.3781 41.3599 41.3350 41.3261 41.3157 41.2868 41.3135 41.3443 41.3795 41.4137 41.4288 41.4189 41.4086 41.4012 41.4338 41.4538 41.4489 41.4523 41.4616
42.0468 42.0468 41.6196 41.4987 41.4702 41.4722 41.4505 41.4294 41.3915 41.3782 41.3769 41.3866 41.3981 41.4084 41.4149 41.4141 41.3992 41.3957 41.3732 41.3701 41.3609 41.3672 41.3714 41.3754 41.3809 41.3856 41.4050 41.4157 41.4372 41.4531 41.4249 41.4344 41.4222 41.3805 41.3651 41.3418 41.3213 41.3457 41.3537 41.3591 41.3894 41.4125 41.4140 41.4040 41.3910 41.3686 41.3499 41.3438 41.3580 41.3526 41.3569 41.3476 41.3631 41.3649 41.3859 41.3796 41.4112 41.4278 41.4368 41.4548 41.4501 41.4364 41.4628 41.4890 41.4967 41.5038 41.4953
42.1694 42.1694 41.7664 41.5698 41.4911 41.4730 41.4336 41.4164 41.3969 41.3938 41.3926 41.3934 41.3999 41.4121 41.4194 41.4217 41.4207 41.4105 41.3801 41.3468 41.3239 41.3281 41.3267 41.3338 41.3527 41.3557 41.3755 41.3899 41.4057 41.4087 41.3909 41.3962 41.3810 41.3505 41.3292 41.3044 41.2932 41.3141 41.3319 41.3541 41.3825 41.4032 41.4141 41.4186 41.4053 41.3926 41.3614 41.3612 41.3695 41.3780 41.3737 41.3765 41.3732 41.3852 41.3856 41.3973 41.4082 41.4427 41.4643 41.4694 41.4685 41.4555 41.4722 41.4805 41.5034 41.4967 41.4654
41.7978 41.7978 41.6638 41.5594 41.4888 41.4635 41.4299 41.4263 41.4184 41.4070 41.4012 41.3985 41.3911 41.4029 41.4132 41.4159 41.3972 41.3800 41.3491 41.3313 41.2993 41.2779 41.2661 41.2701 41.2936 41.3197 41.3339 41.3516 41.3833 41.3803 41.3739 41.3895 41.3766 41.3609 41.3542 41.3369 41.3337 41.3568 41.3729 41.3819 41.3961 41.3973 41.4222 41.4338 41.4190 41.3974 41.3838 41.3775 41.3914 41.3800 41.3814 41.3776 41.3694 41.3778 41.3972 41.4146 41.4144 41.4229 41.4350 41.4352 41.4366 41.4514 41.4569 41.4602 41.4717 41.4683 41.4624
41.6294 41.6294 41.5854 41.5319 41.4999 41.4904 41.4631 41.4536 41.4428 41.4487 41.4439 41.4316 41.3987 41.3898 41.3883 41.3986 41.3608 41.3545 41.3307 41.3174 41.3150 41.3043 41.2822 41.2642 41.2757 41.3021 41.3400 41.3517 41.3872 41.3902 41.4095 41.4102 41.3840 41.3649 41.3612 41.3501 41.3492 41.3667 41.3836 41.3966 41.4201 41.4243 41.4247 41.4204 41.3910 41.3927 41.3841 41.3796 41.3719 41.3756 41.3868 41.3686 41.3774 41.3954 41.4019 41.4200 41.4124 41.4082 41.4104 41.4067 41.4121 41.4336 41.4605 41.4675 41.4949 41.5017 41.4785
41.6968 41.6968 41.6142 41.5135 41.4901 41.4618 41.4368 41.4228 41.4121 41.4192 41.4251 41.4236 41.4007 41.4084 41.3905 41.3866 41.3865 41.4079 41.4088 41.3993 41.4250 41.3835 41.3284 41.2972 41.3031 41.2921 41.3075 41.3240 41.3704 41.3753 41.3857 41.3856 41.3696 41.3718 41.3803 41.3636 41.3569 41.3904 41.3994 41.4159 41.4428 41.4246 41.4089 41.3933 41.4017 41.4063 41.3864 41.4045 41.4040 41.4014 41.4042 41.4090 41.4163 41.4376 41.4583 41.4622 41.4550 41.4514 41.4492 41.4365 41.4348 41.4301 41.4339 41.4633 41.4975 41.4911 41.4676
41.8332 41.8332 41.6642 41.5316 41.5092 41.4934 41.4661 41.4552 41.4585 41.4571 41.4577 41.4396 41.4128 41.4512 41.6123 41.7075 42.0089 41.9294 41.8388 41.8457 41.6938 41.3985 41.3904 41.3741 41.3235 41.3374 41.3814 41.4110 41.4376 41.4045 41.4101 41.4265 41.4071 41.4017 41.3905 41.3920 41.3876 41.4027 41.4054 41.4169 41.4434 41.4435 41.4510 41.4426 41.4421 41.4177 41.4009 41.4045 41.4290 41.4209 41.4172 41.3965 41.4135 41.4509 41.4836 41.4897 41.4899 41.4773 41.4722 41.4682 41.4585 41.4557 41.4571 41.4623 41.4819 41.4773 41.4644
41.6171 41.6171 41.5815 41.6065 41.5456 41.5100 41.4992 41.5067 41.4811 41.4625 41.4425 41.4714 41.6498 42.5164 43.5353 44.8920 46.1725 44.9618 43.9075 42.2319 41.6944 41.4488 41.4423 41.4257 41.4023 41.3959 41.4193 41.4455 41.4630 41.4818 41.5109 41.5341 41.5247 41.4861 41.4766 41.4404 41.4426 41.4485 41.4416 41.4315 41.4530 41.4525 41.4611 41.4462 41.4410 41.4296 41.4260 41.4209 41.4270 41.4459 41.4271 41.4131 41.4062 41.4297 41.4785 41.5011 41.4980 41.4660 41.4519 41.4510 41.4373 41.4310 41.4370 41.4511 41.4636 41.4681 41.4708
41.5033 41.5033 41.5094 41.5707 41.5324 41.4853 41.4817 41.4911 41.4437 41.4420 41.4655 41.7229 42.0501 43.7439 45.5465 46.7540 47.0035 46.4347 46.1180 44.2287 42.2912 41.8042 41.5383 41.4938 41.4688 41.4532 41.4347 41.4483 41.4777 41.4919 41.5102 41.5425 41.5486 41.5134 41.5173 41.4859 41.4946 41.4828 41.4736 41.4561 41.4644 41.4790 41.4969 41.4989 41.4960 41.4763 41.4471 41.4398 41.4558 41.4405 41.4312 41.4290 41.4102 41.4096 41.4397 41.4622 41.4726 41.4538 41.4428 41.4345 41.4292 41.4379 41.4532 41.4492 41.4669 41.4646 41.4559
41.4714 41.4714 41.4969 41.5325 41.5515 41.5071 41.4849 41.4934 41.4729 41.4587 41.4753 41.7173 42.1987 44.2084 47.8411 48.7801 49.1450 49.9285 48.7584 46.6645 43.4948 42.0449 41.6298 41.5864 41.5470 41.5124 41.4855 41.4790 41.4980 41.5063 41.5256 41.5624 41.5656 41.5501 41.5596 41.5172 41.5189 41.4976 41.4804 41.4702 41.4962 41.5308 41.5348 41.5221 41.5160 41.5004 41.4793 41.4737 41.4660 41.4573 41.4692 41.4758 41.4606 41.4587 41.4758 41.4796 41.4742 41.4642 41.4458 41.4255 41.4095 41.4122 41.4290 41.4352 41.4520 41.4608 41.4718
41.5107 41.5107 41.5192 41.5342 41.5613 41.5217 41.5044 41.4909 41.4868 41.4984 41.5240 41.7506 42.3483 43.2457 46.0954 48.1688 48.1849 47.8907 47.2267 45.7875 43.1417 41.9994 41.6244 41.5898 41.5630 41.5408 41.5396 41.5468 41.5761 41.5985 41.6084 41.6223 41.6017 41.5797 41.5886 41.5503 41.5364 41.5125 41.4931 41.4882 41.5189 41.5592 41.5533 41.5354 41.5334 41.5096 41.5066 41.4951 41.4808 41.4513 41.4528 41.4581 41.4662 41.4535 41.4336 41.4201 41.4235 41.4353 41.4288 41.4500 41.4550 41.4788 41.5225 41.5514 41.5516 41.5701 41.5723
41.4996 41.4996 41.5214 41.5370 41.5624 41.5069 41.4749 41.4694 41.4767 41.4805 41.4804 41.5794 41.6551 41.8817 42.4581 42.9418 42.9798 42.6040 42.4819 42.2785 41.9112 41.7591 41.6711 41.6109 41.5813 41.5655 41.5624 41.5661 41.5819 41.6073 41.6187 41.6417 41.6412 41.6295 41.6325 41.6042 41.5844 41.5678 41.5515 41.5336 41.5701 41.5794 41.5795 41.5453 41.5183 41.5097 41.4899 41.4748 41.4606 41.4515 41.4752 41.4787 41.4695 41.4777 41.4774 41.4664 41.4665 41.4723 41.4794 41.4803 41.4882 41.5031 41.5312 41.5612 41.5772 41.5768 41.5890
41.4897 41.4897 41.4949 41.5167 41.4905 41.4751 41.4588 41.4618 41.4699 41.4741 41.4947 41.5699 41.6217 41.7039 41.8021 41.8736 41.7827 41.7548 41.6798 41.6416 41.6285 41.6813 41.6631 41.6194 41.5822 41.5812 41.5826 41.5710 41.5801 41.6011 41.6084 41.6324 41.6441 41.6287 41.6272 41.6262 41.6149 41.5925 41.5700 41.5652 41.5939 41.6309 41.6146 41.5702 41.5600 41.5479 41.5375 41.5179 41.5146 41.5066 41.4941 41.5252 41.5254 41.5019 41.5042 41.4920 41.4952 41.4988 41.4977 41.4862 41.4915 41.4970 41.5227 41.5521 41.5709 41.5767 41.5760
41.4856 41.4856 41.5032 41.5013 41.4525 41.4773 41.4603 41.4549 41.4623 41.4836 41.5255 41.5788 41.6048 41.6521 41.7172 41.7124 41.6483 41.6053 41.5549 41.5426 41.5381 41.5953 41.6354 41.6062 41.5778 41.5979 41.5906 41.5824 41.5793 41.6039 41.6219 41.6549 41.6676 41.6605 41.6687 41.6623 41.6434 41.6056 41.5744 41.5678 41.6043 41.6299 41.6134 41.5882 41.5862 41.5818 41.5485 41.5342 41.5454 41.5335 41.5220 41.5273 41.5261 41.5164 41.5141 41.5137 41.5193 41.5161 41.4980 41.4839 41.4971 41.4974 41.5196 41.5710 41.5627 41.5603 41.5543
41.4689 41.4689 41.4641 41.4782 41.4457 41.5173 41.5211 41.4916 41.4967 41.5333 41.5785 41.5968 41.6068 41.6238 41.6398 41.6603 41.6397 41.6095 41.5683 41.5249 41.4883 41.5347 41.6082 41.6316 41.6153 41.6475 41.6438 41.6446 41.6428 41.6575 41.6800 41.7024 41.7058 41.6852 41.6870 41.6473 41.6113 41.5796 41.5571 41.5643 41.5945 41.6108 41.5934 41.5818 41.5758 41.5611 41.5613 41.5587 41.5633 41.5524 41.5346 41.5326 41.5378 41.5171 41.5046 41.5111 41.5175 41.5231 41.5210 41.5080 41.4998 41.5227 41.5491 41.5667 41.6001 41.5921 41.5811
41.4513 41.4513 41.4432 41.4405 41.4415 41.4548 41.4781 41.4887 41.5072 41.5221 41.5573 41.5701 41.6030 41.6189 41.6545 41.6955 41.7162 41.7137 41.6683 41.6347 41.6044 41.6226 41.6466 41.6600 41.6612 41.6522 41.6393 41.6491 41.6495 41.6360 41.6637 41.6939 41.7028 41.6847 41.6755 41.6391 41.6172 41.5817 41.5615 41.5629 41.5972 41.5964 41.5803 41.5689 41.5845 41.5641 41.5843 41.5640 41.5756 41.5842 41.5792 41.5765 41.5712 41.5652 41.5487 41.5436 41.5581 41.5537 41.5379 41.5080 41.4966 41.4910 41.5276 41.5385 41.5612 41.5544 41.5685
41.4760 41.4760 41.4737 41.4896 41.4990 41.5033 41.5089 41.5249 41.5467 41.5761 41.5719 41.5784 41.6018 41.6172 41.6399 41.6736 41.7004 41.6955 41.6766 41.6660 41.6095 41.6006 41.6261 41.6887 41.6835 41.6821 41.6727 41.6919 41.6891 41.6998 41.7030 41.7249 41.7226 41.7211 41.6930 41.6614 41.6181 41.5889 41.5824 41.6123 41.6239 41.6209 41.6132 41.6153 41.6122 41.6188 41.6021 41.5733 41.5690 41.5787 41.5824 41.5722 41.5583 41.5525 41.5538 41.5609 41.5707 41.5766 41.5656 41.5370 41.5188 41.5176 41.5413 41.5474 41.5539 41.5584 41.5661
41.5517 41.5517 41.5625 41.5672 41.5931 41.5952 41.5883 41.6023 41.6232 41.6254 41.6026 41.5900 41.5889 41.5866 41.6057 41.6289 41.6606 41.6662 41.6521 41.6503 41.6250 41.6117 41.6139 41.6467 41.6868 41.7035 41.7574 41.7696 41.7617 41.7430 41.7436 41.7513 41.7645 41.7393 41.7375 41.7023 41.6916 41.6613 41.6355 41.6331 41.6355 41.6208 41.6126 41.5983 41.5974 41.6057 41.6065 41.5933 41.5763 41.5780 41.5894 41.5689 41.5374 41.5274 41.5412 41.5562 41.5658 41.5705 41.5731 41.5496 41.5109 41.5265 41.5617 41.5672 41.5733 41.5724 41.5814
41.5339 41.5339 41.5421 41.5790 41.5990 41.5692 41.5998 41.6362 41.6351 41.6236 41.6075 41.6179 41.6111 41.6250 41.6241 41.6451 41.7146 41.7450 41.7281 41.7053 41.6806 41.6805 41.6634 41.6432 41.6707 41.6839 41.7302 41.7442 41.7324 41.7076 41.7016 41.7138 41.7217 41.6969 41.6791 41.6477 41.6501 41.6654 41.6594 41.6499 41.6427 41.6434 41.6453 41.6427 41.6497 41.6704 41.6532 41.6269 41.6132 41.6042 41.6140 41.5732 41.5341 41.5105 41.5122 41.5206 41.5367 41.5349 41.5460 41.5259 41.5101 41.5160 41.5604 41.5688 41.5646 41.5653 41.5820
41.5429 41.5429 41.4988 41.6054 41.6247 41.6247 41.6504 41.6791 41.6662 41.6580 41.6456 41.6388 41.6469 41.6620 41.6787 41.6857 41.7111 41.7402 41.7626 41.7725 41.7553 41.7640 41.7330 41.6837 41.6725 41.6502 41.6684 41.6829 41.6889 41.6804 41.6712 41.6857 41.6961 41.6768 41.6649 41.6441 41.6567 41.6681 41.6727 41.6609 41.6478 41.6518 41.6674 41.6512 41.6432 41.6429 41.6482 41.6258 41.6131 41.6068 41.6135 41.5984 41.5769 41.5469 41.5330 41.5313 41.5545 41.5457 41.5442 41.5002 41.5032 41.4966 41.5189 41.5636 41.5864 41.5788 41.5748
