regresion/ENERO_2003/MODIS/Composicion (Band 10).txt
ncols         167
nrows         127
xllcorner     -112.017
yllcorner     26.724
cellsize      0.00900
[rows 58 to 86 of 127, columns 67 to 133 of 167]
41.6100 41.6032 41.5988 41.5770 41.5521 41.5430 41.5311 41.5252 41.5303 41.5576 41.5702 41.5709 41.5487 41.5285 41.5064 41.4707 41.4766 41.4806 41.4971 41.4758 41.4797 41.4799 41.4724 41.4660 41.4452 41.4144 41.4177 41.4030 41.4093 41.4389 41.4402 41.4547 41.4598 41.4402 41.3724 41.3862 41.4066 41.4096 41.4571 41.5183 41.5401 41.5520 41.5724 41.5857 41.5291 41.5174 41.5158 41.5375 41.5623 41.5760 41.5973 41.5971 41.6101 41.6157 41.6020 41.6150 41.6214 41.6314 41.6485 41.6663 41.6852 41.6915 41.6663 41.6417 41.5828 41.5715 41.5533
41.5444 41.5442 41.5576 41.5611 41.5665 41.5683 41.5580 41.5501 41.5559 41.5794 41.6055 41.6071 41.5690 41.5481 41.5370 41.4951 41.5083 41.5072 41.5375 41.5163 41.5021 41.5065 41.5047 41.4638 41.4228 41.4168 41.4266 41.4286 41.4302 41.4593 41.4793 41.4757 41.4916 41.4904 41.4254 41.3974 41.4118 41.4222 41.4311 41.4489 41.4784 41.5226 41.5534 41.5535 41.5162 41.5330 41.5452 41.5651 41.5924 41.6070 41.5971 41.6100 41.6236 41.6440 41.6507 41.6450 41.6371 41.6337 41.6398 41.6753 41.6714 41.6855 41.6807 41.6480 41.5762 41.5391 41.5193
41.4817 41.4960 41.5115 41.5337 41.5482 41.5494 41.5375 41.5422 41.5504 41.5883 41.6212 41.6573 41.6187 41.5765 41.5674 41.5576 41.5605 41.5637 41.5718 41.5679 41.5572 41.5571 41.5489 41.5418 41.4899 41.4795 41.4784 41.4807 41.4733 41.4952 41.4932 41.4804 41.5078 41.5148 41.4661 41.4338 41.4057 41.4026 41.4017 41.3878 41.4045 41.4573 41.4977 41.5107 41.5104 41.5126 41.5266 41.5476 41.5855 41.5926 41.5878 41.5838 41.6073 41.6391 41.6442 41.6554 41.6721 41.6806 41.6778 41.6704 41.6475 41.6351 41.6337 41.6088 41.5807 41.5332 41.4855
41.4911 41.4920 41.5136 41.5354 41.5302 41.5264 41.5103 41.5198 41.5365 41.5926 41.6106 41.6438 41.6189 41.5742 41.5800 41.5831 41.6026 41.5988 41.6059 41.6041 41.6167 41.6170 41.5958 41.5722 41.5621 41.5483 41.5490 41.5400 41.5447 41.5523 41.5644 41.5635 41.6006 41.5694 41.5107 41.4500 41.4143 41.4175 41.4148 41.3822 41.4016 41.4237 41.4259 41.4601 41.5033 41.5087 41.5363 41.5559 41.5732 41.5568 41.5453 41.5405 41.5516 41.5918 41.6097 41.6265 41.6424 41.6728 41.6987 41.7150 41.7175 41.7271 41.7150 41.6944 41.6629 41.6000 41.5458
41.5399 41.5307 41.5431 41.5157 41.5051 41.4957 41.4867 41.5211 41.5454 41.5445 41.5490 41.5877 41.5702 41.5699 41.5926 41.6008 41.6057 41.6110 41.6197 41.6176 41.6273 41.6201 41.6027 41.5850 41.5675 41.5660 41.5811 41.6092 41.6172 41.6336 41.6568 41.6640 41.6665 41.6029 41.5465 41.5032 41.4660 41.4617 41.4437 41.4002 41.3756 41.3709 41.3615 41.3852 41.4230 41.4218 41.4777 41.5213 41.5399 41.5491 41.5417 41.5222 41.5290 41.5855 41.6158 41.6469 41.6825 41.6976 41.6862 41.7217 41.7415 41.7534 41.7609 41.7552 41.7213 41.6488 41.5843
41.5664 41.5487 41.5437 41.4953 41.4785 41.4960 41.4940 41.5047 41.5049 41.5032 41.5009 41.5327 41.5459 41.5643 41.5897 41.5987 41.6232 41.6377 41.6482 41.6421 41.6621 41.6430 41.6063 41.5765 41.5563 41.5816 41.6010 41.6423 41.6751 41.6924 41.6989 41.7000 41.6923 41.6376 41.5738 41.5382 41.5020 41.4892 41.4578 41.4269 41.4051 41.3945 41.3884 41.3900 41.4108 41.4149 41.4522 41.4967 41.5037 41.5131 41.5294 41.5289 41.5296 41.5789 41.5983 41.6256 41.6478 41.6636 41.6768 41.7054 41.7309 41.7404 41.7425 41.7657 41.7516 41.7018 41.6386
41.5317 41.5202 41.5094 41.4829 41.4821 41.5048 41.5249 41.5448 41.5412 41.5579 41.5402 41.5595 41.5842 41.6020 41.6221 41.6238 41.6381 41.6516 41.6789 41.6901 41.6928 41.6699 41.6662 41.6315 41.6189 41.6372 41.6437 41.6745 41.7106 41.7402 41.7487 41.7328 41.7300 41.6721 41.6280 41.5943 41.5698 41.5356 41.4972 41.4574 41.4404 41.4219 41.4135 41.4036 41.4087 41.4195 41.4572 41.4620 41.4794 41.4880 41.5166 41.5241 41.5395 41.5819 41.6130 41.6328 41.6607 41.6562 41.6605 41.6889 41.7099 41.7178 41.7570 41.7738 41.7518 41.7252 41.6966
41.5303 41.5130 41.4956 41.4764 41.5073 41.5286 41.5751 41.6056 41.5994 41.5968 41.6216 41.6380 41.6658 41.6881 41.7153 41.7137 41.6995 41.6905 41.7079 41.7101 41.6975 41.6794 41.6894 41.6787 41.6873 41.7188 41.7307 41.7423 41.7861 41.8231 41.8098 41.7760 41.7708 41.7037 41.6652 41.6306 41.5706 41.5322 41.4999 41.4704 41.4451 41.4219 41.4246 41.4423 41.4456 41.4528 41.4628 41.4376 41.4397 41.4773 41.5219 41.5446 41.5461 41.5645 41.5960 41.6367 41.6539 41.6752 41.6688 41.6623 41.6646 41.7042 41.7466 41.7508 41.7248 41.7628 41.7523
41.5663 41.5441 41.5549 41.5347 41.5582 41.5655 41.5948 41.6132 41.6027 41.6119 41.6501 41.6792 41.7072 41.7366 41.7686 41.7768 41.7699 41.7955 41.7926 41.7859 41.7714 41.7532 41.7433 41.7297 41.7356 41.7684 41.7993 41.8205 41.8482 41.8641 41.8558 41.8026 41.7958 41.7440 41.7151 41.6621 41.6197 41.5535 41.5046 41.4845 41.4594 41.4278 41.4440 41.4714 41.4832 41.4846 41.5029 41.4802 41.4950 41.5183 41.5240 41.5338 41.5355 41.5563 41.6046 41.6344 41.6148 41.6304 41.6373 41.5923 41.6731 41.6876 41.7407 41.7840 41.8231 41.8266 41.8078
41.5958 41.5896 41.6190 41.6334 41.6183 41.6295 41.6631 41.6714 41.6679 41.6893 41.7205 41.7394 41.7499 41.7454 41.7604 41.7606 41.7688 41.7873 41.8075 41.8042 41.7947 41.7812 41.7529 41.7393 41.7644 41.7884 41.8146 41.8515 41.8903 41.8982 41.8819 41.8353 41.8254 41.7629 41.7374 41.6952 41.6540 41.6071 41.5476 41.5094 41.4648 41.4568 41.4790 41.5027 41.5052 41.5209 41.5296 41.5175 41.5196 41.5305 41.5398 41.5577 41.5718 41.5919 41.6330 41.6370 41.6231 41.6416 41.6737 41.7004 41.7151 41.7204 41.7429 41.7853 41.7847 41.8121 41.8485
41.6111 41.6348 41.6523 41.6704 41.7004 41.6963 41.7129 41.7328 41.7413 41.7500 41.7654 41.7663 41.7681 41.7541 41.7667 41.7670 41.7544 41.7701 41.7852 41.7829 41.7763 41.7740 41.7534 41.7485 41.7637 41.7866 41.8229 41.8691 41.9072 41.9261 41.9020 41.8581 41.8390 41.7674 41.7733 41.7272 41.7011 41.6719 41.6131 41.5662 41.5198 41.5233 41.5511 41.5401 41.5509 41.5583 41.5759 41.5955 41.5810 41.5795 41.5656 41.5554 41.5532 41.5868 41.6307 41.6560 41.6425 41.6485 41.6606 41.6494 41.6661 41.6645 41.6937 41.7196 41.7476 41.7786 41.8264
41.6163 41.6440 41.6652 41.6813 41.7101 41.7224 41.7398 41.7818 41.7859 41.7879 41.7789 41.7944 41.7978 41.7860 41.7878 41.7919 41.7908 41.8040 41.7900 41.7868 41.7793 41.7659 41.7518 41.7445 41.7493 41.8159 41.8469 41.9233 41.9601 41.9749 41.9456 41.9123 41.8792 41.8434 41.8017 41.7675 41.7414 41.7020 41.6483 41.6164 41.5963 41.6076 41.6267 41.6294 41.6296 41.6170 41.6259 41.6261 41.6183 41.6133 41.6018 41.5648 41.5494 41.5635 41.5965 41.6613 41.6686 41.6756 41.6803 41.6736 41.6727 41.6649 41.6786 41.6930 41.7108 41.7224 41.7601
41.6235 41.6503 41.6791 41.6984 41.7148 41.7242 41.7500 41.7985 41.8011 41.7993 41.8107 41.8466 41.8788 41.8398 41.8506 41.8391 41.8300 41.8176 41.8053 41.7955 41.7902 41.7828 41.7924 41.7789 41.8111 41.8523 41.8740 41.9373 41.9783 41.9544 41.9358 41.9174 41.8844 41.8579 41.8326 41.7954 41.7618 41.7448 41.6924 41.6853 41.6698 41.6707 41.6860 41.6940 41.6867 41.6851 41.6731 41.6772 41.6603 41.6523 41.6467 41.6226 41.5996 41.6094 41.6210 41.6669 41.6894 41.7081 41.7337 41.7131 41.6992 41.6727 41.6813 41.6820 41.6889 41.6846 41.6941
41.6456 41.6730 41.6900 41.7371 41.7639 41.7806 41.8069 41.8286 41.8301 41.8419 41.8442 41.8512 41.8887 41.8737 41.8761 41.8353 41.8184 41.8236 41.8342 41.8203 41.8059 41.8143 41.8066 41.8049 41.8162 41.8753 41.9238 41.9749 41.9751 41.9885 41.9837 41.9654 41.9308 41.8844 41.8563 41.8288 41.7958 41.7674 41.7344 41.7313 41.7195 41.7143 41.7281 41.7461 41.7306 41.7253 41.7159 41.6921 41.6651 41.6801 41.6472 41.6206 41.6066 41.6373 41.6693 41.6849 41.6918 41.7251 41.7655 41.7789 41.7639 41.7417 41.7241 41.7253 41.7327 41.7323 41.7369
41.6951 41.7040 41.7245 41.7594 41.7913 41.8082 41.8181 41.8207 41.8279 41.8427 41.8324 41.8263 41.8301 41.8318 41.8201 41.8026 41.8068 41.8175 41.8025 41.7716 41.7595 41.7845 41.7957 41.8141 41.8359 41.9017 41.9566 42.0380 42.0581 42.0243 42.0034 41.9862 41.9573 41.9267 41.9114 41.8642 41.8235 41.8009 41.7636 41.7425 41.7284 41.7184 41.7430 41.7517 41.7315 41.7328 41.7269 41.7229 41.7062 41.6872 41.6680 41.6581 41.6682 41.6928 41.7116 41.7016 41.7146 41.7582 41.7796 41.7906 41.7985 41.7944 41.7820 41.7736 41.7668 41.7525 41.7772
41.7371 41.7388 41.7512 41.7797 41.7901 41.7893 41.7821 41.7853 41.7941 41.7995 41.8049 41.8035 41.7834 41.7608 41.7691 41.7740 41.7870 41.7917 41.7651 41.7507 41.7447 41.7601 41.7802 41.8026 41.8534 41.9333 41.9731 42.0319 42.0457 42.0042 41.9812 41.9470 41.9353 41.9136 41.9028 41.8658 41.8255 41.8171 41.8196 41.7991 41.7960 41.8024 41.8057 41.7848 41.7632 41.7695 41.7439 41.7504 41.7562 41.7641 41.7541 41.7353 41.7313 41.7524 41.7693 41.7476 41.7177 41.7263 41.7595 41.8007 41.8143 41.8239 41.8065 41.8031 41.7990 41.7956 41.7879
41.7509 41.7550 41.7563 41.7784 41.7778 41.7900 41.7847 41.8055 41.8079 41.7964 41.7798 41.7535 41.7217 41.7121 41.7400 41.7869 41.8009 41.7871 41.7421 41.7194 41.7223 41.7387 41.7633 41.7894 41.8530 41.9128 41.9632 42.0131 42.0184 41.9777 41.9564 41.9262 41.9086 41.9068 41.9176 41.8974 41.8722 41.8703 41.8652 41.8408 41.8406 41.8411 41.8393 41.8301 41.7832 41.7983 41.7898 41.7960 41.8050 41.8156 41.8300 41.8225 41.8207 41.8136 41.8094 41.8107 41.7780 41.7655 41.7737 41.8157 41.8178 41.8132 41.8241 41.8510 41.8593 41.8345 41.8227
41.7540 41.7442 41.7509 41.7714 41.7716 41.7870 41.7657 41.7905 41.8101 41.8399 41.8167 41.8020 41.7573 41.7694 41.7763 41.8138 41.8098 41.7956 41.7611 41.7498 41.7504 41.7756 41.8093 41.8404 41.9164 41.9846 42.0190 42.0311 42.0242 41.9792 41.9723 41.9442 41.9212 41.8884 41.8959 41.8768 41.8654 41.8653 41.8654 41.8527 41.8453 41.8512 41.8438 41.8084 41.7908 41.8116 41.8034 41.8328 41.8452 41.8434 41.8657 41.8672 41.8669 41.8376 41.8470 41.8597 41.8342 41.8175 41.8328 41.8414 41.8530 41.8799 41.9060 41.9225 41.9258 41.8989 41.8938
41.7457 41.7511 41.7553 41.7632 41.7906 41.8022 41.8046 41.7956 41.8068 41.8028 41.7892 41.7917 41.8112 41.8430 41.8409 41.8850 41.8828 41.8800 41.8597 41.8469 41.8612 41.8788 41.9235 41.9324 42.0068 42.0181 42.0246 41.9972 41.9865 41.9452 41.9478 41.9224 41.8956 41.8680 41.8830 41.8595 41.8558 41.8658 41.8619 41.8613 41.8458 41.8608 41.8556 41.8094 41.8005 41.8212 41.8415 41.8544 41.8770 41.8627 41.8673 41.8641 41.8698 41.8530 41.8602 41.8910 41.8807 41.8731 41.8957 41.9059 41.9043 41.9072 41.9424 41.9778 42.0048 42.0157 42.0114
41.7828 41.7752 41.8000 41.8023 41.8123 41.8378 41.8373 41.8490 41.8488 41.8496 41.8433 41.8527 41.8770 41.9042 41.9107 41.9251 41.9214 41.9068 41.8927 41.8908 41.9130 41.9398 41.9764 42.0081 42.0505 42.0625 42.0712 42.0220 41.9766 41.9579 41.9370 41.9035 41.8792 41.8582 41.8769 41.8594 41.8410 41.8508 41.8397 41.8351 41.8267 41.8366 41.8276 41.7965 41.7997 41.8133 41.8123 41.8490 41.8707 41.8827 41.8949 41.8908 41.8959 41.9116 41.9473 41.9630 41.9460 41.9566 41.9632 41.9632 41.9719 41.9811 41.9826 41.9963 41.9982 41.9999 42.0102
41.8613 41.8461 41.8493 41.8536 41.8542 41.8772 41.8801 41.8670 41.8736 41.8824 41.8826 41.9038 41.9236 41.9328 41.9297 41.9279 41.9352 41.9275 41.9156 41.9162 41.9510 41.9872 42.0334 42.0499 42.0628 42.0777 42.0807 42.0372 41.9716 41.9298 41.9169 41.8627 41.8325 41.8248 41.8505 41.8628 41.8726 41.8546 41.8685 41.8593 41.8601 41.8340 41.8349 41.8276 41.7969 41.8085 41.8355 41.8828 41.9175 41.9332 41.9286 41.9190 41.9139 41.9378 41.9668 41.9833 41.9750 41.9905 42.0000 41.9889 42.0043 42.0164 42.0382 42.0349 42.0213 42.0022 42.0103
41.9262 41.9339 41.9342 41.9451 41.9366 41.9284 41.9027 41.8917 41.8946 41.9043 41.8973 41.9313 41.9481 41.9500 41.9435 41.9411 41.9412 41.9232 41.9454 41.9586 41.9849 42.0256 42.0548 42.0401 42.0838 42.0913 42.0853 42.0436 41.9830 41.9360 41.9268 41.8866 41.8469 41.8316 41.8558 41.8607 41.8590 41.8409 41.8372 41.8411 41.8658 41.8695 41.8593 41.8526 41.8395 41.8515 41.8580 41.8917 41.9102 41.9166 41.9201 41.9278 41.9429 41.9729 42.0017 42.0169 42.0044 41.9993 42.0043 41.9981 41.9936 42.0158 42.0383 42.0445 42.0391 42.0226 42.0029
41.9740 41.9606 41.9470 41.9432 41.9251 41.9097 41.8877 41.8949 41.9103 41.9232 41.9531 41.9568 41.9614 41.9797 41.9606 41.9820 41.9842 41.9922 42.0008 42.0441 42.0531 42.0647 42.0873 42.1044 42.1142 42.1159 42.0910 42.0210 41.9650 41.9170 41.8908 41.8734 41.8326 41.8202 41.8431 41.8524 41.8549 41.8443 41.8628 41.8557 41.8618 41.8654 41.8498 41.8427 41.8208 41.8321 41.8345 41.8860 41.9128 41.9299 41.9297 41.9613 41.9960 42.0173 42.0391 42.0459 42.0309 42.0187 42.0091 41.9828 41.9847 42.0138 42.0341 42.0393 42.0435 42.0255 42.0012
42.0107 42.0067 41.9917 41.9780 41.9323 41.9013 41.9071 41.9352 41.9630 41.9673 41.9800 41.9848 41.9931 41.9855 41.9841 42.0082 42.0299 42.0344 42.0602 42.0871 42.0968 42.1080 42.1145 42.1426 42.1534 42.1217 42.0962 41.9967 41.9431 41.9294 41.9100 41.8879 41.8508 41.8392 41.8557 41.8595 41.8607 41.8649 41.8696 41.8565 41.8724 41.8682 41.8629 41.8433 41.8164 41.8324 41.8461 41.8654 41.8749 41.9042 41.9131 41.9473 41.9889 42.0036 42.0230 42.0490 42.0446 42.0405 42.0492 42.0367 42.0533 42.0550 42.0669 42.0801 42.0818 42.0661 42.0481
42.0163 42.0054 42.0023 41.9870 41.9573 41.9401 41.9387 41.9584 41.9795 41.9947 41.9921 41.9827 41.9791 41.9696 41.9831 42.0202 42.0744 42.0787 42.0962 42.1120 42.1095 42.1112 42.1313 42.1166 42.1404 42.1440 42.1014 42.0348 41.9798 41.9676 41.9619 41.9551 41.9373 41.9243 41.9306 41.8984 41.8799 41.8802 41.8728 41.8780 41.8702 41.8716 41.8695 41.8534 41.8047 41.8284 41.8393 41.8470 41.8609 41.8781 41.9053 41.9387 41.9876 42.0152 42.0302 42.0692 42.0635 42.0648 42.0724 42.0821 42.1068 42.1103 42.1043 42.1100 42.1118 42.1065 42.1116
42.0090 41.9878 41.9852 41.9507 41.9405 41.9604 41.9653 41.9869 42.0040 42.0349 42.0199 42.0000 41.9964 41.9984 42.0057 42.0105 42.0818 42.0897 42.1072 42.1111 42.1029 42.1437 42.1595 42.1464 42.1434 42.1047 42.0673 42.0124 41.9836 41.9857 41.9850 41.9663 41.9477 41.9280 41.9445 41.9324 41.9347 41.9130 41.9211 41.9134 41.8812 41.8810 41.8754 41.8723 41.8372 41.8513 41.8658 41.8910 41.9011 41.8956 41.9224 41.9697 42.0097 42.0418 42.0322 42.0421 42.0522 42.0726 42.0894 42.1183 42.1414 42.1381 42.1272 42.1318 42.1295 42.1240 42.1378
41.9550 41.9206 41.9191 41.9092 41.9276 41.9595 41.9692 42.0145 42.0202 42.0059 42.0003 42.0004 41.9858 42.0013 42.0234 42.0424 42.0847 42.0937 42.1205 42.1337 42.1230 42.1824 42.1955 42.1530 42.1074 42.0677 42.0428 42.0126 41.9829 41.9893 42.0029 41.9822 41.9762 41.9788 41.9944 41.9907 41.9853 41.9621 41.9539 41.9553 41.9235 41.9229 41.9175 41.9094 41.8732 41.8714 41.8898 41.9163 41.9209 41.9118 41.9167 41.9506 41.9886 42.0219 42.0070 42.0261 42.0271 42.0647 42.0935 42.1226 42.1315 42.1335 42.1165 42.1050 42.1312 42.1363 42.1331
41.8829 41.8571 41.8618 41.8793 41.9081 41.9540 41.9623 41.9973 41.9930 41.9991 42.0430 42.0587 42.0686 42.0636 42.0592 42.0576 42.0814 42.1104 42.1448 42.1651 42.1616 42.2127 42.2171 42.1832 42.1355 42.0872 42.0622 42.0453 42.0306 42.0435 42.0400 42.0212 42.0112 41.9981 42.0108 42.0105 41.9906 41.9724 41.9595 41.9536 41.9313 41.9330 41.9247 41.9012 41.8581 41.8642 41.8485 41.9175 41.9156 41.9047 41.9318 41.9601 41.9800 42.0017 42.0104 42.0312 42.0387 42.0862 42.0941 42.0943 42.0979 42.1133 42.1419 42.1352 42.1182 42.1164 42.1204
41.8610 41.8661 41.8700 41.8730 41.8958 41.8989 41.9387 41.9893 42.0003 42.0318 42.0571 42.0611 42.0607 42.0721 42.0953 42.1207 42.1611 42.2096 42.2404 42.2870 42.2983 42.3144 42.2822 42.2323 42.1671 42.0957 42.0682 42.0609 42.0658 42.0674 42.0539 42.0284 42.0122 41.9921 41.9949 41.9917 41.9833 41.9508 41.9347 41.9228 41.9230 41.9257 41.9402 41.9053 41.8696 41.8785 41.8816 41.9228 41.9166 41.9119 41.9241 41.9598 41.9831 42.0034 41.9908 42.0331 42.0364 42.0565 42.0732 42.1088 42.1219 42.1366 42.1602 42.1665 42.1775 42.1769 42.1910
