regresion/MAYO_2003/MODIS/Composicion (B12).txt
ncols         167
nrows         127
xllcorner     -112.012
yllcorner     26.720
cellsize      0.00898
[rows 87 to 115 of 127, columns 67 to 133 of 167]
31.8085 31.7103 31.5553 31.4681 31.2074 35.1690 39.0149 39.0016 38.9707 39.1183 39.0674 39.0588 37.4945 35.1161 30.9748 30.9666 30.9086 30.9776 30.8049 30.6545 30.6470 30.5961 30.6600 30.6421 30.5838 30.6281 30.6693 30.6493 30.6227 30.5456 30.4065 30.3137 30.2836 30.2734 30.2181 30.2266 30.2534 30.2459 30.2694 30.2473 30.1808 30.1127 30.1006 30.1159 31.4199 31.4253 38.1110 38.0466 38.0633 38.0275 38.0543 38.0399 38.0621 38.0830 38.1156 38.0833 38.0235 38.0172 37.9514 37.8874 37.8246 37.7847 37.7536 37.7720 37.7513 37.8213 37.7982
31.7716 31.5471 31.2995 31.2263 31.8167 39.1936 39.0409 39.1002 39.1598 39.2681 39.1537 39.0982 36.4934 31.0743 31.0555 31.0733 31.0088 30.9129 30.7887 30.7786 30.7604 30.7097 30.7742 30.7378 30.6152 30.6331 30.6824 30.6339 30.6293 30.4338 30.3308 30.2682 30.2309 30.2373 30.2250 30.2238 30.2399 30.2320 30.2381 30.2230 30.1714 30.1160 30.1017 30.1257 30.1127 30.0992 37.9210 38.0099 38.0576 38.0117 38.0366 38.0276 38.0728 38.0787 38.0456 37.9608 37.8261 37.7787 37.6500 37.6041 37.6264 37.5962 37.6462 37.6831 37.7200 37.7711 37.8295
31.7958 31.6227 31.4454 31.4049 38.6319 39.2946 38.7284 36.5313 39.2347 39.3276 39.2578 37.9970 31.2004 31.1149 31.1904 31.2030 31.0990 30.8945 30.7784 30.8759 30.8683 30.8207 30.8035 30.8119 30.7341 30.7769 30.7530 30.6130 30.5895 30.4609 30.3448 30.3104 30.2843 30.2490 30.2931 30.2877 30.2526 30.2067 30.2067 30.2345 30.1886 30.1364 30.1049 30.1319 33.7211 33.7162 37.9909 37.9711 37.9989 37.9859 38.0093 38.0056 38.0242 38.0024 37.8960 37.8112 37.7235 37.6996 37.6425 37.6405 37.6256 37.5782 37.5721 37.5818 37.6112 37.7196 37.7890
34.5542 35.7608 36.9347 36.9113 38.4414 39.4067 39.5770 31.9703 39.0361 38.9986 39.2479 31.8354 31.2189 31.1262 31.1497 31.2536 31.2048 31.0642 30.9053 30.9150 30.9085 30.8805 30.8538 30.8497 30.8725 30.7715 30.6589 30.5709 30.5798 30.4921 30.4107 30.3556 30.3118 30.2733 30.2418 30.2264 30.1997 30.1953 30.2362 30.2347 30.1888 30.1500 33.9949 35.3482 37.9473 37.9330 37.8492 37.9208 37.9561 37.9732 38.0289 38.0385 38.0214 37.9505 37.8621 37.7823 37.7163 37.6910 37.6606 37.6450 37.6206 37.6013 37.5733 37.6003 37.6462 37.7671 37.8248
37.1522 39.5456 39.2864 39.2113 39.2119 39.2629 39.4891 31.5311 35.0825 35.1086 33.6731 31.3464 31.2931 31.2091 31.2211 31.3052 31.2341 31.0795 30.9208 30.8449 30.8447 30.8714 30.8762 30.8669 30.8609 30.7482 30.6692 30.5941 30.6051 30.4878 30.4057 30.3256 30.2896 30.2991 30.2604 30.2503 30.2557 30.2643 30.2935 30.2468 30.2361 30.2147 38.1770 38.0828 37.9149 37.8960 37.8900 37.9445 37.9787 38.0007 38.0165 38.0026 37.9785 37.9018 37.8087 37.7587 37.7145 37.6898 37.6568 37.6488 37.6400 37.6197 37.6033 37.6124 37.6739 37.7913 37.8658
35.7784 39.5199 39.3160 39.2532 39.3517 39.4140 35.0818 34.2859 31.4839 31.4259 31.5219 31.4431 31.4269 31.2974 31.2271 31.2862 31.2201 31.1407 31.0166 30.9468 30.9609 30.8876 30.7876 30.8133 30.7529 30.6636 30.6051 30.5260 30.5925 30.4952 30.4628 30.3977 30.3705 30.2693 30.2584 30.2309 30.2362 30.2347 30.2917 30.2652 30.2609 30.2178 38.1250 38.0351 37.9063 37.8610 37.8673 37.9120 37.9604 37.9925 37.9729 37.9766 37.9270 37.8495 37.7765 37.7533 37.6752 37.6590 37.5992 37.5734 37.5601 37.5579 37.5980 37.6149 37.6912 37.8276 37.8999
36.2357 39.5868 39.4903 39.4803 39.5225 39.5095 39.4940 37.0929 31.5089 31.4722 31.5672 31.4895 31.4751 31.3040 31.2601 31.2821 31.2627 31.2403 31.1179 31.0453 31.0637 30.9152 30.8388 30.8577 30.8349 30.6805 30.5986 30.4623 30.4883 30.4541 30.4055 30.3428 30.2792 30.2129 30.1842 30.1676 30.1695 30.2119 30.2547 30.2122 30.5256 34.3811 38.0483 37.9545 37.9047 37.9022 37.9106 37.9193 37.9689 37.9530 37.9161 37.9104 37.8834 37.8195 37.7260 37.6443 37.5506 37.5672 37.5189 37.5458 37.5417 37.5437 37.6072 37.6112 37.7272 37.8640 37.9185
39.9412 39.6541 39.5948 39.5466 39.5611 39.6080 38.7898 37.4262 31.5126 31.5607 31.6148 31.5226 31.5252 31.3366 31.3291 31.3274 31.3298 31.3309 31.2321 31.1681 31.1935 30.9985 30.8867 30.9056 30.8569 30.6849 30.6246 30.4758 30.5013 30.4378 30.3798 30.2370 30.1649 30.0857 30.0266 29.9952 30.0604 30.0891 30.1310 30.1022 33.0299 38.0930 37.9546 37.8741 37.8371 37.8260 37.8672 37.9133 37.9588 37.9144 37.8756 37.8811 37.8469 37.7653 37.6580 37.5421 37.4494 37.4617 37.4413 37.4846 37.4839 37.5410 37.6473 37.6545 37.7598 37.8539 37.9135
39.4808 39.8494 37.6097 37.5545 33.8875 32.4678 31.7006 31.7129 31.6410 31.6650 31.6553 31.5817 31.5656 31.4983 31.4505 31.4087 31.4116 31.3869 31.3205 31.2241 31.2427 31.0602 30.9344 30.9240 30.7548 30.5563 30.4623 30.3292 30.3583 30.3926 30.2649 30.1164 30.1297 30.0912 30.0488 30.0069 30.0159 30.0243 31.4879 31.4371 37.9067 37.8808 37.8046 37.7257 37.7235 37.7665 37.8425 37.8815 37.8978 37.8486 37.7999 37.8132 37.7925 37.7144 37.6122 37.5033 37.4020 37.4380 37.4345 37.4304 37.5037 37.5792 37.6442 37.6622 37.7341 37.8205 37.8796
40.0786 37.2013 32.2470 32.1989 32.7909 36.4656 31.7848 31.7841 31.7603 31.7694 31.6856 31.6500 31.6393 31.5565 31.4796 31.4300 31.4422 31.4253 31.3408 31.1981 31.2212 31.0750 31.0142 30.8752 30.6621 30.5361 30.4869 30.4225 30.4252 30.3346 30.2130 30.1604 30.1879 30.1396 30.0801 30.0628 30.0231 30.0073 36.3900 36.3253 37.9318 37.8180 37.7262 37.6835 37.6662 37.6768 37.7012 37.7271 37.8038 37.7367 37.7452 37.7620 37.7725 37.7024 37.5869 37.5001 37.3762 37.4022 37.3608 37.3613 37.4617 37.5285 37.6069 37.6230 37.7371 37.8411 37.9184
37.6561 31.9651 31.8813 31.8213 33.0736 31.7930 31.8265 31.8038 31.7721 31.7380 31.6668 31.5962 31.5951 31.5459 31.4927 31.4249 31.4704 31.4676 31.4253 31.2735 31.2864 31.1412 31.0827 30.8903 30.6372 30.5814 30.4066 30.4496 30.4255 30.3621 30.2830 30.2600 30.2272 30.0928 30.0517 30.0495 30.0103 29.9699 31.8641 31.8008 36.8369 37.7597 37.7254 37.7236 37.7378 37.6954 37.6878 37.6978 37.6921 37.6608 37.6985 37.6645 37.6179 37.5872 37.5151 37.4142 37.2825 37.3253 37.2962 37.3162 37.3930 37.4972 37.5947 37.6440 37.7555 37.8455 37.9002
31.9465 31.8438 31.7838 31.7091 31.7031 31.7320 31.7577 31.7781 31.7337 31.6709 31.6555 31.6231 31.6186 31.5690 31.5261 31.4669 31.4648 31.4548 31.4194 31.2271 31.2487 31.1368 31.0352 30.8618 30.6438 30.5760 30.4312 30.4699 30.4512 30.3717 30.3001 30.3064 30.2323 30.1076 30.0013 29.9884 29.9426 29.9755 32.9705 32.9203 37.8266 37.6909 37.6575 37.6740 37.7183 37.6678 37.6579 37.6645 37.6627 37.6588 37.6853 37.6648 37.6204 37.5613 37.3461 37.2645 37.1271 37.1030 37.1266 37.2566 37.3749 37.5483 37.6567 37.7063 37.7716 37.8730 37.9247
31.9294 31.8403 31.7462 31.6827 31.6277 31.6160 31.6155 31.6669 31.6416 31.6179 31.6188 31.6284 31.6351 31.5807 31.5305 31.4937 31.4520 31.4128 31.4006 31.2801 31.2921 31.1629 31.0344 30.8807 30.7248 30.6257 30.4589 30.4246 30.3533 30.2797 30.2333 30.2355 30.2517 30.1706 30.0829 30.0696 30.0051 29.9464 37.8033 37.7856 37.7104 37.6622 37.6628 37.6898 37.7042 37.6754 37.6858 37.6898 37.6903 37.6974 37.6497 37.6456 37.5639 37.3984 37.2437 37.2015 37.1884 37.1791 37.2415 37.3351 37.4441 37.5699 37.6088 37.6323 37.6977 37.8149 37.8825
31.9540 31.8923 31.8139 31.7525 31.6773 31.6546 31.6485 31.6316 31.6070 31.5524 31.5039 31.4793 31.5257 31.5127 31.4717 31.4571 31.4365 31.4263 31.4230 31.2557 31.2454 31.0976 30.9835 30.8763 30.7405 30.5757 30.4233 30.2994 30.3471 30.2629 30.2131 30.2094 30.2594 30.2721 30.2436 30.2217 30.0677 34.6888 37.7288 37.7138 37.6609 37.6844 37.7469 37.7443 37.7335 37.7170 37.7316 37.6721 37.6542 37.6845 37.6954 37.6358 37.5530 37.3921 37.2818 37.2908 37.2894 37.3079 37.3521 37.3960 37.5085 37.6479 37.6357 37.6445 37.6899 37.7750 37.8232
36.7060 31.9103 31.8072 31.7326 31.6783 31.6457 31.6470 31.6254 31.6300 31.5789 31.5244 31.4994 31.5224 31.5103 31.4541 31.4082 31.3364 31.2886 31.2841 31.1885 31.1786 31.0241 30.9261 30.8280 30.6832 30.5491 30.4535 30.3679 30.3382 30.2474 30.2144 30.2874 30.2737 30.2862 30.2002 31.8077 32.9668 37.8308 37.6625 37.6372 37.6272 37.7163 37.7544 37.7621 37.7471 37.7321 37.7258 37.6448 37.6247 37.6940 37.6866 37.6618 37.5637 37.3995 37.3276 37.3881 37.4027 37.4329 37.4426 37.4687 37.5674 37.6954 37.7033 37.7088 37.7102 37.7622 37.8058
32.2169 31.8789 31.7974 31.7430 31.7082 31.6811 31.6871 31.6605 31.6503 31.6114 31.5413 31.5322 31.5676 31.5262 31.4582 31.4340 31.3558 31.2564 31.2779 31.1531 31.1335 30.9197 30.7941 30.6860 30.5451 30.5085 30.3942 30.4485 30.4302 30.4031 30.3985 30.3954 30.2882 30.3313 33.9172 38.3021 37.9943 37.7920 37.7021 37.6871 37.7404 37.8472 37.7995 37.7944 37.8028 37.7572 37.7224 37.6212 37.6107 37.6884 37.6933 37.6515 37.5664 37.4789 37.4525 37.5177 37.4818 37.4969 37.4877 37.5138 37.5868 37.6867 37.7258 37.7494 37.7369 37.7733 37.8382
32.0132 31.9350 31.8178 31.7604 31.6708 31.6727 31.6582 31.6280 31.6120 31.5814 31.5392 31.5242 31.5617 31.5351 31.4726 31.3986 31.3369 31.2575 31.2289 31.2016 31.1738 30.9302 30.8026 30.7135 30.5246 30.4233 30.3827 30.3673 30.3239 30.3253 30.3946 30.4459 30.3632 30.3449 31.8573 38.2201 37.9635 37.8625 37.8026 37.8339 37.8879 37.9058 37.9116 37.9057 37.8440 37.7707 37.7238 37.6578 37.6598 37.6985 37.6974 37.6576 37.5765 37.5267 37.5130 37.5241 37.4818 37.5036 37.4697 37.5039 37.5942 37.6885 37.7207 37.7411 37.7623 37.8326 37.9014
32.0698 31.9818 31.8261 31.7669 31.6731 31.6641 31.6396 31.6012 31.5832 31.5617 31.5452 31.5018 31.5374 31.5026 31.4564 31.3747 31.3055 31.2482 31.2238 31.1651 31.1398 30.9472 30.7986 30.7577 30.6190 30.4508 30.4139 30.3608 30.3320 30.3597 30.3848 30.3735 30.3254 30.2404 37.8148 38.0905 37.8688 37.7633 37.8978 38.0192 38.0233 37.9196 37.9412 37.9371 37.8982 37.8116 37.7090 37.6868 37.7375 37.7606 37.7238 37.6977 37.5960 37.5346 37.5258 37.5403 37.4840 37.4766 37.4599 37.5278 37.6276 37.7171 37.7604 37.7823 37.8103 37.8811 37.9616
32.0357 31.9596 31.8608 31.7785 31.6673 31.6821 31.6032 31.5630 31.5685 31.5180 31.4959 31.4667 31.5191 31.4842 31.4390 31.3823 31.2939 31.2307 31.1968 31.1097 31.0833 30.8915 30.7946 30.6990 30.6155 30.4951 30.4251 30.4943 30.4838 30.4655 30.4420 30.3813 30.3314 30.2444 36.9473 38.0566 37.8864 37.8094 37.8929 37.9780 37.8716 37.8414 37.8437 37.8399 37.8477 37.7816 37.6812 37.6947 37.8257 37.8224 37.7049 37.6947 37.5962 37.5743 37.5435 37.5531 37.4939 37.5059 37.4804 37.5707 37.6797 37.7531 37.7961 37.8078 37.8159 37.8966 37.9933
31.9684 31.9476 31.8624 31.7519 31.6501 31.6499 31.5900 31.5413 31.5419 31.5417 31.5101 31.4680 31.4636 31.4795 31.4158 31.3521 31.2507 31.1545 31.1265 30.9689 30.9421 30.7790 30.6724 30.6162 30.5914 30.5206 30.4498 30.3797 30.3887 30.5877 30.5227 30.3909 30.2956 30.2171 35.8231 38.1236 37.9805 38.0106 37.9680 38.0843 38.0126 37.8883 37.8042 37.7960 37.7666 37.6938 37.6930 37.6993 37.7629 37.7277 37.6709 37.6740 37.5911 37.5615 37.5575 37.5160 37.4749 37.4943 37.5303 37.5978 37.6896 37.7648 37.7795 37.7887 37.8014 37.8946 37.9969
31.9079 31.8899 31.8059 31.7103 31.6131 31.5958 31.5111 31.4775 31.4785 31.4437 31.4229 31.4179 31.4510 31.4286 31.3764 31.2989 31.1954 31.1200 31.0811 30.9310 30.9005 30.6964 30.5948 30.6143 30.5465 30.4776 30.4490 30.3368 30.3699 30.4600 30.4104 34.2824 36.1919 36.1842 37.4151 38.1583 38.1142 38.0769 38.1080 38.1902 38.1637 38.0650 37.9271 37.8704 37.8032 37.7487 37.6695 37.6301 37.6459 37.5797 37.5134 37.4996 37.4773 37.4811 37.5238 37.4874 37.4727 37.5030 37.5825 37.6867 37.7214 37.7713 37.7711 37.7733 37.7832 37.8801 37.9196
31.8130 31.7996 31.7193 31.6410 31.5558 31.5063 31.3933 31.3637 31.3806 31.3694 31.3648 31.3493 31.3681 31.3791 31.3404 31.2866 31.2321 31.1462 31.0607 30.9289 30.8703 30.6926 30.5879 30.5572 30.4686 30.4234 30.4160 30.3814 30.4633 30.4202 30.3922 32.8207 32.9604 32.9063 38.2338 38.2688 38.1570 38.1562 38.2318 38.2897 38.2744 38.1615 37.9865 37.9257 37.7926 37.7728 37.7226 37.6895 37.6654 37.5949 37.5128 37.5259 37.4680 37.3912 37.4316 37.4534 37.4249 37.4572 37.5588 37.6384 37.6921 37.7393 37.7172 37.7388 37.7761 37.8591 37.9365
31.7029 31.6472 31.5604 31.4914 31.4207 31.3769 31.2885 31.2816 31.2913 31.3371 31.3361 31.2821 31.3064 31.3106 31.2790 31.2183 31.1793 31.0949 31.0014 30.8525 30.8490 30.6972 30.6074 30.5681 30.4830 30.4104 30.4271 30.4045 30.4473 30.3468 30.2647 30.2818 36.7825 36.6704 38.2230 38.2900 38.2523 38.2250 38.2945 38.3598 38.3151 38.2050 37.9999 37.9202 37.8095 37.7931 37.7708 37.6485 37.5828 37.5128 37.4313 37.4094 37.3680 37.3600 37.4105 37.4366 37.4640 37.4573 37.5133 37.6092 37.6284 37.6576 37.6507 37.6893 37.7293 37.8294 37.9009
31.6978 31.6185 31.5049 31.4425 31.3920 31.3126 31.2216 31.2122 31.2098 31.1806 31.1699 31.1461 31.1844 31.2237 31.1926 31.1636 31.1277 31.0813 31.0004 30.9104 30.8950 30.6898 30.6145 30.5678 30.4688 30.4008 30.3520 30.3425 30.3942 30.3097 30.2395 32.6782 38.2582 38.2282 38.2132 38.2833 38.2420 38.2700 38.3421 38.3954 38.3272 38.2510 38.0010 37.9119 37.8180 37.7691 37.6720 37.5619 37.5410 37.4585 37.3894 37.3582 37.3519 37.3712 37.4401 37.4977 37.5312 37.4940 37.5590 37.6255 37.6174 37.6150 37.5814 37.6274 37.6879 37.8181 37.9233
31.6710 31.6083 31.5078 31.4509 31.3835 31.3309 31.2525 31.2318 31.2075 31.1783 31.1469 31.1178 31.1539 31.1375 31.1061 31.0864 31.0543 31.0089 30.9603 30.9178 30.9073 30.7332 30.6033 30.5693 30.4980 30.4003 30.3697 30.3442 30.3661 30.2878 30.2294 34.3147 38.1984 38.2043 38.2510 38.3209 38.4230 38.3210 38.3329 38.3734 38.2405 38.0874 37.8275 37.7945 37.7776 37.6801 37.5815 37.5042 37.5447 37.5123 37.3929 37.3966 37.4700 37.4440 37.4305 37.4669 37.5096 37.4808 37.5283 37.5799 37.6350 37.6498 37.6417 37.6480 37.7124 37.8644 37.9483
31.6136 31.5838 31.5282 31.5009 31.3833 31.3505 31.2744 31.2465 31.2385 31.2273 31.1897 31.1950 31.2187 31.2216 31.1863 31.1001 31.0171 30.9466 30.8926 30.8426 30.8264 30.6315 30.4908 30.5386 30.4650 30.3816 30.3602 30.3955 30.4358 30.9204 32.1354 35.1345 38.1304 38.1509 38.3204 38.4546 38.4431 38.3665 38.3698 38.3307 38.2163 38.0558 37.8254 37.8215 37.7467 37.6679 37.5821 37.4563 37.5202 37.4573 37.4313 37.4512 37.5327 37.4559 37.4461 37.4618 37.5229 37.5107 37.5814 37.6137 37.6312 37.6404 37.6089 37.6346 37.6659 37.8193 37.9447
31.5981 31.5753 31.5241 31.5012 31.4208 31.3548 31.3110 31.2907 31.2960 31.2707 31.2211 31.2347 31.2649 31.2603 31.1964 31.1376 31.0412 30.9861 30.9314 30.8327 30.8251 30.6849 30.5428 30.5245 30.4114 33.5545 35.7728 35.8209 37.3274 38.1954 36.6157 37.7329 38.2748 38.2852 38.3681 38.4839 38.4451 38.3754 38.3778 38.3947 38.2839 38.0386 37.8256 37.7872 37.6946 37.6642 37.5421 37.5316 37.5401 37.4351 37.4111 37.4714 37.5327 37.5405 37.5256 37.5469 37.5998 37.5690 37.6098 37.6506 37.6135 37.6649 37.6724 37.6705 37.7155 37.8414 37.9612
31.5836 31.5577 31.5633 31.5566 31.4726 31.3808 31.3126 31.2955 31.2989 31.2793 31.2512 31.2601 31.2716 31.2721 31.2272 31.1901 31.0864 31.0443 30.9855 30.8677 30.8581 30.7496 30.6305 30.5411 30.4258 34.5574 33.1021 33.0992 31.7562 30.3700 30.2975 35.7337 38.2503 38.2836 38.2910 38.3765 38.3823 38.3485 38.4204 38.4483 38.3229 38.0097 37.8523 37.8135 37.7111 37.7272 37.6281 37.5847 37.5352 37.4515 37.4230 37.4580 37.5204 37.5869 37.6219 37.6892 37.7291 37.6898 37.6972 37.7130 37.6525 37.6627 37.6752 37.6934 37.7470 37.8564 37.9556
31.5808 31.5727 31.6109 31.5735 31.4444 31.3845 31.3564 31.3707 31.3508 31.3299 31.3157 31.2886 31.2868 31.3074 31.2525 31.2268 31.1927 31.1838 31.0778 30.9071 30.8927 30.7614 30.6385 30.5535 30.4044 30.3266 30.2563 30.3062 30.3791 30.2919 31.3976 34.1973 38.3016 38.3423 38.3027 38.3185 38.3008 38.4043 38.4199 38.4247 38.2565 38.0186 37.8689 37.7900 37.7076 37.7132 37.7082 37.6218 37.5795 37.5501 37.4625 37.5205 37.5026 37.5709 37.6648 37.7515 37.7516 37.7168 37.6551 37.6732 37.6944 37.7136 37.7079 37.7035 37.7219 37.8128 37.9138
