regresion/MAYO_2003/MODIS/Composicion (B10).txt
ncols         167
nrows         127
xllcorner     -112.012
yllcorner     26.720
cellsize      0.00898
[rows 0 to 28 of 127, columns 0 to 66 of 167]
71.4023 71.3830 71.4516 71.3640 71.2121 71.1120 71.1258 71.1821 71.6071 72.3847 72.4205 72.4820 72.5120 72.4762 72.1856 72.1578 71.9501 71.8505 71.7196 71.5927 71.7665 71.7884 71.4753 71.3752 71.3730 71.4654 71.5834 71.4858 71.4432 71.2575 71.1650 71.0166 70.8815 70.7022 70.6322 70.5559 70.4304 70.2607 69.9347 69.5777 69.4876 69.4589 69.2635 69.1370 69.0297 68.9610 68.9743 68.9378 68.8805 68.8728 68.7683 68.6881 68.5958 68.5767 68.4958 68.6043 68.8686 69.2551 69.6240 69.8257 69.7910 69.6301 69.4249 69.3172 69.3115 69.2655 69.1426
71.8350 71.8468 71.7671 71.5797 71.3963 71.2074 71.1721 71.2820 72.1030 72.4894 72.6739 72.6085 72.5964 72.3315 72.1457 72.2357 72.0326 71.8685 71.7794 71.8793 71.7885 71.5021 71.3343 71.3506 71.2738 71.3189 71.3801 71.2767 71.3384 71.2568 71.1860 70.9862 70.7639 70.5708 70.4683 70.3663 70.1259 69.8631 69.6824 69.5483 69.5501 69.5205 69.2302 69.0887 69.0606 68.9531 68.9093 68.8249 68.8025 68.8807 68.8414 68.8148 68.6881 68.6433 68.5617 68.6305 68.8694 69.2552 69.6464 69.8790 69.9524 69.7730 69.5272 69.4183 69.4070 69.4075 69.2994
72.0125 72.0007 71.9078 71.6740 71.5223 71.3713 71.3095 71.2823 71.6848 72.4260 72.5742 72.2309 72.1361 71.8991 71.9057 72.0166 71.8968 71.6946 71.8070 71.8216 71.7416 71.3845 71.3272 71.3355 71.2862 71.2990 71.2193 71.0801 71.1105 70.9015 70.9143 70.7508 70.4775 70.4357 70.4039 70.5131 70.2838 69.8949 69.6458 69.5952 69.6512 69.5569 69.3545 69.2394 69.1811 69.1650 69.0904 68.9386 68.9334 69.0099 68.9540 68.7011 68.5807 68.5689 68.4180 68.4708 68.6997 69.2038 69.5242 69.8384 69.9394 69.8277 69.7007 69.5549 69.5003 69.5213 69.5147
71.8006 71.6941 71.6417 71.4884 71.3877 71.3618 71.4314 71.3674 71.5624 71.6810 71.9326 71.6455 71.5931 71.6176 71.6193 71.7271 71.6696 71.5183 71.6291 71.6452 71.4736 71.2562 71.1877 71.1683 71.2184 71.2046 71.1336 70.9040 70.9263 70.8513 70.8311 70.7556 70.4820 70.5270 70.5122 70.6014 70.4356 70.1302 69.9061 69.7479 69.7844 69.7061 69.5629 69.5124 69.3493 69.2652 69.2130 69.0838 69.0683 69.1645 69.0093 68.7584 68.6015 68.6534 68.5768 68.5490 68.6472 69.0324 69.3164 69.6208 69.8285 69.9189 69.8921 69.7603 69.7082 69.6854 69.6699
71.7131 71.5969 71.5523 71.3059 71.1780 71.2320 71.3712 71.3479 71.5515 71.5644 71.5409 71.4792 71.4681 71.4601 71.4661 71.4074 71.3737 71.4775 71.4707 71.3998 71.1854 71.3154 71.3332 71.3173 71.3039 71.2428 71.1148 70.9008 70.9192 70.8681 70.8553 70.7920 70.6913 70.7528 70.6791 70.6511 70.5061 70.3560 70.2117 70.1329 70.1424 69.9330 69.7324 69.6241 69.4859 69.2984 69.2034 69.1273 69.1731 69.3337 69.2098 69.0278 68.9176 68.9749 68.8848 68.8362 68.8530 69.0451 69.2503 69.5609 69.8728 69.9788 69.8627 69.6073 69.5384 69.5836 69.5022
71.5855 71.5826 71.6009 71.3632 71.2360 71.2199 71.3380 71.3301 71.2580 71.2614 71.1891 71.1615 71.0478 71.0479 71.1928 71.3555 71.3516 71.3428 71.3588 71.2409 71.2919 71.4175 71.3353 71.3424 71.2449 71.1193 71.0490 70.9487 70.8947 70.9355 71.0131 70.8567 70.8138 70.8855 70.7996 70.6763 70.4956 70.4201 70.3733 70.2319 70.2094 70.0203 69.7992 69.6188 69.5157 69.4549 69.3545 69.2202 69.3375 69.4056 69.3339 69.2318 69.2292 69.1555 69.1354 69.1862 69.1676 69.0656 68.9759 69.3804 69.6951 69.7884 69.6458 69.7120 69.5122 69.5617 69.5262
71.4487 71.3773 71.3564 71.2237 71.1775 71.1464 71.2229 71.2684 71.2170 71.2121 71.1911 71.1545 71.0569 71.0676 71.1257 71.2632 71.3152 71.3829 71.2672 71.2272 71.1682 71.1811 71.1601 71.1421 71.1163 70.9815 70.9235 70.9799 70.9224 71.0064 71.0070 70.8628 70.8492 70.9067 70.7889 70.5948 70.4117 70.3139 70.3109 70.1936 70.1776 70.0792 69.8153 69.7064 69.5573 69.4033 69.3346 69.2868 69.3906 69.3718 69.3054 69.2284 69.2868 69.2359 69.3384 69.4925 69.4051 69.2203 69.0667 69.2366 69.3692 69.5345 69.4545 69.4791 69.3976 69.3938 69.4103
71.2944 71.3600 71.3335 71.2819 71.2744 71.1701 71.2852 71.4217 71.2670 71.2033 71.2162 71.1442 71.0315 71.1062 71.2517 71.3940 71.4592 71.4074 71.3677 71.2219 71.0622 70.9387 70.9183 70.7757 70.7548 70.6504 70.6578 70.7783 70.7998 70.9036 70.9121 70.7691 70.7616 70.8684 70.7860 70.6395 70.4472 70.3550 70.2521 70.2044 70.1778 70.0283 69.8151 69.6579 69.5154 69.4873 69.3978 69.4309 69.4059 69.3220 69.2683 69.2708 69.3161 69.2823 69.5405 69.7318 69.6148 69.4636 69.1994 69.0663 69.1360 69.2455 69.3040 69.3976 69.3713 69.3875 69.3503
71.3385 71.3913 71.3287 71.2871 71.3099 71.3794 71.4797 71.4478 71.4327 71.1491 71.2188 71.1727 71.2094 71.1546 71.2748 71.3191 71.2504 71.3034 71.2789 71.0894 70.8696 70.8586 70.6940 70.6113 70.6025 70.4934 70.4223 70.5669 70.5729 70.6376 70.6447 70.6328 70.6956 70.7544 70.8107 70.6657 70.4666 70.3593 70.2275 70.1118 70.0736 69.9046 69.8237 69.6536 69.5796 69.5801 69.4543 69.5009 69.4209 69.3263 69.3085 69.4019 69.3415 69.3564 69.4637 69.5039 69.3427 69.1578 68.9917 68.8412 68.8624 69.0732 69.3057 69.3518 69.3911 69.3911 69.4159
71.5083 71.5273 71.3628 71.3727 71.4939 71.5732 71.6807 71.4094 71.2943 70.9075 70.9884 71.0577 71.1349 71.1536 71.2355 71.2431 71.1410 71.0711 70.9859 70.7973 70.7460 70.5978 70.5298 70.4759 70.4591 70.4800 70.4299 70.4819 70.5651 70.5869 70.5027 70.3520 70.3579 70.4216 70.5211 70.4401 70.3587 70.4085 70.3142 70.1522 70.0662 69.9064 69.7360 69.6494 69.5672 69.5006 69.3706 69.2344 69.2709 69.2213 69.3024 69.3380 69.2351 69.3250 69.4792 69.5372 69.4518 69.1867 68.9932 68.9327 69.0056 69.1788 69.3301 69.3366 69.3932 69.3076 69.2293
71.9163 71.8879 71.7715 71.5184 71.5145 71.3746 71.3266 71.0945 71.1202 71.1331 71.3519 71.4285 71.4389 71.2775 71.3233 71.3320 71.2121 71.1828 70.8357 70.7661 70.6824 70.5323 70.4695 70.3421 70.3386 70.3688 70.3574 70.3931 70.5036 70.5339 70.4974 70.4126 70.3643 70.3478 70.4804 70.4684 70.3436 70.3032 70.1052 69.7143 69.6255 69.4957 69.4007 69.3654 69.3813 69.3125 69.3015 69.2683 69.3596 69.2893 69.2920 69.2991 69.1892 69.3370 69.5288 69.5906 69.4554 69.2171 69.0111 68.9311 68.9819 69.2186 69.4190 69.2924 69.3626 69.2450 69.0465
72.3227 72.3856 72.3528 72.0528 71.7004 71.5100 71.4173 71.2002 71.3441 71.6427 71.7591 71.6847 71.6652 71.4834 71.3728 71.2199 71.0893 70.9342 70.7929 70.6919 70.6551 70.5201 70.3611 70.2719 70.2994 70.3336 70.4032 70.5028 70.6068 70.5872 70.4842 70.3974 70.2827 70.2221 70.2266 70.2221 70.0467 69.9070 69.5486 69.3090 69.2533 69.2276 69.2318 69.2794 69.3212 69.2218 69.1961 69.1409 69.1535 69.0504 69.1084 69.3200 69.3547 69.4628 69.5855 69.6136 69.4850 69.3013 69.0997 69.0289 69.0716 69.2135 69.3503 69.2711 69.3403 69.2216 69.1451
72.3640 72.4916 72.7415 72.3298 71.8097 71.4690 71.3327 71.3493 71.5695 72.3037 72.1029 71.9407 71.9215 71.4510 71.2457 71.1429 71.0612 70.9868 70.7235 70.6371 70.5518 70.4509 70.3706 70.3754 70.4948 70.6236 70.7399 70.6109 70.5988 70.4031 70.1936 70.1283 70.0195 70.0622 70.0549 70.1522 70.0381 69.8252 69.4946 69.2620 69.1836 69.1968 69.2201 69.3363 69.3631 69.2428 69.2627 69.1556 68.9955 68.7791 68.9068 69.1749 69.2575 69.3817 69.5902 69.6341 69.6476 69.5555 69.2773 69.1025 69.1067 69.0934 69.0940 69.0450 69.1727 69.1020 69.0438
72.0870 72.2056 72.5740 72.1140 71.7474 71.3557 71.2652 71.5683 72.1312 72.5672 72.0674 71.7535 71.6518 71.2772 71.1897 71.0697 70.9937 70.9401 70.8500 70.8121 70.6846 70.4527 70.4174 70.4537 70.5335 70.6155 70.6738 70.4604 70.4812 70.2576 70.1042 70.0430 69.9899 70.0689 70.0693 70.1701 70.0371 69.8447 69.5550 69.3606 69.1530 69.2373 69.2901 69.2989 69.3067 69.2541 69.2491 69.1625 68.9735 68.8218 68.8465 69.1610 69.3171 69.3852 69.4514 69.5418 69.4369 69.3301 69.1372 68.9472 68.8454 68.8353 68.7470 68.7166 68.9198 68.9506 69.0033
72.2958 72.3561 72.4238 71.6035 71.3645 71.1992 71.3619 71.6776 72.0082 71.8629 71.5375 71.4267 71.2918 71.1124 70.9017 70.6610 70.5293 70.6818 70.6444 70.5399 70.4617 70.3964 70.4268 70.4302 70.6087 70.6279 70.6083 70.3865 70.3906 70.1258 69.9662 69.9046 69.9609 70.0670 70.1125 70.1047 69.9073 69.8474 69.6136 69.4249 69.1502 69.2768 69.2430 69.3380 69.3865 69.3601 69.2992 69.1875 69.0894 68.9726 68.9748 69.0945 69.2554 69.3480 69.3937 69.4471 69.3574 69.3101 69.0996 68.8587 68.6984 68.5733 68.3714 68.2897 68.4793 68.7235 68.7907
72.4537 72.4439 72.1834 71.5182 71.3037 71.1668 71.1636 71.3980 71.2951 71.2506 70.9754 70.8643 70.8041 70.6941 70.5709 70.3407 70.2568 70.3632 70.4708 70.4940 70.4445 70.2863 70.3336 70.4538 70.5125 70.4845 70.3306 70.1888 70.2061 70.0478 69.9312 69.9183 69.9357 70.1241 70.1138 70.0475 69.7962 69.9015 69.6671 69.4576 69.3341 69.3798 69.2402 69.2782 69.4289 69.4930 69.4516 69.2732 69.2091 69.1680 69.1933 69.1929 69.1956 69.1957 69.3501 69.3428 69.2608 69.1366 69.0210 68.7166 68.5451 68.3890 68.1216 67.7832 67.8836 68.2165 68.5287
72.7003 72.6635 71.7403 71.3353 71.0747 70.8974 70.9379 71.0898 70.9979 70.8536 70.8538 70.8577 70.7553 70.6418 70.4383 70.1077 69.9507 69.9965 70.1742 70.3176 70.2243 70.0691 70.1645 70.3076 70.4099 70.2596 70.1654 70.0916 70.1561 70.0268 69.9313 69.9274 69.9579 70.1418 70.0886 69.9935 69.7649 69.8553 69.7309 69.5227 69.4392 69.5464 69.4419 69.4047 69.4645 69.5113 69.4974 69.3380 69.2652 69.2258 69.2756 69.2824 69.1716 69.1300 69.1051 69.1992 69.3223 69.0543 68.9124 68.5897 68.5767 68.2371 67.6740 67.2394 67.3115 67.6494 68.1939
72.2284 72.2400 71.4210 71.1765 70.9861 70.7897 70.7301 70.9904 71.0662 70.8769 70.8283 70.7577 70.6710 70.6177 70.4887 70.0663 69.7712 69.6965 69.8367 69.9836 69.8892 69.8251 69.8822 70.0818 70.2133 70.1745 70.0756 69.8922 69.8153 69.8401 69.8998 70.0028 70.0099 70.0797 69.9909 69.9283 69.7421 69.7968 69.8398 69.6857 69.4810 69.5349 69.5214 69.4440 69.4731 69.3908 69.3096 69.1482 69.1883 69.1711 69.1568 69.1979 69.1458 69.1077 69.0716 69.1710 69.2135 68.9556 68.8908 68.5936 68.0510 67.4907 66.9834 66.9228 66.9771 67.3932 67.9316
71.6181 71.6468 71.1408 71.0849 70.9831 71.1523 70.9662 71.0230 70.9298 70.7402 70.6546 70.5449 70.4753 70.2503 70.1695 69.9549 69.8618 69.7304 69.8114 69.8835 69.8470 69.7317 69.7305 69.8411 69.9229 69.7088 69.5646 69.4887 69.4263 69.5499 69.7929 70.0121 70.0170 70.0621 69.9262 69.8757 69.6944 69.6833 69.6657 69.5551 69.3663 69.4469 69.4612 69.4456 69.3652 69.2538 69.2341 69.0991 69.0590 68.9927 68.9817 69.0873 69.0359 68.9618 68.8545 68.7555 68.6804 68.5888 68.5840 68.1344 67.4075 66.8397 66.6378 66.9435 66.9085 67.5803 68.1258
71.2575 71.2852 71.1021 71.1601 71.2319 71.2152 70.9822 70.9244 70.8685 70.7016 70.5972 70.4936 70.3829 70.1824 70.0880 70.0177 69.9714 69.9005 69.8504 69.7635 69.7225 69.5137 69.3709 69.3872 69.5563 69.4640 69.3577 69.1238 68.9999 69.3776 69.6315 69.7884 69.8289 69.7414 69.6512 69.5175 69.3504 69.3429 69.4695 69.3990 69.2705 69.3933 69.3597 69.2961 69.1810 69.0288 69.0322 68.8718 68.8429 68.7391 68.8022 68.9924 68.9731 68.9842 68.7817 68.5196 68.4431 68.1518 68.2994 67.9490 67.3467 66.9939 67.0453 67.3846 67.4030 67.9495 68.4121
71.3907 71.3523 71.0848 71.0195 71.0001 70.8849 70.7666 70.7343 70.8148 70.6713 70.5682 70.5569 70.5118 70.2532 70.0833 69.8712 69.8711 69.8467 69.8032 69.7342 69.6764 69.2277 69.0611 69.1558 69.5117 69.3567 69.0809 68.5786 68.3713 68.7756 69.2149 69.4066 69.7090 69.6658 69.5956 69.3527 69.1374 68.8775 69.0563 69.1293 68.9447 69.0792 68.9885 68.8404 68.7513 68.6417 68.6344 68.5701 68.5622 68.7234 69.0861 69.2941 69.3265 69.1992 68.9616 68.8248 68.3790 68.0183 68.0888 67.8623 67.6352 67.5611 67.5665 67.7488 67.7617 68.2074 68.3918
71.8523 71.8019 71.0913 70.7620 70.7747 70.7154 70.6637 70.6722 70.5461 70.5181 70.4718 70.5638 70.4760 70.1701 70.0915 69.8233 69.5744 69.5855 69.5879 69.5513 69.4611 69.0651 69.0528 69.1183 69.2743 69.1687 68.9486 68.4091 67.9933 68.1325 68.6959 69.2842 69.4374 69.4568 69.4003 69.0077 68.8569 68.6458 68.5708 68.6049 68.4750 68.6361 68.4899 68.4199 68.3770 68.3731 68.3572 68.4125 68.6907 69.2831 69.6681 69.4042 69.5938 69.4261 69.2999 68.8583 68.0443 67.9392 67.9752 67.8346 67.9321 67.8755 67.7104 67.8229 67.8118 68.1501 68.1988
71.9632 71.9439 71.0606 70.6147 70.4471 70.4476 70.5021 70.5815 70.5454 70.5418 70.4763 70.5031 70.3242 70.1863 70.0891 69.6700 69.2557 69.2929 69.3490 69.4108 69.3094 69.1939 69.2205 69.1169 69.2077 69.1180 68.8982 68.4000 67.8943 67.8783 68.4486 68.7485 68.5152 68.4944 68.4239 68.3521 68.4079 68.4866 68.4183 68.3270 68.2507 68.4213 68.4183 68.3866 68.3088 68.3027 68.2716 68.3518 68.7407 69.3710 69.5399 69.0644 69.3092 69.3085 69.1151 68.6208 68.1205 68.0413 68.1094 67.9675 68.0150 67.9747 67.8418 67.9108 67.8768 68.1053 68.1091
70.9925 71.0081 70.6596 70.7460 70.7171 70.5248 70.4682 70.3843 70.3235 70.3726 70.3419 70.2600 70.1253 69.9868 69.8399 69.5549 69.3213 69.4430 69.4816 69.5383 69.4653 69.1844 69.1139 69.1483 69.1317 69.0426 68.4508 67.8436 67.6758 67.8359 68.1992 68.4154 68.5225 68.4700 68.3455 68.1736 68.2774 68.4472 68.3663 68.3135 68.2876 68.4304 68.4520 68.4464 68.3194 68.2823 68.2907 68.3516 68.5341 68.9384 68.9780 68.6059 68.8034 68.8876 68.8134 68.4003 68.3485 68.1634 68.2060 67.9738 67.9667 68.1661 68.1800 68.1549 68.1708 68.1901 68.2661
70.3968 70.4141 70.3684 70.3570 70.3369 70.1961 70.1461 70.1361 70.0043 70.0016 69.9169 69.9773 69.9180 69.9360 69.8435 69.6517 69.5935 69.6879 69.6364 69.4835 69.3498 68.8464 68.7630 68.7465 68.8319 68.8853 68.3675 67.8648 67.7974 67.9394 68.2267 68.6498 68.9229 68.8210 68.6475 68.3791 68.3486 68.6461 68.6407 68.4458 68.3832 68.5243 68.6733 68.6631 68.6295 68.4250 68.4054 68.3193 68.3446 68.5406 68.5654 68.2642 68.3423 68.3880 68.4363 68.2823 68.4769 68.2855 68.3594 67.9928 67.9535 68.1847 68.1409 68.1974 68.1879 68.3597 68.6017
70.5170 70.5766 70.5838 70.4705 70.3433 70.1711 69.9978 69.8464 69.6301 69.5849 69.5465 69.7101 69.8836 70.0352 69.8664 69.7980 69.8296 69.7367 69.6591 69.3999 69.0509 68.6068 68.4976 68.6252 68.7088 68.7697 68.3107 68.0491 68.0216 68.3908 68.7075 69.0017 68.9738 68.9799 68.6166 68.6513 68.7555 68.8920 68.6871 68.5915 68.5767 68.6981 68.7894 68.9187 68.9984 68.7263 68.7664 68.4333 68.3601 68.6479 68.4391 68.2212 68.1875 68.2395 68.1886 68.3213 68.4530 68.1401 68.1962 68.0227 68.0682 68.2134 68.1998 68.3200 68.3124 68.6094 68.8034
70.4889 70.5346 70.5245 70.3360 70.2687 69.8992 69.6870 69.5021 69.3649 69.2731 69.2551 69.7065 70.0858 70.1754 69.9560 69.7617 69.6398 69.4323 69.0967 68.8187 68.5435 68.4190 68.5172 68.7157 68.7194 68.6657 68.3362 68.4054 68.5316 68.8200 68.9274 69.0747 68.8372 68.8995 68.6545 69.0005 68.9519 68.8764 68.7472 68.7698 68.7255 68.8751 68.8177 68.8201 69.0890 69.0847 69.0864 68.8687 68.6553 68.3200 68.1148 68.2196 68.1659 68.2074 68.1854 68.2917 68.1947 68.0210 68.0336 68.0954 68.1620 68.2777 68.4444 68.6698 68.6612 68.9765 69.0116
70.3740 70.4296 70.4671 70.3212 70.2297 70.0030 69.7709 69.5372 69.3588 69.5313 69.5905 70.1013 70.3359 70.2737 69.8392 69.3978 69.0277 68.7027 68.5664 68.2745 68.1247 68.2532 68.4195 68.7435 68.8394 68.7992 68.7013 68.6998 68.7652 68.8429 68.9919 68.9882 68.8923 68.9251 68.9074 69.2275 69.0222 68.8864 68.8603 68.9411 68.9771 68.9431 68.7501 68.7435 68.9732 69.0492 68.9306 68.7785 68.3823 68.0783 68.0014 68.0179 68.0478 68.0437 68.1099 68.0729 68.2252 68.3640 68.3406 68.4686 68.2899 68.2879 68.5710 68.8697 68.8023 68.9037 68.8958
70.3966 70.3536 70.2812 70.0373 70.0517 69.8423 69.6614 69.5769 69.5805 69.7593 69.7593 70.1209 70.1434 69.7821 69.3619 69.0130 68.6806 68.6648 68.4818 68.3312 68.3283 68.3211 68.4063 68.6301 68.5987 68.5940 68.4151 68.5918 68.7948 68.7697 68.9715 69.1779 69.1263 69.1261 69.0218 69.1610 69.1526 69.1184 69.1154 68.8869 69.0154 68.9005 68.9166 68.9998 68.9410 68.9433 68.7861 68.6799 68.5124 68.2420 67.7339 67.5897 67.5857 67.7247 67.8872 67.9581 68.4116 68.5918 68.4407 68.4197 68.2373 68.3252 68.7518 69.0373 68.9887 69.0461 68.9539
