regresion/MAYO_2003/MODIS/Composicion (B10).txt
ncols         167
nrows         127
xllcorner     -112.012
yllcorner     26.720
cellsize      0.00898
[rows 29 to 57 of 127, columns 0 to 66 of 167]
70.7330 70.5772 70.4815 70.2414 70.2489 69.9571 69.9462 69.7797 69.6722 69.8361 69.7145 69.7272 69.5512 69.2713 68.9463 68.9325 68.7383 68.6620 68.5675 68.6481 68.6398 68.5336 68.5711 68.6263 68.3835 68.4236 68.4007 68.3964 68.4598 68.7311 68.9876 69.0185 69.0329 69.1609 69.1205 69.4492 69.5417 69.5374 69.3106 68.9203 68.9168 68.7842 68.9438 69.0445 69.0874 69.1232 68.9358 68.6619 68.0096 67.4833 67.3993 67.3837 67.2936 67.6658 68.0122 68.1410 68.5349 68.6634 68.6075 68.4600 68.3258 68.4743 68.9019 69.0922 69.0218 68.9826 68.8803
70.8693 70.7462 70.7062 70.4249 70.0584 69.6678 69.9098 69.6714 69.4098 69.5829 69.6073 69.6702 69.3706 69.1285 69.0314 68.9939 68.6878 68.6425 68.5485 68.6566 68.7693 68.5893 68.4142 68.4101 68.3792 68.3713 68.2512 68.1525 68.3644 68.6558 68.9174 69.0340 69.3502 69.5569 69.4887 69.8023 69.8513 69.7032 69.2633 68.9297 68.8742 68.8273 69.0087 69.5033 69.3856 68.7899 68.6622 67.8826 67.4208 67.5824 67.7839 67.7765 67.6558 67.8943 68.2354 68.4214 68.5392 68.4589 68.6379 68.4960 68.3476 68.5732 68.9360 69.0576 68.9829 68.9431 68.9072
70.6804 70.6113 70.4580 70.2275 69.8394 69.6183 69.8192 69.7903 69.8355 69.7790 69.5798 69.5464 69.3981 69.2654 69.2253 68.9925 68.8737 68.9037 68.8900 68.8822 68.5530 68.1812 67.9961 68.2118 68.4565 68.5179 68.4270 68.4088 68.5399 68.7310 68.8838 69.1468 69.5795 69.8719 70.0216 70.2310 69.9657 69.6104 69.1921 69.0366 68.8624 69.1665 69.6493 69.7209 69.0313 68.2600 68.1567 67.7992 67.7213 67.9397 67.9656 67.9306 67.8994 68.1090 68.3841 68.4587 68.3906 68.2961 68.4485 68.4188 68.4313 68.7878 69.0350 69.0786 69.0419 68.9278 68.8823
70.4155 70.2512 70.3299 70.0027 69.7007 69.7306 69.7383 69.5789 69.7584 69.9064 69.8992 69.7660 69.4577 69.4418 69.2990 69.1732 69.1780 69.0754 69.0082 68.7141 68.4248 68.2144 68.0954 68.4606 68.6765 68.7173 68.8038 68.8133 68.8916 69.0000 69.0955 69.2381 69.6047 69.8488 69.8058 69.8616 69.7179 69.4686 69.3357 69.6532 69.7166 70.1062 69.7814 68.8801 68.2947 67.8999 67.8067 67.9153 68.0990 68.2197 68.0391 68.1847 68.1539 68.3770 68.5171 68.4022 68.3656 68.3399 68.4280 68.5286 68.7450 68.9839 69.0557 69.0461 69.0806 68.9074 68.8761
70.1612 70.0424 70.0168 69.8487 70.0269 70.1975 70.0120 70.0053 70.0142 69.9826 69.9633 69.6558 69.4949 69.4561 69.3436 69.2055 69.1827 69.0983 68.9973 68.7517 68.5604 68.3950 68.3322 68.7615 68.9221 68.9640 68.8813 68.7598 68.9421 69.0794 69.2075 69.2868 69.7134 69.9414 69.9951 69.8073 69.5564 69.5508 69.5560 69.8574 69.7792 69.8805 69.2571 68.2913 67.8357 68.1021 68.0894 68.1800 68.1435 68.1807 68.1807 68.3860 68.3304 68.5118 68.5244 68.3886 68.4096 68.4600 68.5195 68.6048 68.8296 69.0317 69.0413 69.0159 69.0766 68.8888 68.8829
70.2082 70.1049 70.0526 69.8136 69.8947 69.8930 69.6730 69.7554 69.8844 69.9625 69.9517 69.7299 69.4550 69.4644 69.2470 68.9793 68.8926 68.8651 68.9619 68.8908 68.9086 68.6596 68.5681 68.9182 69.0098 68.9904 68.8961 68.9107 69.0532 69.2708 69.4000 69.5298 69.9187 70.0569 69.9638 69.8271 69.6440 69.9225 70.3247 69.9134 69.7131 69.4258 68.8215 67.9608 68.1943 68.2517 68.3865 68.4415 68.1128 68.1820 68.4256 68.6292 68.4334 68.4310 68.2752 68.3245 68.3768 68.4382 68.3839 68.5998 68.7116 68.8460 68.9851 69.0951 69.0497 68.8913 68.8469
69.8637 69.9484 69.8576 69.6632 69.6146 69.4125 69.4536 69.7542 69.8997 69.8294 69.7996 69.6179 69.3585 69.1735 68.8604 68.5492 68.6149 68.6568 68.9242 69.1025 69.0730 68.8635 68.9748 69.0724 68.9937 68.9875 69.0915 69.2120 69.3217 69.5410 69.6445 69.7594 70.1031 70.1092 70.0579 69.9397 70.1354 70.8096 70.2197 69.6909 69.5154 69.1987 68.2562 68.3564 68.7234 68.4804 68.4821 68.2346 68.0049 68.3010 68.6249 68.7255 68.5990 68.5250 68.4337 68.4245 68.3717 68.4230 68.3860 68.4915 68.4366 68.6064 68.8856 68.9561 68.9549 68.8880 68.7396
69.9830 70.0666 69.9139 69.6069 69.4722 69.3227 69.3274 69.4072 69.4048 69.2399 69.1868 69.0179 69.0586 69.1373 69.0443 69.0388 69.0268 69.1162 69.3370 69.3285 69.2417 69.0168 69.0896 69.2416 69.2550 69.2873 69.3364 69.3414 69.3264 69.6044 69.7531 69.9625 70.1760 70.0972 70.0469 70.0858 70.7748 70.6955 69.8166 69.6362 69.5092 68.9772 68.6044 68.9900 69.0740 68.6734 68.4637 68.1593 68.2117 68.5226 68.7075 68.7641 68.6955 68.5837 68.5417 68.5140 68.6183 68.5962 68.5281 68.5332 68.4343 68.5446 68.8034 69.0273 68.9628 68.9044 68.7163
69.9738 70.0841 69.7874 69.4995 69.2742 69.2554 69.4776 69.5383 69.3274 69.0053 69.0400 68.9291 68.9590 68.9784 69.1993 69.2704 69.2066 69.1822 69.3585 69.3211 69.2113 69.1464 69.2980 69.3330 69.3728 69.3886 69.3211 69.3198 69.2742 69.6091 70.0763 70.3252 70.4233 70.3179 70.3298 70.7333 71.3976 70.3745 69.7019 69.3515 69.2589 69.1084 69.4663 69.3467 69.2235 68.7892 68.5144 68.4849 68.7445 69.0706 68.9774 68.8356 68.8328 68.7863 68.6984 68.6656 68.7859 68.6964 68.6132 68.4999 68.5393 68.6199 68.6902 69.0158 69.0458 68.7875 68.5374
69.6494 69.7947 69.7485 69.4435 69.4268 69.2367 69.2963 69.3956 69.1756 68.8967 68.9629 69.0249 68.9875 68.8571 69.0296 69.2394 69.0289 69.0090 69.1007 69.0709 69.1493 69.1079 69.2845 69.4460 69.3424 69.3003 69.4111 69.4440 69.4275 69.7413 70.1896 70.4385 70.5323 70.8442 70.8775 71.3501 70.6286 69.6930 69.5107 69.4916 69.3532 69.5414 69.5769 69.2475 68.9996 68.7617 68.6416 68.8929 68.9886 69.1338 69.0681 68.8434 68.9195 68.9177 68.8221 68.7946 68.8490 68.7136 68.4583 68.2868 68.5081 68.6765 68.7199 68.8677 68.9592 68.7016 68.4622
69.5968 69.4848 69.4569 69.2561 69.1340 69.0149 69.0502 69.0923 69.0148 69.0689 69.0224 69.0375 68.8226 68.8602 68.8685 69.2180 69.1515 69.1396 69.0937 69.1661 69.1873 69.1816 69.4061 69.3942 69.1516 69.1344 69.3515 69.6580 69.8080 70.1721 70.3115 70.4694 70.8248 71.0134 70.9853 70.6918 70.0557 69.6682 70.0009 70.1340 70.0110 69.9288 69.5915 69.2526 69.1409 69.1918 69.3148 69.3699 69.1425 69.1505 68.9618 68.7808 68.9162 68.8477 68.7596 68.6493 68.5254 68.3175 68.2858 68.3762 68.5698 68.7129 68.8214 68.8616 68.9736 68.7703 68.4068
69.5395 69.2210 69.1953 69.0986 69.0318 69.0363 68.8254 68.7479 68.7129 68.6609 68.6605 68.8860 69.1622 69.2785 69.3300 69.4404 69.1920 69.2542 69.2552 69.4380 69.4713 69.4561 69.5232 69.4365 69.4226 69.4921 69.5823 69.8003 69.9135 70.0909 70.4384 71.0000 70.9343 70.4643 70.4622 70.4056 70.3296 70.4428 70.6017 70.3992 70.2284 70.0180 69.5134 69.2252 69.2286 69.3711 69.2803 69.1665 68.8625 68.8668 68.8540 68.8747 68.8205 68.7566 68.7752 68.5947 68.4680 68.3280 68.3881 68.5688 68.7322 68.8798 68.7706 68.8069 68.8503 68.9221 68.5148
69.4985 69.5138 69.6214 69.4234 69.4842 69.1044 68.9075 68.7755 68.9240 69.0519 69.0955 69.0479 69.2032 69.3372 69.4702 69.6242 69.5275 69.5926 69.5822 69.5789 69.5163 69.5215 69.5362 69.6041 69.7622 69.8128 69.7970 69.9255 70.0021 70.1989 70.6476 70.7316 70.4206 70.4497 70.3655 70.3878 70.5172 70.6047 70.3897 70.2166 69.8365 69.6874 69.3100 69.2230 69.1856 69.2271 69.1213 69.3314 69.3323 69.2311 69.1495 68.9672 68.8177 68.8682 68.8037 68.8825 68.8423 68.8667 68.7891 68.8112 69.0430 69.0948 68.9444 68.8760 68.8450 68.8762 68.6256
69.4506 69.7753 70.0064 69.9053 69.8153 69.6094 69.2916 69.1887 69.2205 69.1944 69.3663 69.4042 69.4969 69.6209 69.9298 69.8956 69.7319 69.6494 69.5552 69.5288 69.6173 69.7043 69.7553 69.8575 69.9758 69.9055 69.8795 70.0030 70.0889 70.3393 70.5440 70.3620 70.3013 70.4139 70.3019 70.3359 70.3689 70.2328 69.9683 69.9074 69.7479 69.6757 69.5077 69.4477 69.4092 69.2110 69.3197 69.6584 69.4156 69.3641 69.1454 68.9824 68.9597 69.0678 69.0848 69.1544 69.2498 69.2712 69.2480 69.2466 69.2398 69.1534 68.9582 68.8932 68.8013 68.9124 68.7934
69.8513 69.8728 69.9997 70.1156 70.1050 69.8916 69.4934 69.3989 69.5124 69.5569 69.5685 69.4620 69.6517 70.0884 70.3185 70.2146 70.1411 69.9155 69.6905 69.7824 69.9126 70.0167 69.9665 69.9451 69.9205 69.8350 69.8719 69.9503 69.9905 70.2256 70.3461 70.3726 70.2971 70.4528 70.4537 70.3974 70.3700 70.0947 70.0291 69.9270 69.8048 69.7872 69.6415 69.6362 69.4834 69.2460 69.4025 69.7229 69.5333 69.4569 69.0117 68.9195 69.0264 69.1639 69.0044 69.0899 69.2790 69.2740 69.3908 69.3808 69.2655 69.2351 69.1184 68.9881 68.9270 68.9617 68.8037
70.0802 70.2410 70.3042 70.2464 70.1977 69.9331 69.6956 69.5874 69.5090 69.5186 69.5676 69.7660 70.1598 70.6830 70.8830 70.3123 70.4891 70.5021 70.4024 70.1780 70.2628 70.0163 69.8910 69.7990 69.7162 69.7310 69.8316 69.9579 70.0006 70.2085 70.3328 70.3429 70.4045 70.5545 70.5548 70.5566 70.3812 70.3086 70.2786 70.0363 69.9198 69.9314 69.8972 69.7691 69.6514 69.5890 69.5580 69.6476 69.4878 69.2325 69.1524 69.0656 68.9223 68.8128 68.8440 69.0741 69.2037 69.3710 69.5735 69.5295 69.3460 69.2824 69.2517 69.1376 69.0947 68.8765 68.7053
70.4715 70.6624 70.6008 70.5824 70.4325 70.1649 70.0331 70.0806 69.8837 69.8176 69.8057 69.9837 70.6867 71.0660 70.7813 71.0123 72.1259 71.9995 71.5980 71.1127 70.3097 70.0299 69.9156 69.8581 69.9309 70.0163 70.0195 70.0998 70.1227 70.1654 70.2705 70.3072 70.4755 70.6061 70.6492 70.6766 70.5166 70.3868 70.3695 70.1007 70.0497 70.1549 70.0287 69.8585 69.7936 69.7271 69.5557 69.6065 69.6083 69.3944 69.4537 69.4159 69.2221 69.0822 69.1137 69.1914 69.2862 69.3735 69.4715 69.3269 69.1971 69.2003 69.1357 68.8603 68.8451 68.6848 68.6627
70.5081 70.6913 70.6877 70.5612 70.4089 70.1520 69.9377 69.8260 69.7809 69.7850 69.5852 69.9028 70.5729 71.6560 72.4672 71.9782 73.7722 73.9962 74.2825 73.0593 70.7717 70.3216 70.0039 69.9233 70.0189 70.1037 70.0910 70.1499 70.1857 70.3393 70.3840 70.4170 70.5172 70.6605 70.6938 70.6824 70.5232 70.3888 70.3518 70.3763 70.3476 70.4400 70.1910 70.1360 69.9433 69.8710 69.7340 69.7306 69.7518 69.6042 69.6184 69.4499 69.4111 69.3016 69.2898 69.5595 69.5999 69.3814 69.2878 69.2638 69.2050 69.1131 68.9791 68.7836 68.7585 68.5925 68.5952
70.3147 70.4094 70.4123 70.2267 70.1202 69.9447 69.6838 69.6496 69.4989 69.4030 69.2790 69.5758 69.7118 70.7500 72.5243 70.3233 71.5594 73.6704 76.5460 74.5927 70.5758 70.0911 69.8078 69.7887 69.9060 70.0366 70.0921 70.1609 70.2216 70.4260 70.4284 70.5301 70.6692 70.7984 70.8706 70.6900 70.4555 70.4146 70.4538 70.4536 70.4700 70.5684 70.3868 70.1661 70.0587 69.9419 69.8049 69.8843 69.9577 69.7901 69.5359 69.1634 69.1813 69.3470 69.5684 69.7076 69.7670 69.8995 69.7149 69.4091 69.3238 69.1950 69.0727 68.8065 68.7805 68.6661 68.3735
70.1787 70.2754 70.1705 70.0660 70.0981 70.0543 69.9072 69.6877 69.4581 69.3250 69.2897 69.2880 69.1621 69.4563 71.2372 69.7827 71.1648 71.4290 71.4861 71.2792 69.9920 69.3407 69.4680 69.4955 69.6067 69.7799 69.9576 70.0846 70.0951 70.3264 70.3490 70.4714 70.5987 70.6758 70.6664 70.5589 70.5026 70.7188 70.7872 70.8449 70.8194 70.6923 70.3600 70.1348 70.0432 69.8821 69.7451 69.9536 69.6007 69.4809 69.0204 69.0321 69.2213 69.6304 69.8180 69.8645 69.8603 69.9713 69.8825 69.4819 69.1818 69.0073 68.8119 68.8027 68.7886 68.4098 68.1654
70.1712 70.2002 70.1327 70.0371 69.9975 69.9547 69.9418 69.8515 69.6788 69.4647 69.3630 69.1816 69.0126 69.2295 70.4916 70.7313 71.1326 70.8145 71.2920 71.3773 70.0105 69.4186 69.3502 69.2252 69.2694 69.3847 69.6613 69.9166 69.9638 70.1610 70.3242 70.3968 70.4873 70.5280 70.5812 70.6450 70.8330 70.8816 70.9500 70.9026 70.6973 70.5895 70.3774 70.1899 69.8549 69.8560 69.9137 69.9576 69.6812 69.5177 69.4163 69.6411 69.6635 69.7511 69.7239 69.7461 69.6402 69.6013 69.4294 69.3961 69.3156 68.9825 68.7644 68.8207 68.7648 68.5313 68.2609
70.4009 70.3304 70.1662 69.9408 69.8113 69.6832 69.6392 69.5765 69.6117 69.4631 69.3425 69.4069 69.3904 69.5114 69.9074 70.4025 71.2041 70.3551 70.2955 70.6777 70.2930 69.7594 69.7712 69.6476 69.2905 69.2800 69.4223 69.7200 69.7819 69.9974 70.0656 70.1573 70.3058 70.5055 70.5363 70.7936 70.8809 70.9083 70.8969 70.6769 70.5240 70.4935 70.3600 70.1095 69.9077 69.9143 69.8909 69.8751 69.6918 69.6198 69.7009 69.8943 69.8648 69.7121 69.6940 69.7013 69.6870 69.6032 69.5444 69.4693 69.3039 69.0116 68.7780 68.7379 68.6874 68.6403 68.4364
70.3960 70.3337 70.2418 69.9530 69.7870 69.6878 69.6168 69.4431 69.3668 69.4619 69.3524 69.4587 69.6194 69.6466 69.9143 70.1024 70.7808 70.0269 70.0493 70.0238 69.9990 70.3329 70.3692 69.9102 69.5318 69.5690 69.6632 69.8626 69.8817 69.9405 69.9764 70.1016 70.1986 70.3539 70.5105 70.6076 70.7935 70.8756 70.7713 70.4620 70.2654 70.2285 70.0857 69.8795 69.7887 69.8155 69.7631 69.8392 69.7874 69.7984 69.9962 70.0575 69.9923 69.9340 69.9144 69.8763 69.8558 69.5951 69.4902 69.2245 69.0804 69.0242 68.7982 68.6826 68.5647 68.5203 68.4286
70.2669 70.2060 70.1541 69.9589 69.8308 69.6214 69.5660 69.4756 69.5966 69.7470 69.6969 69.6533 69.6628 69.7855 69.9384 69.9974 70.1452 69.9705 69.9992 70.0397 70.1353 70.4017 70.3371 70.3378 70.0329 70.1692 70.2394 70.1586 70.1139 70.0672 69.9045 70.1094 70.1805 70.2464 70.3547 70.4215 70.4932 70.3350 70.1347 70.0036 69.8928 69.8322 69.7392 69.8107 69.9122 69.9903 69.8152 69.8558 69.9599 70.1200 70.2394 70.1389 70.1565 70.1777 70.1096 69.9158 69.9620 69.8268 69.6186 69.5087 69.3491 69.1084 68.9588 68.8209 68.7568 68.5631 68.4037
70.1898 70.0930 70.0277 69.8623 69.7374 69.5527 69.6985 69.7684 69.8213 69.7280 69.7800 69.7946 69.7977 70.0932 70.2007 70.1305 70.1190 70.0757 70.0703 70.1031 70.2212 70.1760 70.0474 70.5158 70.3725 70.3868 70.4318 70.2717 70.1099 69.9723 69.8527 69.9670 70.0584 70.1474 70.2406 70.3262 70.3027 70.1902 70.0396 69.8268 69.7035 69.6246 69.6007 69.7420 69.8733 69.9368 69.8880 69.8976 69.9050 70.1025 70.2926 70.3235 70.2656 70.0633 69.9672 69.8823 69.8854 69.8596 69.6911 69.4983 69.4021 69.2030 69.0010 68.9018 68.8072 68.6264 68.4501
70.1300 69.9969 69.8941 69.6983 69.5886 69.6324 69.7895 69.8138 69.8547 69.8156 69.7947 69.9250 70.0198 70.2421 70.3024 70.2975 70.2493 70.3458 70.4805 70.4782 70.5328 69.9452 69.6776 70.1090 70.6331 70.3505 70.1624 70.1403 70.0200 70.0150 70.0595 70.1665 70.1512 70.1028 70.1116 70.1520 70.1819 70.1265 70.0074 69.8495 69.7506 69.7193 69.7858 69.9520 70.0861 69.9596 69.8926 69.8439 69.8723 70.0787 70.2213 70.3567 70.3448 70.0374 69.7829 69.6925 69.7591 69.6766 69.4725 69.3936 69.2646 68.9257 68.7341 68.7023 68.6693 68.5111 68.3604
70.1984 70.1340 70.1677 70.0087 69.9267 69.8875 69.9544 70.0180 70.0944 70.0657 70.1026 70.1041 70.1253 70.2665 70.2292 70.2290 70.2372 70.3744 70.3441 70.2459 70.2423 69.9401 69.6486 69.7408 70.3675 70.7689 70.5118 70.1950 70.0423 69.9894 70.0091 70.0349 70.1154 70.1423 70.1413 70.0855 70.0662 70.0731 69.9448 69.9550 70.0203 70.0991 70.1315 70.2031 70.0075 69.8260 69.8064 69.6878 69.8949 70.0327 70.2047 70.1674 70.0230 69.8124 69.4982 69.2170 69.2331 69.1565 69.4022 69.3131 68.8401 68.5168 68.4378 68.4994 68.5287 68.4467 68.2777
70.1028 70.0734 70.1607 70.0049 69.9610 69.8727 69.8236 69.8769 70.0506 70.0973 70.0464 69.9924 69.9965 70.1056 70.1770 70.2016 70.2969 70.5753 70.6458 70.4990 70.4800 70.3003 69.8067 69.8286 69.9992 70.5064 70.5033 70.1689 70.0034 69.8313 69.8770 69.9188 70.1638 70.1934 70.2639 70.1263 70.1169 70.2041 70.0919 69.9680 70.0532 70.2268 70.3205 70.1781 70.0137 69.9811 69.9434 69.8717 70.0164 70.1951 70.1800 69.9649 69.9168 69.7260 69.3904 69.3313 69.0932 69.0965 69.0881 68.7480 68.4349 68.2926 68.3421 68.4116 68.3349 68.2576 68.2393
70.1306 70.1261 70.0525 69.9278 69.8249 69.6757 69.6453 69.7273 69.8656 69.9029 70.0131 70.0345 70.1363 70.3037 70.3787 70.3809 70.4994 70.7317 70.7834 70.7471 70.7936 70.6435 70.2703 70.1892 69.9015 70.1393 70.4865 70.5463 70.3944 70.0018 70.0869 70.0886 70.1324 70.0128 70.0407 69.9482 70.1418 70.3360 70.3218 70.1605 70.1617 70.2750 70.2718 69.9772 69.7119 69.7514 69.8755 69.9678 69.9935 70.1564 69.9282 69.8023 69.7910 69.9185 69.8963 69.5929 69.3566 69.0866 68.8564 68.5507 68.4211 68.6063 68.5976 68.5863 68.4645 68.2176 68.1052
