regresion/MAYO_2003/MODIS/Composicion (B12).txt
ncols         167
nrows         127
xllcorner     -112.012
yllcorner     26.720
cellsize      0.00898
[rows 0 to 28 of 127, columns 0 to 66 of 167]
26.5063 26.4971 26.5628 26.5291 26.4279 26.3234 26.2937 26.4191 26.7280 27.3293 27.3517 27.3285 27.2792 27.7580 33.4592 34.5907 34.3604 34.0711 33.9212 33.7998 33.9438 33.8512 33.5042 33.3216 33.2507 33.2231 33.1721 33.1106 33.0867 33.0749 33.0107 32.9530 32.9173 32.8614 32.7921 32.7743 32.7235 32.6494 32.5180 32.4119 32.4216 32.4339 35.5009 38.6103 39.9521 40.3081 40.3441 40.3181 40.2879 40.3829 40.4777 40.6210 40.7176 40.7220 40.7960 36.6304 33.0295 33.1996 33.3446 33.5743 33.6169 33.5795 33.6024 33.6520 33.6779 33.6180 33.4999
26.7405 26.7540 26.6771 26.5735 26.4548 26.3765 26.3276 26.4469 27.1748 27.4583 27.6409 27.3646 27.3210 28.7036 34.7117 34.6137 34.3955 34.1128 34.0413 34.0693 33.8743 33.5620 33.3552 33.3439 33.3152 33.2906 33.2299 33.1456 33.1305 33.1480 33.0585 32.9337 32.8330 32.7968 32.7445 32.7091 32.6064 32.5037 32.4802 32.4382 32.4512 34.3373 36.8782 40.3033 40.2831 40.1880 40.1986 40.1430 40.1221 40.2459 40.3885 40.5515 40.6596 40.6354 40.7420 37.9905 32.9234 33.0506 33.1634 33.4220 33.4736 33.4827 33.5263 33.5836 33.6117 33.6615 33.5666
26.8478 26.7925 26.6891 26.5453 26.4297 26.3469 26.3098 26.2682 26.7176 27.4428 27.5700 27.1033 27.0496 29.4514 34.6526 34.5264 34.3955 34.1581 34.1303 33.9563 33.7497 33.4760 33.4104 33.3500 33.3261 33.3092 33.2440 33.1569 33.1102 33.0591 33.0163 32.8634 32.7673 32.7624 32.7255 32.7202 32.6314 32.5223 32.5078 33.0844 33.1231 35.3361 40.4523 40.3528 40.3411 40.3426 40.3302 40.1974 40.2002 40.2712 34.0599 40.2627 40.3861 40.4139 40.5058 35.4402 32.7051 32.8063 32.9336 33.1405 33.2705 33.3133 33.3673 33.3816 33.4064 33.5425 33.5406
26.7813 26.6608 26.5540 26.4338 26.3306 26.3231 26.2949 26.2663 26.4169 26.6579 26.9659 26.6622 26.6395 30.6958 34.5527 34.4786 34.4034 34.2069 34.1156 33.8996 33.6157 33.4451 33.3917 33.3236 33.2561 33.2469 33.2229 33.1451 33.0910 33.0753 33.0086 32.9109 32.7724 32.7506 32.7056 32.7227 32.6794 32.6031 32.5401 32.5007 32.5175 38.0866 36.5330 39.8181 40.3933 40.3501 40.3484 40.2392 40.2373 36.2890 37.6937 40.1610 40.2369 39.4041 38.0643 32.5104 32.5609 32.6206 32.7146 32.8575 32.9881 33.0796 33.1940 33.2629 33.2896 33.3848 33.4470
26.5955 26.5012 26.4754 26.3575 26.8604 27.0208 27.0185 26.2643 26.3694 28.8048 27.8325 27.8017 26.3898 26.4769 30.3786 34.3661 34.3286 34.3259 34.1296 33.8195 33.5555 33.5615 33.5112 33.4076 33.3494 33.2854 33.2065 33.1203 33.0655 33.0638 32.9708 32.9093 32.8169 32.8089 32.7056 32.7251 32.7098 32.6635 32.5766 32.5634 32.5471 32.5446 33.9690 40.4605 40.3903 40.2855 40.2511 40.2354 39.8035 32.3237 34.2809 32.7384 32.7828 32.3139 32.4067 32.5080 32.5521 32.6247 32.7189 32.7469 32.8164 32.8907 32.9735 33.0178 33.0348 33.1577 33.2127
26.4672 26.4128 26.4099 26.3047 26.2007 33.4081 33.3774 34.1015 32.2386 30.6277 34.0516 34.1237 34.0627 32.6553 30.9140 30.8088 34.2356 34.1527 33.9816 33.7322 33.6967 33.6567 33.5055 33.4068 33.3037 33.2504 33.1811 33.1095 33.0584 33.0463 32.9837 32.9060 32.8584 32.8274 32.7210 32.6859 32.6765 32.6681 32.6272 32.5757 32.5507 32.5752 36.1736 40.3720 40.3290 40.3262 40.3280 40.3058 34.2497 32.3515 32.3157 32.2868 32.3482 33.2927 34.8515 32.5387 32.5745 32.6335 32.6258 32.6637 32.6993 32.7460 32.7553 32.8311 32.8393 32.9850 33.1274
26.2307 26.1826 26.1975 26.1566 26.1466 26.5896 26.6020 34.1577 34.1775 34.1505 34.0870 34.0880 34.0701 34.0520 34.0248 34.0288 34.0308 33.9460 33.7476 33.6293 33.5418 33.4336 33.3425 33.2587 33.2287 33.2041 33.1499 33.0957 33.0573 33.0372 32.9758 32.8879 32.8223 32.7975 32.7078 32.6613 32.6245 32.6231 32.6412 32.5970 32.5962 32.6135 33.7341 40.4141 40.3144 40.2810 40.3353 37.9468 32.3927 32.4269 32.4313 39.8945 39.9217 40.4102 37.7280 32.5664 32.5820 32.6140 32.6059 32.5964 32.6157 32.6366 32.6257 32.7094 32.7161 32.8811 33.0406
26.2718 26.3008 26.2588 26.2952 26.3165 26.2706 26.3095 30.5378 34.2546 34.2408 34.2031 34.1432 34.1021 34.0176 33.9670 33.9862 33.9594 33.7209 33.5604 33.4731 33.3474 33.1820 33.1454 33.0425 33.0071 33.0273 33.0017 33.0097 33.0453 33.0493 32.9788 32.8726 32.8107 32.8068 32.7313 32.6741 32.6231 32.6614 32.6407 32.5764 32.5808 32.5857 35.3178 40.3970 40.3188 40.4008 40.4165 32.4575 32.4534 35.5686 38.4553 40.4378 40.4615 40.4314 32.4966 32.5518 32.5781 32.5969 32.5959 32.6262 32.6016 32.5552 32.5886 32.6971 32.7067 32.8496 32.9614
26.2888 26.3238 26.3341 26.3313 28.8444 34.0153 34.0393 34.3566 34.4077 34.3542 34.2745 34.1375 34.0721 33.8923 33.8060 33.7867 33.6345 33.5325 33.4489 33.3011 33.2215 33.1585 33.0372 32.9830 32.9728 32.9714 32.9196 32.8969 32.8552 32.8750 32.8229 32.7659 32.7250 32.7450 32.7577 32.7362 32.7159 32.7141 32.6846 32.6086 32.5761 32.5772 37.4326 40.4393 40.4069 35.7722 35.7393 32.4125 32.4514 40.5328 40.4950 40.5651 40.5435 35.7329 32.4351 32.4958 32.5230 32.5515 32.5522 32.5258 32.4592 32.4841 32.5624 32.6599 32.6824 32.7986 32.9175
26.4285 26.4614 26.3672 28.2244 32.3995 33.7803 33.7659 34.3171 34.2641 34.1151 33.9977 33.8864 33.8185 33.6900 33.6268 33.5139 33.3878 33.3221 33.2582 33.1068 33.0634 32.9590 32.9305 32.9053 32.9145 32.9220 32.9096 32.8629 32.8539 32.8966 32.7911 32.6491 32.5922 32.5856 32.5825 32.5944 32.6470 32.6999 32.6936 32.6490 32.5589 34.8320 39.1274 40.4376 40.4451 37.5136 37.4756 32.2481 35.5739 40.5101 37.0665 33.4037 33.3532 32.3563 32.3963 32.4795 32.4914 32.5110 32.5329 32.5667 32.5871 32.5662 32.5785 32.6201 32.6514 32.6679 32.6380
26.7605 26.7257 26.6691 26.4735 28.7140 34.1893 34.1699 34.1038 33.9854 33.9457 34.1150 34.0073 33.9044 33.6768 33.5897 33.4782 33.3502 33.4725 33.2259 33.1423 33.0377 32.9864 32.9113 32.8705 32.8999 32.9142 32.8844 32.8338 32.8354 32.8773 32.8453 32.7356 32.6347 32.6136 32.6106 32.6315 32.6247 32.6137 32.5687 33.7112 33.6100 40.3474 38.7490 35.3626 33.9902 32.5525 32.5489 32.2444 32.3795 38.6837 38.1071 32.3757 32.3450 32.3600 32.4091 32.4671 32.4826 32.4666 32.4947 32.5574 32.5258 32.5458 32.5623 32.5755 32.6073 32.5865 32.3938
26.9256 26.9730 27.0345 30.6253 34.2842 34.1068 34.0883 34.0235 34.1004 34.2276 34.2484 34.0264 33.9314 33.6878 33.5342 33.3719 33.2834 33.2719 33.2000 33.1381 33.1071 33.0273 32.8961 32.8716 32.8661 32.8714 32.8974 32.8915 32.8714 32.9008 32.8590 32.7463 32.6270 32.6267 32.5479 32.5442 32.5235 32.4695 32.5673 40.2362 40.1928 40.1504 39.6610 32.0893 32.1445 32.1224 32.0437 31.9527 32.9493 35.8143 39.2672 32.3927 32.4384 32.4369 32.4339 32.4642 32.4678 32.4540 32.4720 32.5482 32.5257 32.5205 32.5438 32.5451 32.5873 32.5067 32.3491
26.8879 27.0015 27.2010 31.6791 34.2389 34.0839 33.9959 34.0810 34.4127 34.8376 34.5649 34.1549 34.0422 33.6657 33.4697 33.3197 33.2293 33.1986 33.1202 33.0739 33.0567 32.9959 32.8821 32.9059 32.9418 32.9265 32.9579 32.9192 32.8923 32.8865 32.8090 32.6554 32.5379 32.5117 32.4327 32.4959 32.4914 37.6556 38.9181 40.1751 40.1535 40.1703 40.1715 32.7492 32.0413 31.9468 31.9034 31.8243 31.7670 36.3683 35.1353 32.1730 32.2282 32.2863 32.3610 32.4273 32.4776 32.5097 32.4523 32.4786 32.4712 32.4625 32.4150 32.3506 32.3958 32.3310 32.1459
29.5073 29.5818 30.0656 27.8189 27.0375 32.9889 33.0160 34.4257 34.9765 34.9874 34.4461 33.9198 33.8449 33.4975 33.3587 33.2274 33.1418 33.1467 33.0672 33.0026 32.9723 32.8859 32.8786 32.9578 32.9479 32.9745 32.9443 32.8968 32.8839 32.8863 32.8135 32.6652 32.5139 32.5245 32.4670 34.6831 36.0586 38.1612 40.2741 40.2955 40.1913 38.9752 37.4988 31.9744 31.9284 31.8073 31.7229 31.6579 31.6176 31.6399 31.7601 32.0373 32.2045 32.2058 32.1934 32.2533 32.2418 32.2185 32.1808 32.1651 32.2209 32.2349 32.1710 32.0791 32.1253 32.1467 32.0704
33.0507 33.0617 35.0723 34.3413 34.0804 32.4831 32.5562 34.3525 34.5818 34.2307 33.8644 33.6019 33.4730 33.3017 33.1796 32.9973 32.8939 32.9865 32.9181 32.8765 32.8601 32.8376 32.8187 32.8549 32.9044 32.9088 32.8995 32.8970 32.8809 35.6176 36.9751 33.8443 32.5487 32.5453 32.5308 36.9454 37.1705 36.7394 40.3794 36.4361 36.2569 32.1294 32.0221 32.0018 31.9320 31.7702 31.7190 31.6150 31.6399 31.6486 31.7036 31.8970 32.0735 32.0739 32.0453 32.1067 32.0988 32.1154 32.0554 31.9240 31.9999 32.0044 34.5332 35.7896 35.8147 31.9389 31.8546
35.3577 35.3271 34.9411 34.3571 34.0747 33.9217 33.8067 33.9420 33.7629 33.5822 33.3192 33.1991 33.1381 33.0530 33.0214 32.8616 32.7801 32.8072 32.7510 32.7654 32.7674 32.6404 32.6208 32.7673 32.7910 32.8066 32.8433 32.8806 32.8738 38.3362 40.8681 38.0517 37.8091 32.6315 32.5397 32.4084 32.2721 35.1697 34.5563 32.3012 32.1064 32.1241 31.9653 31.8999 31.8515 31.7229 31.6994 31.6244 31.6575 31.6398 31.7064 31.8685 31.8960 31.8672 31.9109 31.9600 31.9199 31.9099 31.8535 31.7300 31.7743 32.4390 39.8552 38.8970 38.9122 36.8581 31.7640
29.3407 29.2819 34.5158 34.1076 33.8576 33.6763 33.6389 33.6017 33.4112 33.2382 33.1771 33.1002 33.0122 32.9428 32.8963 32.7205 32.5702 32.5789 32.5754 32.6047 32.5267 32.3947 32.4648 32.6660 32.7658 32.7958 32.8479 35.1104 35.1667 40.8903 40.8027 40.7750 32.9875 32.6435 32.5224 32.3516 32.2479 32.4217 32.3952 32.2781 32.1416 32.1984 32.0538 31.8983 31.7413 31.6502 31.6103 31.5506 31.5734 31.5716 31.6870 31.8735 31.7882 31.7363 31.7402 31.8017 31.7728 31.6570 31.5750 31.5199 31.6765 32.4319 39.3483 38.8939 38.9103 39.2735 33.0422
29.4407 29.4560 34.3278 33.9817 33.7392 33.5866 33.4962 33.4398 33.3512 33.2295 33.1786 33.0988 33.0070 32.9360 32.8469 32.6529 32.3820 32.3886 32.3754 32.3730 32.2902 32.2168 32.2303 32.4613 32.6531 32.8026 32.8617 40.7342 40.6798 40.6771 40.7272 36.8729 32.6030 32.5613 32.4240 32.3054 32.2259 32.3683 32.4535 32.3611 32.1470 32.6017 32.0433 31.8289 31.6590 31.5280 31.4149 31.3555 31.4387 31.4492 31.5438 31.6652 31.6258 31.5442 31.5026 31.5585 31.5105 31.3947 31.3513 31.3481 34.9348 39.0943 38.7185 38.7225 38.7356 39.1286 34.0325
30.1722 30.1470 34.1116 33.9178 33.7785 33.7624 33.5706 33.4024 33.2887 33.2015 33.1605 33.0815 32.9686 32.8726 32.7575 32.6225 32.5009 32.4296 32.4293 32.3586 32.2601 32.1426 32.1250 32.2817 32.4667 32.4697 36.7196 40.3108 40.2552 40.4015 37.3226 32.6238 32.4955 32.5025 32.3490 32.3364 34.7331 36.2185 37.6650 39.0394 38.8739 36.7566 31.8923 31.7234 31.5491 31.3988 31.3278 31.2109 31.2083 31.2025 31.3082 31.3769 31.4089 31.2613 31.3002 31.3069 31.3062 31.2186 31.2015 34.3449 37.6204 38.4275 38.3171 38.6925 38.7083 35.0596 33.6466
30.8595 30.8171 34.0019 33.9347 33.9126 33.7060 33.5462 33.3622 33.2547 33.1671 33.0866 33.0551 32.9505 32.8356 32.7199 32.5709 32.4771 32.5000 32.4739 32.3089 32.1756 32.0084 31.8809 32.0003 32.3009 37.7610 40.2905 39.9902 39.8756 37.7937 32.3867 32.4385 32.4294 32.3981 32.2631 34.6110 40.0510 40.0385 40.1677 40.1321 39.9582 31.9146 31.7023 31.5352 31.3511 31.2176 31.2171 31.1166 31.0413 31.0137 31.0707 31.1353 31.2059 31.1108 31.1304 31.1155 31.1389 33.1203 33.1339 36.1368 38.6634 38.4577 38.6605 36.2238 36.2372 35.1831 31.5057
32.0552 31.9499 34.0467 33.8805 33.7513 33.5817 33.4963 33.3910 33.3202 33.1544 33.0605 33.1030 33.0763 32.9070 32.7436 32.4966 32.4509 32.4097 32.4490 32.3055 32.1929 31.8790 31.7150 34.2437 37.1226 40.3598 40.0962 39.6147 39.3920 38.0256 32.0674 32.2219 32.5169 32.5051 32.3749 40.1378 39.8932 39.6151 39.8306 34.1860 33.9637 31.5763 31.3476 31.1496 31.0623 31.0131 30.9828 30.9124 30.8778 30.8465 30.8561 30.9729 31.0954 30.9921 30.9920 31.5852 33.1174 34.5543 34.5543 39.0545 38.8400 38.8767 39.0359 35.4056 35.4393 31.3155 31.3584
33.6564 33.5387 34.0983 33.8490 33.7630 33.6351 33.5463 33.4223 33.2122 33.0692 32.9822 33.1324 33.1543 32.9245 32.8179 32.5621 32.2963 32.2282 32.2525 32.1687 32.0763 31.7894 31.7843 39.0928 40.3131 40.2474 40.0750 39.5937 39.2052 32.9847 34.3686 36.3214 37.9429 39.3638 39.2453 39.8488 39.7394 39.5080 34.7936 33.2440 33.0924 31.1274 30.8632 30.7572 30.7108 30.7131 30.7083 30.6988 30.7407 30.7831 30.8516 30.9056 31.1128 31.0472 31.0289 31.0377 38.4402 39.1286 39.1158 38.9831 39.0649 39.0690 38.7287 33.5259 33.5560 31.4023 31.3006
34.9020 34.8315 34.1354 33.7746 33.5525 33.5216 33.4580 33.3529 33.2372 33.1417 33.0582 33.2226 33.1889 33.0825 32.9105 32.4242 32.0475 32.0335 32.0253 32.0109 31.9465 31.9383 31.9751 38.9505 40.2585 40.2173 40.0370 39.5421 39.0962 39.0026 39.4974 39.7421 39.5464 39.4889 39.3300 39.2188 39.2891 39.3692 34.2947 30.9708 30.8798 30.8472 30.7014 30.6097 30.5921 30.5829 30.6143 30.6324 30.6283 30.6239 30.6018 30.7136 30.9759 31.0415 31.0866 31.0679 36.8805 36.0710 36.0838 36.9116 35.2554 31.7382 36.9971 36.9566 36.9869 31.2321 31.2916
34.0181 34.0009 33.8696 33.8705 33.7911 33.5962 33.4442 33.3266 33.2044 33.1919 33.1290 33.2025 33.1482 32.9832 32.7343 32.3564 32.1264 32.1327 32.1129 32.1389 32.1773 35.2807 35.2088 40.2059 40.2711 40.2710 39.6630 39.0989 38.9185 38.9801 39.2160 39.3257 39.3509 39.2592 39.1000 38.9284 39.0987 36.6657 35.1126 30.8900 30.8202 30.7899 30.6561 30.6014 30.5607 30.5616 30.6095 30.6194 30.6364 30.6792 30.6953 30.6644 30.8776 30.9826 31.0670 30.9358 30.9316 30.9198 30.8861 34.5150 30.9346 31.0363 31.1260 31.1578 31.1884 31.2346 31.2832
33.7018 33.7061 33.6017 33.4769 33.4225 33.2758 33.1577 33.0878 32.9805 33.0081 32.9564 33.0473 32.9748 32.9476 32.7489 32.4350 32.2993 32.3626 32.3563 32.3449 34.5508 39.8216 39.7513 39.9591 40.0140 40.0724 39.5011 39.0190 38.9164 38.9595 39.1313 39.4617 39.6688 39.5377 39.3148 39.0791 38.3063 34.8209 31.0930 30.9188 30.7830 30.7592 30.7334 30.6708 30.6404 30.6147 30.6286 30.6333 30.6098 30.6320 30.6677 30.6705 30.8145 30.8815 31.0975 30.9897 30.9691 30.9081 30.8648 30.8381 30.8369 30.9036 30.9647 31.0616 31.0872 31.1992 31.2967
33.5659 33.5853 33.5233 33.4260 33.3112 33.1420 32.9573 32.7414 32.6686 32.6966 32.7286 32.8056 32.9193 33.0081 32.7679 32.5926 32.5256 32.4817 32.4753 33.4964 38.2301 39.8139 39.7254 39.7978 39.7731 39.8315 39.3404 39.0510 39.0335 39.3013 39.5130 39.7674 39.6535 39.5932 39.1981 39.2658 31.2696 31.2474 31.0400 30.8864 30.8164 30.8170 30.7255 30.6545 30.6099 30.6288 30.6778 30.6963 30.6501 30.6775 30.6794 30.6907 30.7440 30.7728 30.9439 31.0449 31.0168 30.9342 30.8974 34.4354 31.8480 30.9643 31.0200 31.0866 31.1284 31.1695 31.1787
33.4180 33.4011 33.3906 33.3182 33.2141 32.9617 32.8310 33.1387 40.2781 39.8223 39.8046 32.8158 32.9891 32.9698 32.7818 32.6303 32.3919 32.2341 32.0198 36.2164 39.5419 39.6521 39.6823 39.6056 37.7043 36.1927 38.7607 33.5271 33.6676 31.8494 39.6488 39.7047 39.4245 39.4736 39.2222 33.3270 31.2443 31.1302 31.0262 30.9154 30.8192 30.8050 30.7056 30.6997 30.6806 30.6958 30.7069 30.6794 30.6336 30.6477 30.6702 30.6830 30.7174 30.7827 30.9657 31.1167 32.5285 33.9147 33.8598 34.5940 30.9167 30.9587 31.0312 31.1055 31.1532 31.2431 31.2574
33.3898 33.4067 33.4876 33.4966 33.4338 33.3392 37.5051 38.7226 40.1282 33.6956 33.7000 33.0320 33.0820 32.9951 32.7221 32.3828 31.9602 31.6596 32.6355 39.4312 39.2831 39.4092 39.5285 33.2498 31.6304 31.6289 34.9047 35.4780 35.4881 39.1161 38.5570 36.9691 39.4217 36.9485 36.9878 31.6487 31.3033 31.0903 30.9336 30.8364 30.8439 30.8655 30.8488 30.7909 30.7648 30.8222 30.7623 30.6872 30.6674 30.6674 32.8160 34.2849 34.3313 35.6670 32.5187 39.0457 37.7486 33.1831 33.0959 31.0142 30.9362 30.9846 31.0509 31.1370 31.1865 31.2626 31.2995
33.7156 33.6446 33.6769 33.5595 33.5456 35.8855 39.4864 35.8524 34.2514 32.9901 32.9609 33.0702 32.9826 32.7482 35.7923 34.9439 34.5181 32.4717 38.8588 39.4671 37.4643 32.6593 32.7516 31.5178 31.4499 31.4101 31.2220 33.2541 33.3872 31.7522 31.5340 34.5615 35.3943 31.5395 31.4961 31.5179 31.3058 31.0891 31.0086 30.9148 30.9949 31.0003 30.9751 30.9105 30.9507 30.9941 30.8666 30.7404 30.7296 32.5923 38.4595 38.3576 38.3992 37.3133 38.4621 37.8928 31.2111 31.2233 31.0976 31.1112 31.0061 31.0423 31.1251 31.1958 31.2515 31.3064 31.3145
