regresion/MAYO_2003/MODIS/Composicion (B12).txt
ncols         167
nrows         127
xllcorner     -112.012
yllcorner     26.720
cellsize      0.00898
[rows 58 to 86 of 127, columns 0 to 66 of 167]
42.1464 42.0911 41.9537 41.8410 41.7563 41.6523 41.7253 41.7601 41.6405 41.4501 41.3917 41.3442 41.3552 41.4871 40.7673 41.4789 41.5209 37.1196 34.1684 34.6052 33.7629 33.7351 33.5944 33.5381 33.1897 32.9951 32.8945 32.8695 32.7957 32.7625 32.7538 32.6993 32.6530 32.6396 32.5261 32.5170 32.5658 32.5602 32.5045 32.4389 32.3404 32.3719 32.3396 32.4358 32.5063 32.6024 32.5361 32.3866 32.0828 32.1088 32.0996 32.0742 32.0065 31.9522 31.7576 31.6109 31.6454 31.5165 31.4295 31.4286 31.3868 31.3454 31.3664 31.3788 31.3932 31.4076 31.4097
42.2095 42.1410 42.1052 42.0889 42.0568 41.9660 42.0470 41.9789 41.8667 41.6453 41.6308 41.5984 41.6299 41.7084 33.6172 39.6178 39.5781 33.4208 33.4622 33.4976 33.6131 33.5116 33.5157 33.4759 33.2636 33.0143 32.9687 32.9079 32.8515 32.8447 32.8585 32.7979 32.7589 32.7496 32.6682 32.6386 32.6216 32.5436 32.4273 32.3358 32.4044 32.4176 32.5246 32.5547 32.5923 32.6080 32.4560 32.1519 32.1519 32.1569 32.2143 32.0624 31.7081 31.5142 31.2924 31.2693 31.3117 31.3019 31.3465 31.5012 31.5041 31.4214 31.4209 31.4035 31.4240 31.3703 31.4047
42.3204 42.2970 42.2537 42.2604 42.1701 42.1961 42.3179 42.1772 42.0437 41.9205 41.8872 39.6757 36.5182 35.0076 33.6658 33.6171 33.5902 33.5858 33.5570 33.5396 33.6142 33.6236 33.5758 33.5244 33.3130 33.0337 32.9576 32.8759 32.8527 32.8235 32.8490 32.8379 32.8650 32.8236 32.7763 32.7288 32.6197 32.5242 32.5367 32.5535 32.5889 32.6236 32.6229 32.6137 32.6174 32.4579 32.1398 31.9392 31.9346 31.9715 31.9138 31.6210 31.5629 31.3685 31.3442 31.3961 31.4122 31.3131 31.3170 31.4183 31.2824 31.3240 31.3151 31.2756 31.3082 31.3224 31.3732
42.3823 42.3573 42.3940 42.3681 42.3096 42.3017 42.3772 42.2023 42.0768 41.9630 41.9341 39.7247 36.5986 35.1173 33.7851 33.7089 33.6635 33.6896 33.7382 33.7023 33.6572 33.6395 33.6406 33.5931 33.5591 33.3568 33.1484 33.0636 32.9385 32.8751 32.8368 32.7474 32.7184 32.7451 32.6870 32.6240 32.5838 32.6451 32.7295 32.6618 32.5667 32.6170 32.5954 32.5013 32.3615 32.2009 31.9426 31.8256 31.7736 31.7951 31.6559 31.4312 31.4074 31.3107 31.2903 31.4544 31.4790 31.3358 31.3151 31.3671 31.3090 31.3008 31.2181 31.1656 31.1993 31.2634 31.3125
42.5277 42.5134 42.5783 42.5082 42.4192 40.4303 36.6683 39.6216 41.5902 39.9459 39.8781 34.0773 33.9893 33.9012 33.8351 33.8018 33.7891 33.7750 33.8012 33.7439 33.7232 33.7026 33.7602 33.7359 33.7594 33.6449 33.3703 33.1956 33.0498 32.9200 32.8423 32.7467 32.7354 32.7124 32.6335 32.5842 32.5270 32.5045 32.4495 32.3623 32.3044 32.4058 32.5400 32.4787 32.3410 32.2489 32.0355 31.8188 31.6775 31.6968 31.4667 31.2306 31.1586 31.1123 31.2342 31.3139 31.3077 31.2976 31.3580 31.4276 31.3494 31.2624 31.1895 31.2545 31.3029 31.3444 31.3855
39.4589 39.4663 41.5609 39.9780 39.9255 34.7855 34.4808 35.2042 34.4028 34.3345 34.2652 34.2220 34.1185 34.0486 33.9525 33.9450 33.9142 33.8988 33.8662 33.8397 33.8514 33.8627 33.9015 33.8711 33.8641 33.8308 33.5184 33.2990 33.0247 32.8933 32.8247 32.7771 32.7632 32.7490 32.7198 32.6881 32.5932 32.4806 32.4459 32.4719 32.4841 32.5340 32.4650 32.3017 32.1254 31.9086 31.6583 31.5569 31.5609 31.6084 31.4543 31.2184 31.1402 31.0903 31.1254 31.2192 31.2168 31.2744 31.3959 31.4702 31.3962 31.2863 31.2090 31.2666 31.3227 31.4247 31.4806
35.0166 35.0319 34.8291 34.7894 34.7474 34.6772 34.6231 34.5857 34.5231 34.4423 34.3506 34.2989 34.1906 34.0880 34.0485 34.0448 34.0138 33.9759 33.9696 33.9504 33.9597 33.9095 33.8839 33.8459 33.7869 33.8159 33.6317 33.3252 33.1049 33.0380 32.9901 32.9316 32.8686 32.8758 32.8243 32.7550 34.3888 32.6028 32.6534 32.6011 32.5031 32.5307 32.4164 32.2794 32.0148 31.7483 31.7057 31.4455 31.3472 31.3545 31.3720 31.1974 31.1469 31.1383 31.1644 31.2227 31.2304 31.3002 31.2928 31.3700 31.3226 31.2289 31.2092 31.2904 31.3520 31.4537 31.5139
34.7688 34.7600 34.8551 34.8276 34.7983 34.7011 34.6661 34.6739 34.5773 34.4752 34.4051 34.3676 34.2531 34.1493 34.1085 34.0975 34.0430 34.0107 34.0031 34.0055 34.0097 33.9449 33.8965 33.8362 33.7716 33.7663 33.6930 33.4276 33.2304 33.1779 33.0218 32.9923 32.9822 32.9745 32.8856 32.8521 36.1305 40.2434 33.6147 32.6506 32.5928 32.5762 32.4387 32.3006 32.0367 31.7776 31.6840 31.4246 31.4038 31.3837 31.4602 31.3429 31.3282 31.1641 31.0553 31.0828 31.1371 31.1848 31.1772 31.2091 31.2227 31.2364 31.2893 31.3947 31.4459 31.5425 31.6102
34.6511 34.5971 34.6230 34.6479 34.6608 34.6386 34.6158 34.6093 34.5345 34.4580 34.4284 34.3590 34.2966 34.2559 34.2384 34.2128 34.1646 34.1403 34.1293 34.1047 34.0587 34.0006 33.9440 33.8704 33.8682 33.8816 33.8425 33.6651 33.4637 33.3613 33.2477 33.1764 33.0857 33.0245 32.9470 35.0257 39.9579 38.3275 36.9193 32.7685 32.6834 32.6728 32.4994 32.3039 32.0509 31.8628 31.6583 31.4960 31.4018 31.3896 31.5691 31.4081 31.1802 31.0857 31.1027 31.1307 31.1068 31.0928 31.0765 31.0992 31.1172 31.2288 31.2979 31.4171 31.4622 31.5220 31.6128
34.6694 34.5983 34.5834 34.5379 34.5185 34.4950 34.4691 34.4404 34.4062 34.4246 34.4406 34.3762 34.3696 34.3483 34.3260 34.3003 34.2701 34.2540 34.2568 34.1947 34.1363 34.1012 34.0250 33.9613 33.9377 33.9442 33.9094 33.7897 33.6250 33.5685 33.5115 33.4029 33.2997 33.2445 33.1709 33.7427 33.1283 33.0534 32.9513 32.7641 32.6973 32.7022 32.5797 32.5001 32.3104 32.0294 31.6816 31.5640 31.5675 31.5348 31.5917 31.4947 31.4072 31.4523 31.3416 31.2730 31.2488 31.2039 31.2522 31.3463 31.4564 31.5928 31.4623 31.4462 31.4934 31.4944 31.4895
34.7521 34.6933 34.6888 34.6313 34.5654 34.5223 34.4800 34.4861 34.4829 34.4333 34.4141 34.3262 34.2680 34.2277 34.2028 34.1882 34.2255 34.2106 34.2898 34.2639 34.2032 34.1877 34.1437 34.0973 34.0071 34.0200 34.0201 33.9815 33.8622 33.8096 33.7239 33.6031 33.4329 33.3535 33.2632 33.2971 33.2647 33.2248 33.1463 32.9885 32.8523 32.8333 32.7609 32.6730 32.4910 32.2721 31.9659 31.8765 31.9899 31.9686 32.0771 31.8621 31.6687 31.6184 31.6556 31.5079 31.4939 31.4259 31.4739 31.5373 31.5072 31.5028 31.5811 31.6555 31.7038 31.6464 31.6221
34.9360 34.8537 34.8136 34.7142 34.6062 34.5118 34.4485 34.4306 34.4370 34.4649 34.4689 34.4755 34.3638 34.2848 34.2399 34.2201 34.2158 34.2050 34.2197 34.1984 34.1775 34.1921 34.1981 34.1301 34.1091 34.1542 34.1215 34.0944 34.0441 33.9857 33.8715 33.7443 33.6444 33.5896 33.5183 33.4686 33.4215 33.3619 33.2859 33.1779 33.0410 33.0224 32.9350 32.8700 32.7066 32.4186 32.4015 32.5199 32.5745 32.6456 32.4033 32.1575 31.9561 31.7512 31.6856 31.6546 31.6275 31.6165 31.6586 31.6920 31.6246 31.6414 31.6735 31.6818 31.7200 31.6377 31.6088
35.0749 34.9225 34.8388 34.6785 34.5663 34.5018 34.4299 34.3914 34.3464 34.4072 34.4832 34.4487 34.4905 34.4425 34.3938 34.3945 34.3061 34.3028 34.3034 34.3538 34.2746 34.2032 34.1170 34.0688 33.9904 33.9802 34.0366 34.0970 34.1561 34.0926 34.0499 33.8863 33.8000 33.7679 33.6456 33.5703 33.5314 33.4922 33.4504 33.3035 33.2010 33.1747 33.0928 33.0344 32.8886 32.7106 32.6473 32.6494 32.6122 32.6019 32.3562 32.1374 31.9716 31.8573 31.7591 31.8943 31.8591 31.8991 31.8947 31.8529 31.7583 31.6603 31.6267 31.6310 31.6651 31.6247 31.6215
35.3979 35.0276 34.8474 34.7391 34.6138 34.5199 34.4767 34.4800 34.4650 34.5108 34.5301 34.4984 34.4330 34.4135 34.3829 34.4238 34.3990 34.3947 34.3848 34.3731 34.3846 34.3444 34.3102 34.2734 34.1820 34.1722 34.1539 34.1523 34.1697 34.1027 34.0186 33.8821 33.7885 33.8057 33.7489 33.6669 33.6587 33.6257 33.6024 33.4398 33.3343 33.3120 33.1723 33.0777 32.9466 32.8878 32.7884 32.7172 32.6236 32.6654 32.5758 32.4245 32.3464 32.3181 32.2439 32.1278 32.1292 32.0995 32.0477 32.0673 31.8663 31.8627 31.9458 31.9180 31.9327 31.9065 31.9111
35.9738 35.2289 35.0201 34.8495 34.6675 34.6002 34.5781 34.5455 34.5199 34.5132 34.5282 34.5291 34.5683 34.5965 34.5520 34.4560 34.4918 34.4665 34.4880 34.4830 34.4909 34.4984 34.4979 34.4724 34.3669 34.3346 34.2944 34.2600 34.2537 34.1838 34.1234 34.0343 33.9092 33.8681 33.7425 33.6647 33.5552 33.5122 33.4861 33.2896 33.1399 33.1374 33.1676 33.1807 33.1945 33.1609 33.1625 33.0047 32.9036 32.9037 32.8745 32.7621 32.6950 32.5641 32.4043 32.3795 32.3578 32.3296 32.1797 32.1370 31.9479 32.0197 32.2375 32.2292 32.2462 32.1827 32.1419
36.3208 35.5192 35.2176 35.0639 34.8894 34.7520 34.6903 34.6209 34.5829 34.5434 34.5631 34.5157 34.4887 34.5057 34.4966 34.5139 34.4940 34.5374 34.5240 34.5481 34.5431 34.4785 34.4917 34.4688 34.4391 34.4388 34.3966 34.3514 34.3163 34.2814 34.2182 34.1196 33.9788 33.9241 33.8221 33.7816 33.6416 33.5204 33.4647 33.3654 33.4375 33.3705 33.3618 33.3372 33.2591 33.1736 33.0762 32.9888 32.8271 32.8081 32.7951 32.7611 32.7279 32.5546 32.3597 32.2755 32.2850 32.2585 32.1546 31.9660 31.9385 32.0670 32.1384 32.1232 32.1251 32.0480 31.9454
36.3310 35.6125 35.4046 35.2605 35.0557 34.8559 34.7875 34.6756 34.6072 34.5446 34.5338 34.4932 34.4526 34.4531 34.4397 34.4293 34.4299 34.4822 34.5171 34.5241 34.5302 34.5470 34.4491 34.4187 34.3756 34.4499 34.3393 34.2898 34.3575 34.3551 34.2877 34.1702 34.0718 34.0151 33.9462 33.8851 33.6872 33.5785 33.6093 33.5216 33.4663 33.4433 33.3739 33.2715 33.0904 32.9537 32.9057 32.7000 32.5361 32.5409 32.5134 32.5446 32.5751 32.4363 32.2612 32.1341 32.1499 32.1544 32.0648 31.9618 32.0307 32.1096 31.9987 31.9198 31.9251 31.8084 31.7542
36.2985 35.5346 35.4019 35.2800 35.1441 34.9598 34.8833 34.7601 34.6745 34.6276 34.6004 34.5572 34.5089 34.4967 34.4581 34.4291 34.3935 34.4020 34.4201 34.4036 34.3734 34.3614 34.3494 34.3555 34.4110 34.4295 34.4699 34.4540 34.4149 34.4000 34.2050 34.1542 33.9812 33.8570 33.6955 33.6518 33.6087 33.5705 33.5910 33.4462 33.3874 33.3765 33.2937 33.1375 33.0398 32.9454 32.8874 32.7706 32.5948 32.6198 32.6241 32.6118 32.5117 32.3343 32.2282 32.1280 32.1696 32.1901 32.2436 32.0983 32.0977 32.0116 31.7927 31.8168 31.8330 31.7890 31.7928
35.6664 35.3178 35.2341 35.1444 35.0402 34.9616 34.8900 34.8047 34.7396 34.6977 34.6768 34.6311 34.5638 34.5154 34.4712 34.4307 34.3781 34.3762 34.3914 34.3900 34.3975 34.3553 34.3229 34.2984 34.3185 34.3787 34.3759 34.3321 34.3044 34.2320 34.1263 33.9898 33.8596 33.7739 33.6311 33.5490 33.3538 33.2994 33.1933 33.1840 33.1426 33.0878 32.9359 33.0204 33.1326 33.1220 33.0405 32.8965 32.8626 32.8209 32.7321 32.6181 32.5375 32.4488 32.3923 32.3700 32.3670 32.2833 32.0649 31.8329 31.7583 31.6990 31.7883 31.8433 31.8600 31.7800 31.7477
35.4823 35.2394 35.1561 35.0241 34.8527 34.6867 34.6315 34.5785 34.6068 34.6651 34.7138 34.7052 34.6858 34.5885 34.5405 34.4802 34.4205 34.4136 34.4668 34.4880 34.4826 34.4101 34.3590 34.3270 34.3036 34.2924 34.2504 34.1601 34.0744 33.9665 33.8674 33.7525 33.7424 33.7297 33.6271 33.4726 33.4380 33.2988 33.1803 33.1077 33.1609 33.2001 33.0905 33.0402 33.0173 32.9845 32.9487 32.8714 32.7139 32.6711 32.4696 32.4437 32.5009 32.3963 32.2602 32.1091 32.0909 31.9730 31.8346 31.6969 31.6335 31.6357 31.5632 31.4714 31.5098 31.4329 31.4832
35.4503 35.2699 35.2160 35.0826 34.9518 34.8517 34.7773 34.7085 34.6405 34.5508 34.5586 34.5573 34.5560 34.4933 34.4832 34.5066 34.5316 34.5315 34.5595 34.5399 34.5405 34.4715 34.3904 34.3710 34.2767 34.2282 34.1555 34.0118 33.9139 33.8697 33.7990 33.6923 33.6669 33.6364 33.5659 33.4422 33.3766 33.3051 33.2207 33.2481 33.1497 33.2533 33.2091 33.0543 32.8893 32.7977 32.7475 32.6587 32.5209 32.5291 32.3826 32.3305 32.2323 32.1501 32.0440 31.9526 31.9290 31.9241 31.8164 31.6539 31.6012 31.4191 31.3691 31.2883 31.3222 31.2978 31.3385
38.7173 39.9181 38.0480 37.8614 35.0321 34.9467 34.8038 34.7365 34.6664 34.5317 34.5291 34.5389 34.5114 34.4575 34.5148 34.4905 34.4481 34.4193 34.4130 34.4074 34.3882 34.3792 34.3666 34.2970 34.2742 34.2097 34.0987 33.9761 33.9536 33.8436 33.7824 33.7048 33.6732 33.6635 33.5984 33.4982 33.4285 33.3295 33.2569 33.1609 33.1030 33.1178 33.0713 33.0530 32.9383 32.8479 32.7716 32.4788 32.4354 32.4202 32.3262 32.2281 32.1270 32.0405 31.9199 31.7755 31.7571 31.6605 31.5270 31.4559 31.3639 31.1783 31.0837 30.9881 31.0173 31.0181 31.1099
37.6494 38.8199 38.5131 37.3953 41.8242 36.3626 37.7596 34.7352 34.6177 34.5273 34.5214 34.5169 34.5289 34.5198 34.5296 34.5421 34.4856 34.4524 34.4497 34.4065 34.3528 34.3203 34.2643 34.1899 34.1340 34.0705 33.9816 33.9768 33.9449 33.8404 33.8077 33.7571 33.7430 33.7377 33.6253 33.5722 33.5556 33.4704 33.3736 33.2670 33.1846 33.1935 33.1443 33.0309 32.8188 32.7044 32.7223 32.6595 32.6082 32.6703 32.5633 32.3097 32.2348 32.0728 31.8534 31.5168 31.4716 31.3598 31.4421 31.4486 31.3152 31.0834 31.0594 31.0076 31.0339 30.8793 30.9682
38.1248 37.7745 37.9981 37.6136 43.1892 42.0380 39.2793 34.8407 34.8050 34.7127 34.6702 34.6422 34.6284 34.5897 34.5458 34.5161 34.4705 34.4429 34.4320 34.3629 34.3441 34.3649 34.3077 34.2868 34.2132 34.1245 34.0202 33.9353 33.8763 33.7950 33.7610 33.7354 33.7361 33.7940 33.6858 33.6694 33.6351 33.5839 33.5009 33.3508 33.2662 33.2482 33.1567 32.9288 32.7584 32.8432 32.8267 32.6682 32.5276 32.5271 32.3507 32.2042 32.1447 32.0994 31.9704 31.9206 31.8374 31.7606 31.6908 31.5850 31.3910 31.2577 31.0357 30.9799 31.0111 31.0043 31.0361
28.6220 32.9656 32.4644 35.3864 36.3233 35.7679 35.3224 34.5743 35.3923 35.1491 34.9195 34.7360 34.6580 34.5889 34.5035 34.4548 34.4247 34.4094 34.4051 34.4062 34.3973 34.3862 34.3650 34.3609 34.2809 34.2320 34.1667 34.0324 33.9809 33.9384 33.9053 33.8451 33.7656 33.7714 33.6788 33.6298 33.5747 33.5197 33.4753 33.3819 33.2652 33.2602 33.0577 32.9276 32.9686 32.9263 32.7417 32.5207 32.4113 32.3922 32.3327 32.2973 32.2513 32.1763 32.1095 31.9396 31.9183 31.8351 31.7844 31.7155 31.6141 31.4563 31.2618 31.1776 31.2121 31.1480 31.1397
7.5464 15.8224 24.0790 30.9754 31.2002 32.6331 32.3720 36.2749 35.4926 35.0103 34.8378 34.7735 34.7014 34.6725 34.5982 34.4888 34.4528 34.4442 34.4747 34.4941 34.4461 34.3988 34.3428 34.3420 34.2751 34.2219 34.1099 33.9998 34.0264 34.0489 33.9877 33.8794 33.7948 33.7754 33.6483 33.5924 33.5715 33.4771 33.3779 33.2379 33.0491 33.0279 32.9804 33.0458 33.0261 32.9180 32.7571 32.6590 32.4837 32.4674 32.4530 32.4561 32.3942 32.3360 32.2519 32.1463 32.0923 32.0520 32.0023 31.8963 31.6988 31.5376 31.3780 31.3028 31.3323 31.2114 31.0719
-1.0000 1.5835 7.7584 25.3669 34.0983 35.2399 36.7122 36.4784 36.2953 35.7955 35.3089 35.0870 34.8974 34.7882 34.7051 34.6496 34.6053 34.5652 34.5497 34.5842 34.5362 34.4095 34.3902 34.3059 34.2231 34.1689 34.0269 33.9647 33.9503 33.9597 33.9023 33.8347 33.7500 33.7558 33.6816 33.6644 33.6121 33.5049 33.4110 33.2357 33.1392 33.1163 33.1533 33.0927 32.9885 32.8552 32.7593 32.6945 32.6118 32.6470 32.6100 32.5998 32.5535 32.5695 32.4648 32.3791 32.3388 32.1935 32.1237 31.9768 31.8389 31.6610 31.5649 31.5056 31.5309 31.3144 31.1471
-1.0000 -1.0000 1.8759 13.5153 19.6626 27.5168 34.5074 39.3607 40.5721 37.8022 36.1594 35.7021 35.3645 34.9859 34.8283 34.7403 34.6884 34.6232 34.6082 34.5849 34.5299 34.4173 34.3302 34.2255 34.1555 34.1574 34.0071 33.9174 33.9164 33.8992 33.8691 33.8225 33.7541 33.7374 33.6846 33.6670 33.6149 33.4991 33.3975 33.3374 33.2414 33.2054 33.1949 33.1508 33.0659 32.9398 32.8180 32.7940 32.7384 32.7418 32.7173 32.6664 32.6349 32.5842 32.5384 32.4717 32.4398 32.3728 32.2346 32.1390 32.0826 31.9232 31.7129 31.6642 31.6881 31.6359 31.4062
-1.0000 -1.0000 -0.8255 -1.0000 0.5715 8.7259 10.7361 21.8997 35.2682 39.7285 37.7667 36.3965 35.7985 35.1601 34.8970 34.8011 34.7309 34.7143 34.7046 34.6378 34.5550 34.4605 34.3251 34.2346 34.1559 34.1438 34.0695 33.9932 33.8874 33.8961 33.8406 33.8182 33.7573 33.7150 33.6487 33.6158 33.5673 33.4666 33.3542 33.2984 33.2469 33.2366 33.2266 33.1771 33.0762 33.0046 32.9151 32.8482 32.8033 32.8056 32.7909 32.7737 32.7601 32.6594 32.5800 32.4501 32.4543 32.3486 32.2842 32.1711 32.1080 32.0441 32.0323 31.9513 31.9734 31.9006 31.7523
