regresion/MAYO_2003/MODIS/Composicion (B12).txt
ncols         167
nrows         127
xllcorner     -112.012
yllcorner     26.720
cellsize      0.00898
[rows 87 to 115 of 127, columns 0 to 66 of 167]
-1.0000 -1.0000 -1.0000 -1.0000 -1.0000 -1.0000 0.8684 10.7367 27.3452 39.7887 39.6599 37.1816 36.4829 35.5728 35.1289 34.9451 34.8458 34.7964 34.7586 34.6740 34.5670 34.3998 34.2986 34.1998 34.1227 34.1041 34.0654 33.9992 33.9504 33.9248 33.8576 33.7736 33.7397 33.6878 33.6345 33.6025 33.5841 33.4200 33.3095 33.2451 33.2341 33.2217 33.1940 33.1552 33.0892 33.0404 32.9983 32.9343 32.8682 32.8969 32.9099 32.8389 32.7866 32.7332 32.6308 32.5356 32.5255 32.3868 32.3505 32.2422 32.1490 32.0691 31.9915 31.9652 31.9830 31.9786 31.9099
-1.0000 -1.0000 -1.0000 -1.0000 -1.0000 -0.7963 4.7937 13.8653 29.0464 43.4081 39.4552 37.8152 37.0218 36.0490 35.6388 35.2369 34.8412 34.7293 34.6722 34.6119 34.4599 34.3867 34.2574 34.1618 34.0891 34.0203 34.0089 33.9746 33.9340 33.8653 33.7865 33.7270 33.6693 33.6296 33.5685 33.5573 33.5258 33.4263 33.3296 33.2976 33.2483 33.2402 33.2161 33.1610 33.1180 33.0442 33.0410 32.9964 32.9421 32.9703 32.8905 32.8253 32.8086 32.7626 32.6947 32.6321 32.6152 32.4712 32.3987 32.3044 32.2524 32.1621 32.1146 32.0774 32.0825 32.0294 31.8616
-1.0000 -1.0000 -1.0000 -1.0000 0.3816 15.5071 24.0672 26.8203 25.9505 36.1576 38.4106 39.6634 39.8849 37.6937 36.8306 35.7044 34.9080 34.6788 34.6347 34.5738 34.4908 34.3921 34.2449 34.1607 34.0043 33.9090 33.8457 33.8241 33.8036 33.7910 33.7387 33.6545 33.6199 33.5737 33.5436 33.5246 33.4825 33.3809 33.3032 33.2572 33.2538 33.2421 33.2144 33.1854 33.1532 33.0712 33.0453 33.0209 32.9723 32.9813 32.9302 32.8478 32.8215 32.7685 32.7315 32.6714 32.6443 32.4855 32.4110 32.3449 32.3163 32.1984 32.1184 32.0866 32.0865 31.9793 31.9150
-1.0000 -1.0000 -1.0000 4.3867 15.3967 26.6337 25.3411 24.6426 28.5257 33.0507 38.3124 39.3329 36.5272 40.0659 39.4399 36.0847 35.1167 34.7308 34.5743 34.4604 34.3521 34.2144 34.0749 33.9926 33.8516 33.8139 33.7914 33.7595 33.7318 33.6997 33.6404 33.5583 33.5095 33.4990 33.4974 33.4775 33.4313 33.3465 33.3103 33.2645 33.2452 33.2607 33.2023 33.1767 33.1273 33.0608 33.0435 33.0076 33.0002 33.0000 32.9684 32.8972 32.8595 32.7711 32.6999 32.5977 32.5610 32.4211 32.3672 32.3217 32.2946 32.2472 32.1718 32.1194 32.1185 32.0513 31.9670
-1.0000 -1.0000 -0.7514 13.8553 31.1225 30.8910 28.6862 30.5233 26.7402 28.4693 36.2096 37.3109 35.2698 34.4072 35.9380 35.5655 35.0077 34.7310 34.5640 34.4437 34.3375 34.2205 34.0486 33.9498 33.8309 33.7573 33.6462 33.6138 33.6082 33.5843 33.5353 33.4721 33.4407 33.4503 33.4547 33.4245 33.4282 33.4121 33.3797 33.3225 33.3046 33.3180 33.2237 33.1779 33.1177 33.0512 33.0145 32.9615 32.9619 32.9636 32.9256 32.8908 32.8598 32.7643 32.7045 32.5863 32.5590 32.4474 32.4008 32.3383 32.3199 32.2867 32.2073 32.1387 32.1413 32.0582 31.9320
-1.0000 0.5796 7.8654 25.2281 30.2235 30.9178 31.5408 33.2921 35.0304 32.4879 31.0959 29.2472 28.0340 34.9594 32.6603 35.6956 35.1056 34.7242 34.5499 34.4355 34.3382 34.2585 34.1096 34.0303 33.8835 33.7714 33.6507 33.6163 33.5589 33.5241 33.4491 33.3910 33.3161 33.3032 33.3305 33.3107 33.3503 33.3684 33.3452 33.3065 33.2678 33.2877 33.1460 33.1186 33.0708 33.0248 33.0035 32.9964 33.0035 33.0008 32.9658 32.9130 32.8753 32.7907 32.7324 32.6391 32.6143 32.5154 32.4577 32.4088 32.3920 32.3354 32.2518 32.1565 32.1612 32.1058 32.0083
2.5519 3.4344 17.2095 27.3464 28.7805 34.4131 34.0058 37.4757 37.6813 35.7125 31.3899 28.2932 30.2571 32.1209 35.6917 35.2198 34.8828 34.6127 34.5500 34.4369 34.3280 34.2352 34.0710 34.0290 33.9163 33.8345 33.6939 33.6167 33.5916 33.5457 33.4635 33.3663 33.2882 33.2602 33.2183 33.1926 33.1831 33.1646 33.1450 33.1207 33.1161 33.1705 33.1382 33.1576 33.1208 33.0735 33.0751 33.0834 33.0628 33.0497 32.9912 32.9423 32.8845 32.8067 32.7167 32.6539 32.6427 32.5606 32.5033 32.4864 32.4722 32.4188 32.3164 32.1930 32.2103 32.1417 32.0220
12.3530 16.6468 24.5870 32.0430 30.1200 33.6934 33.3469 34.9632 36.6917 36.5274 35.4291 35.2691 33.9533 35.9370 35.4657 35.1272 34.8097 34.6405 34.5590 34.4446 34.3505 34.2224 34.1046 33.9944 33.8623 33.8135 33.7059 33.6226 33.5530 33.4988 33.4174 33.3557 33.2710 33.2403 33.2302 33.2084 33.1904 33.1557 33.1226 33.0783 33.0736 33.1072 33.0562 33.0610 33.0113 32.9994 32.9892 33.0200 33.0379 33.0522 32.9952 32.9114 32.8619 32.8186 32.7260 32.6362 32.6472 32.5945 32.5495 32.5268 32.5013 32.4578 32.3670 32.2904 32.2954 32.2113 32.7551
11.7897 24.2649 31.9620 33.7239 30.5945 30.2013 29.9145 35.6981 36.1589 35.9134 35.7922 35.7129 35.5668 35.4035 35.1634 34.9363 34.7301 34.5877 34.5341 34.4272 34.2949 34.1668 34.0327 33.9627 33.8768 33.8012 33.7068 33.6199 33.5518 33.4746 33.4093 33.3664 33.2931 33.2589 33.2415 33.2166 33.2153 33.2139 33.1568 33.1175 33.0804 33.1192 33.1112 33.0693 33.0580 33.0185 32.9812 32.9539 32.8971 32.8861 32.7947 32.7504 32.7250 32.7188 32.6629 32.6055 32.5876 32.5799 32.5501 32.5160 32.5216 32.4988 32.4221 32.3362 32.3434 32.2750 32.2298
12.9807 25.9383 26.8283 32.4093 30.1214 31.5922 31.3262 36.2164 35.7936 35.6059 35.5237 35.4719 35.3138 35.1706 34.9688 34.7582 34.6070 34.4553 34.4486 34.3816 34.2992 34.1967 34.0802 34.0162 33.8998 33.8188 33.7306 33.6418 33.5600 33.4985 33.3960 33.3566 33.2767 33.2828 33.2812 33.2510 33.2499 33.1967 34.1976 33.1350 33.0859 33.0959 33.0759 33.0500 33.0057 32.9509 32.8951 32.8650 32.8411 32.8451 32.8067 32.7512 32.7319 32.6985 32.6057 32.5171 32.5001 32.4703 32.4115 32.4450 32.4789 32.4924 32.4107 32.3287 32.3359 32.2565 35.6528
17.1026 24.7394 25.8016 31.5006 29.7521 33.2278 32.9193 35.9101 35.5323 35.3809 35.2966 35.2521 35.1688 35.0323 34.8704 34.6328 34.5366 34.3990 34.4117 34.3505 34.2618 34.1510 34.0737 34.0281 33.9206 33.8079 33.6649 33.5593 33.4976 33.4495 33.3896 33.3465 33.3111 33.2933 33.2852 33.2774 33.1887 33.1122 39.0617 38.0176 33.0119 33.0297 33.0026 33.0277 32.9748 32.9151 32.8785 32.8160 32.7686 32.7853 32.7827 32.7760 32.7564 32.7171 32.5888 32.5066 32.5049 32.4626 32.4116 32.4045 32.3923 32.3541 32.3064 32.2468 32.2494 32.2071 40.1678
19.6126 27.1540 32.4763 30.9528 29.8176 35.1627 34.8684 35.9087 35.4735 35.2209 35.1469 35.0948 35.0536 35.0092 34.9563 34.7525 34.5267 34.4515 34.3809 34.2969 34.2336 34.0950 34.0298 33.9789 33.8930 33.8218 33.6786 33.5254 33.4217 33.3593 33.2870 33.2438 33.2132 33.2174 33.1975 33.1764 33.1181 33.0296 33.0465 36.0681 39.9071 35.4810 35.5085 32.9561 32.9257 32.8523 32.8182 32.7555 32.7326 32.7826 32.7825 32.7581 32.6930 32.6545 32.5656 32.5237 32.5299 32.4849 32.4352 32.4062 32.3948 32.3811 32.3045 32.2035 32.2036 32.1445 32.5884
20.5452 22.9834 31.2096 31.9906 32.4844 36.5225 36.2859 35.8885 35.5577 35.2876 35.1479 35.0833 34.9807 34.8888 34.7916 34.6887 34.5920 34.4940 34.4002 34.2943 34.1683 34.0049 33.9034 33.8546 33.7967 33.7242 33.5885 33.4407 33.3001 33.2449 33.1485 33.0855 33.0694 33.0998 33.0776 33.0636 32.9863 32.9666 32.9817 34.7491 40.5439 39.2316 36.7370 37.1710 32.8840 32.8308 32.7948 32.7567 32.7601 32.7864 32.7391 32.6984 32.6438 32.6100 32.5785 32.5348 32.5327 32.4860 32.4303 32.3956 32.3836 32.3510 32.2391 32.1254 32.1198 32.0747 32.0171
24.8746 25.6176 26.5329 28.3646 34.9351 37.1146 36.3350 35.9335 35.6484 35.4570 35.3235 35.2537 35.0854 34.9692 34.8252 34.7082 34.5804 34.5091 34.3529 34.1745 34.0044 33.8374 33.7094 33.6318 33.5906 33.5632 33.5155 33.3990 33.2364 33.1585 33.0267 32.9425 32.8853 32.8946 32.8847 32.8664 32.7406 32.7575 32.8189 33.3080 33.0237 37.4310 38.1921 39.9227 37.9864 35.7913 32.7924 34.3335 33.8075 32.7930 32.7530 32.6700 32.6146 32.5574 32.5061 32.4762 32.4547 32.4016 32.3345 32.3339 32.3441 32.3003 32.1846 32.1176 32.1113 32.0863 32.0404
27.6859 24.0407 22.9538 32.1395 34.0504 38.2727 37.2676 36.4419 35.8683 35.5934 35.4507 35.3427 35.1662 35.0157 34.8674 34.7302 34.5911 34.5248 34.3186 34.0814 33.9415 33.7373 33.5424 33.4271 33.3523 33.3426 33.3432 33.2402 33.1058 33.0307 32.7626 32.7561 32.7892 32.7258 32.6629 32.6498 32.4400 32.4253 32.5529 32.7480 32.7203 32.7868 33.5980 36.5547 34.9762 34.7470 39.7479 38.2808 32.7351 32.7428 32.6856 32.6019 32.5715 32.5351 32.5093 32.4423 32.3808 32.3798 32.3470 32.3682 32.3370 32.2872 32.2217 32.1568 32.1517 32.1096 35.2175
29.1382 27.2241 30.5464 24.1935 29.5958 34.1048 36.1169 36.9694 36.0964 35.7127 35.6085 35.4482 35.3019 35.1191 34.9695 34.7802 34.6052 34.5507 34.3809 34.1038 33.9271 33.7319 33.5090 33.4164 33.1441 33.1163 33.1667 33.0992 32.9684 32.9035 32.7025 32.5833 32.5848 32.6247 32.5488 32.5168 32.4212 32.2857 32.2783 32.4522 32.4082 32.6426 32.7750 32.7399 32.6992 32.7140 32.6891 32.7183 32.6972 38.7566 34.3214 32.5878 32.5720 32.5430 32.5135 32.4392 32.4052 32.3867 32.3656 32.3560 32.3248 32.3121 32.2666 32.1743 32.1648 32.0809 32.0240
26.4822 28.8803 38.0829 31.3315 28.2284 33.5336 34.7982 36.1980 37.7939 36.0505 35.6728 35.5274 35.3961 35.2818 35.1154 34.9333 34.7265 34.6410 34.4330 34.2035 33.9864 33.7304 33.4449 33.3753 33.1911 32.9861 32.8989 32.8347 32.6578 32.5982 32.5649 32.5680 32.4089 32.5013 32.3833 32.3336 32.2070 32.0209 31.9413 32.1579 32.1430 32.4204 32.4964 32.5662 32.6452 32.6723 32.6435 32.7122 32.9500 34.4202 32.5863 32.5606 32.5377 32.4938 32.4752 32.3937 32.3703 32.3429 32.3299 32.2915 32.2942 32.2861 32.2529 32.1568 32.1479 32.0845 32.0708
27.6731 29.3083 29.7517 27.4245 19.4964 18.9457 29.4920 38.8907 37.8679 36.6166 35.8540 35.7170 35.5408 35.3896 35.2419 35.0915 34.8900 34.7569 34.5936 34.5070 34.2649 33.9915 33.6562 33.5858 33.3566 33.0510 32.8430 32.6361 32.4453 32.3568 32.1691 32.0514 32.1673 32.0732 32.0565 32.0450 31.9972 31.9163 31.9954 32.0057 31.9883 32.1797 32.3413 32.4222 32.5075 32.5190 32.4841 32.5313 32.5769 32.5885 32.5539 32.5228 32.4883 32.4269 32.4143 32.3373 32.3111 32.2518 32.2262 32.2388 32.2605 32.2563 32.1940 32.1201 32.1273 32.0982 32.1167
27.6860 27.0746 25.1716 21.5980 21.7088 16.9447 22.9327 26.8896 35.5785 37.0067 36.1935 35.9886 35.6806 35.4927 35.3652 35.2129 35.0494 34.9301 34.8287 34.6681 34.4115 34.2072 33.9445 33.8722 33.5001 33.0741 32.6195 32.3712 32.2948 32.1989 31.9209 31.6749 31.6494 31.7316 31.7458 31.7169 31.6270 31.6288 31.7358 31.8310 31.8108 32.0189 32.0648 32.2166 32.3453 32.3645 32.3421 32.3479 32.3738 32.3947 32.3843 32.3802 32.3456 32.3955 32.3943 32.3513 32.3189 32.2614 32.2237 32.1770 32.2312 32.1455 32.1097 32.0906 32.0974 32.0787 32.0817
19.3879 16.8667 10.6017 11.4790 8.2048 10.5148 12.7825 12.5933 28.8497 37.0062 37.2858 36.7218 36.1042 35.6400 35.4963 35.3123 35.1904 35.1376 35.0429 34.8718 34.8899 34.5962 34.2157 34.2922 34.2047 33.5060 32.6744 32.2736 32.0120 31.9167 31.7425 31.4141 31.5230 31.5013 31.3930 31.3598 31.2141 31.1394 31.3447 31.5491 31.5455 31.6885 31.7507 31.8953 32.0263 32.1140 32.0733 32.1563 32.1251 32.2323 32.2847 32.2915 32.2686 32.2694 32.2208 32.1939 32.2049 32.1591 32.1300 32.1236 32.1429 32.0724 32.0467 32.0395 32.0536 32.0904 32.0322
12.8001 13.6312 12.7682 6.7014 7.4374 8.9461 10.7730 15.2976 30.0020 35.1118 38.8052 37.7861 36.5299 35.9486 35.7734 35.5338 35.4013 35.3715 35.4119 35.3509 35.7030 35.7322 37.2800 36.3909 33.2164 35.4170 33.9506 32.6763 32.2783 31.9494 31.6420 31.4003 31.2132 31.3374 31.2760 31.2072 31.0632 30.7978 30.7590 30.9092 30.9006 31.1290 31.3785 31.6895 31.9265 31.9905 31.9660 31.9124 31.8798 32.1435 32.2519 32.2800 32.2284 32.2407 32.2136 32.1478 32.1293 32.0523 32.0072 31.9607 31.9546 31.9300 31.9138 31.9988 32.0145 32.0393 31.9881
4.1600 -0.7681 1.4567 4.2892 7.9101 12.0478 16.3222 21.5766 33.5880 33.6325 41.0979 37.1368 38.8542 38.3322 37.2601 36.1582 35.8897 36.8062 36.9897 35.7261 38.3972 29.7985 27.4999 27.8588 39.8440 37.1623 33.2858 33.4091 32.5058 31.9322 31.4443 31.2768 31.5653 31.5661 31.4601 31.3668 31.1413 31.0728 31.0974 31.0502 31.0769 31.1501 31.2960 31.5601 31.7753 31.7461 31.7382 31.6710 31.8087 32.0810 32.2260 32.2972 32.2614 32.2378 32.1702 32.1254 32.1261 32.0509 32.0154 31.9778 31.9467 31.8909 31.8668 31.9073 31.9159 31.9187 31.8663
0.3333 1.9105 9.4202 16.4548 21.3592 23.4613 29.3670 29.3803 23.9216 26.1416 26.0028 26.7519 38.0998 38.3311 38.0321 36.2737 36.0744 35.7547 37.0847 36.6017 27.0543 23.7255 24.6717 39.0210 39.7821 45.5771 34.4016 32.9063 31.4958 33.7289 32.0658 31.6889 31.2170 31.3338 31.1445 31.0710 31.0882 31.1134 31.2564 31.2506 31.2485 31.2541 31.2876 31.3821 31.7059 31.8032 31.7554 31.8379 31.8637 32.0739 32.1776 32.2805 32.2342 32.2336 32.1379 32.0611 32.0575 32.0099 31.9820 31.9635 31.9305 31.8909 31.8834 31.8671 31.8741 31.8023 31.7549
4.5598 6.8251 18.8597 19.3327 26.2560 28.6488 35.3805 33.8106 30.4855 20.1655 18.5809 17.5964 26.0226 36.3456 39.2265 36.9093 36.4274 36.3048 36.2925 27.0952 19.4743 15.6256 29.1369 31.6394 41.5526 45.2631 36.7479 38.5652 38.9230 34.2508 32.4357 31.5406 31.0412 31.0157 31.2762 31.1998 31.2323 31.2917 31.4842 31.4857 31.4635 31.4943 31.5453 31.6918 31.9066 31.9980 31.9481 31.8903 32.0033 32.1650 32.1996 32.3039 32.2451 32.1976 32.0217 31.8985 31.9105 31.8712 31.8388 31.8567 31.8402 31.8311 31.8352 31.8204 31.8257 31.7702 31.7393
10.0812 13.5086 11.1676 15.7610 28.5976 32.4850 31.7564 30.7723 30.6666 18.0393 14.4336 15.7335 20.4666 32.3953 39.8468 38.5228 36.9016 37.5818 38.5067 36.9800 20.5980 14.2967 25.2964 28.2156 30.8468 34.6799 32.4113 39.0070 40.4926 36.5492 34.3482 32.9098 31.9190 31.1579 30.9584 30.8907 31.2871 31.4393 31.5740 31.6647 31.6365 31.5461 31.5816 31.7419 31.8982 31.9976 31.9667 32.0306 32.0781 32.1247 32.0993 32.1688 32.0911 31.9829 31.8045 31.7432 31.7681 31.7446 31.7311 31.7817 31.7587 31.7746 31.7791 31.7589 31.7590 31.7198 31.7075
19.7028 23.3507 27.1162 22.6610 24.7773 30.0714 28.4645 28.9731 29.4317 24.2329 14.3585 15.4814 19.0076 30.6014 40.8813 40.0862 38.6518 37.4875 37.5292 40.7946 26.3648 21.7176 24.4550 24.3954 28.8546 34.2820 35.0482 34.0905 34.3070 40.9149 33.3666 35.2104 33.2538 31.8825 31.3285 31.1951 31.0574 31.2734 31.3775 31.3543 31.3037 31.5564 31.7086 31.7320 31.7920 31.8302 31.7850 31.8667 31.9443 31.9948 31.9650 31.9310 31.8693 31.7564 31.6712 31.6135 31.7460 31.6902 31.6867 31.7025 31.6954 31.7198 31.7135 31.6690 31.6794 31.6423 31.6322
28.5158 33.3756 35.2921 35.6337 35.7634 32.1384 28.8982 28.9021 28.9552 25.2756 8.2113 9.3484 20.4039 28.6006 34.9534 36.0607 38.9447 37.1117 38.5328 36.4570 26.6897 24.7143 27.0533 26.9379 28.9618 34.5882 34.9123 37.5308 35.8677 40.6559 32.9603 34.6831 34.2264 32.8840 31.7031 31.3236 31.0055 31.1736 31.1338 31.0362 30.9925 31.0171 31.3415 31.5865 31.6961 31.6542 31.6049 31.5678 31.4476 31.6319 31.7213 31.6357 31.5856 31.5197 31.4316 31.4241 31.5928 31.6277 31.6236 31.5943 31.6359 31.6593 31.6309 31.5660 31.5955 31.5865 31.5831
36.2349 38.1725 40.9309 34.3677 35.3854 33.4175 28.3405 28.8571 29.2028 25.4470 17.6269 23.0695 27.7627 29.4746 28.0368 31.7305 35.2421 39.9020 40.0483 36.8985 31.9170 36.3491 25.3502 26.0251 32.3301 31.9038 34.9530 30.9848 31.1890 34.7593 43.9270 41.6540 37.4130 33.9254 32.6560 31.8785 31.1403 30.9793 31.0142 30.9907 30.9258 31.0368 31.2348 31.3703 31.4623 31.2930 31.2368 30.9962 30.9318 31.1986 31.3031 31.3587 31.3092 31.2875 31.2715 31.3007 31.4968 31.6017 31.5953 31.5790 31.5627 31.5228 31.5304 31.5448 31.5544 31.5625 31.5850
40.5757 38.7438 39.1540 40.5442 40.1608 35.5992 28.6766 28.6166 28.8873 28.4635 21.3245 24.9034 22.0181 25.8293 18.2912 19.0711 22.5339 32.0030 34.6095 38.2873 39.9182 42.4733 26.8911 24.6984 26.9699 33.6801 41.1310 32.7423 33.1849 34.7447 36.7442 43.9612 34.1144 34.7476 34.4566 32.4681 31.3843 30.9526 30.8675 30.8062 30.7286 30.9035 31.0233 31.1658 31.2500 31.1369 31.0744 30.9157 30.8273 31.0003 31.2624 31.3625 31.3193 31.3323 31.3280 31.2817 31.3291 31.3724 31.3653 31.4540 31.4764 31.4431 31.4776 31.5269 31.5383 31.5951 31.6014
