regresion/MAYO_2003/MODIS/Composicion (B10).txt
ncols         167
nrows         127
xllcorner     -112.012
yllcorner     26.720
cellsize      0.00898
[rows 29 to 57 of 127, columns 67 to 133 of 167]
68.7220 68.4919 68.3405 68.3055 68.2224 68.3734 68.4170 68.3806 68.1991 68.3110 68.3629 68.6355 68.6158 68.4726 68.4293 68.3449 68.2800 68.1588 68.2281 68.2293 68.2409 68.2214 68.3241 68.4920 68.4439 68.4040 68.3585 68.3676 68.2578 68.1149 68.2330 68.3882 68.4344 68.4212 68.5498 68.6665 68.5764 68.4272 68.2901 68.1640 68.1270 68.2273 68.3003 68.4066 68.4011 68.5165 68.7824 69.0581 69.1451 69.1936 69.2920 69.2142 69.4508 69.4983 69.6759 69.8156 69.9320 70.1328 70.1513 70.0681 70.1458 70.2430 70.4025 70.5042 70.4825 70.6909 70.4327
68.6454 68.4063 68.2706 68.2423 68.2625 68.4475 68.3798 68.1594 68.0486 68.1677 68.2920 68.6951 68.6567 68.5605 68.3822 68.2917 68.2728 68.2479 68.1782 68.1498 68.1771 68.1953 68.3872 68.5376 68.4221 68.3554 68.2580 68.2075 67.9862 67.9841 68.0153 68.1291 68.2886 68.3872 68.5269 68.5458 68.5821 68.5093 68.3410 68.2640 68.3112 68.3214 68.3248 68.3028 68.3854 68.4868 68.8532 69.0978 69.1529 69.1718 69.2860 69.3638 69.5588 69.6713 69.8575 69.8828 70.0226 70.0701 70.1627 70.1575 70.1018 69.9984 70.0985 70.3509 70.3648 70.3703 70.3011
68.6885 68.4271 68.3084 68.2649 68.3211 68.4194 68.2673 68.0795 68.0668 68.1521 68.3743 68.7227 68.6959 68.5143 68.3313 68.2221 68.2342 68.2086 68.0919 68.1095 68.2111 68.2932 68.5091 68.4528 68.3719 68.3531 68.2432 68.1648 68.0028 68.0426 68.0017 68.1546 68.2962 68.2576 68.2562 68.2839 68.2946 68.2979 68.2187 68.2536 68.3163 68.3754 68.3198 68.2979 68.3379 68.5157 68.8671 69.0794 69.1239 69.0889 69.2547 69.3980 69.5582 69.6145 69.8347 69.9376 70.0613 70.0982 70.1687 70.1607 70.0715 69.9930 70.1045 70.2693 70.2294 70.1760 70.2527
68.7175 68.5249 68.3400 68.2965 68.2846 68.2446 68.0903 68.0145 68.1487 68.1982 68.4473 68.5930 68.5174 68.3421 68.2477 68.1620 68.1602 68.0671 68.1220 68.1651 68.3892 68.4509 68.5864 68.3771 68.3659 68.2572 68.2029 68.0594 67.9132 67.9067 67.9733 68.1416 68.1930 68.1807 68.1754 68.1672 68.2163 68.2475 68.2856 68.3205 68.3939 68.4988 68.3664 68.3296 68.3238 68.4422 68.9013 69.1243 69.1247 69.1709 69.3061 69.4302 69.5859 69.6714 69.7541 69.7775 70.0206 70.0629 70.0902 69.9836 69.8786 69.8784 69.9970 70.1157 70.0978 70.0943 70.2547
68.7725 68.5214 68.3045 68.2748 68.2127 68.1385 68.0950 68.0776 68.1595 68.1706 68.2450 68.2858 68.3517 68.3142 68.2540 68.2072 68.1563 68.1584 68.1998 68.2619 68.4660 68.5072 68.5671 68.2468 68.1192 68.0272 67.9376 67.9189 67.8520 67.9254 68.0902 68.1458 68.1423 68.1595 68.1450 68.1313 68.1781 68.2185 68.2708 68.2489 68.2863 68.3977 68.3644 68.3132 68.3625 68.5128 68.8585 69.0769 69.1778 69.2456 69.4460 69.5538 69.6219 69.6788 69.7484 69.8039 69.8539 69.8932 69.8370 69.7825 69.7980 69.8289 69.9658 70.0681 70.1470 70.1142 70.2152
68.6046 68.3841 68.1191 68.1190 68.0974 68.0728 68.0926 68.0814 68.1771 68.1816 68.1674 68.3496 68.3935 68.2253 68.1371 68.0876 68.0495 68.0738 68.0787 68.1837 68.3175 68.3952 68.4932 68.1992 68.1102 67.9658 67.9435 67.9791 67.9764 68.0994 68.1566 68.1355 68.1297 68.2026 68.1405 68.1398 68.2449 68.2599 68.2851 68.2322 68.2444 68.3030 68.2851 68.2352 68.4380 68.5628 68.8830 69.0006 69.1763 69.3833 69.5697 69.6309 69.6686 69.6914 69.7102 69.7339 69.7655 69.7879 69.8335 69.8155 69.8272 69.8357 69.8997 70.0668 70.1181 70.1100 70.1670
68.5522 68.4177 68.2144 68.2016 68.0772 68.0245 68.0842 68.0889 68.0815 68.0445 68.1723 68.3138 68.2691 68.1470 68.1651 68.1717 68.2437 68.2331 68.2204 68.1780 68.2694 68.3492 68.3944 68.2530 68.1459 68.0455 68.0441 68.0237 68.0473 68.1395 68.1835 68.1213 68.1102 68.2140 68.1647 68.2157 68.2800 68.2892 68.2382 68.1861 68.2146 68.2986 68.3115 68.4146 68.5987 68.6996 68.8752 68.9330 69.1876 69.3353 69.4614 69.4359 69.5363 69.5773 69.6655 69.6719 69.8067 69.7878 69.7826 69.8258 69.7622 69.7579 69.8017 69.9580 69.9935 69.9446 69.9511
68.4625 68.2907 68.0891 68.0701 67.8913 67.8909 67.9736 67.9914 68.0357 68.1114 68.3637 68.4616 68.4113 68.3303 68.3750 68.3577 68.3740 68.2355 68.2513 68.2504 68.3205 68.3308 68.3494 68.2070 68.0747 68.0786 68.0453 68.0116 68.0560 68.1372 68.1036 68.0859 68.1533 68.2298 68.2460 68.2774 68.2848 68.2032 68.1470 68.1216 68.1561 68.2409 68.2653 68.3412 68.5257 68.6135 68.9022 69.0097 69.1205 69.3074 69.3665 69.3985 69.4099 69.4658 69.4599 69.5113 69.5650 69.5679 69.4775 69.4999 69.5656 69.6509 69.7469 69.8871 69.8599 69.8169 69.7978
68.2729 68.1053 67.8796 67.8606 67.6761 67.7112 67.9225 68.0396 68.0800 68.2548 68.4313 68.5358 68.5262 68.4092 68.4086 68.4340 68.4506 68.3396 68.2369 68.2280 68.2779 68.2706 68.2464 68.1650 68.0100 68.0667 68.1548 68.1142 68.1083 68.2014 68.1158 68.1391 68.2453 68.3102 68.3425 68.2871 68.2252 68.1858 68.1989 68.2053 68.2299 68.2085 68.1745 68.2541 68.4859 68.5867 68.7955 68.8897 68.9456 69.1645 69.2882 69.3531 69.2604 69.3281 69.3396 69.4145 69.4877 69.4851 69.4508 69.4008 69.4523 69.4445 69.4528 69.6022 69.5792 69.5725 69.6687
68.3296 68.1800 67.8904 67.8730 67.6642 67.7546 67.9689 68.0400 68.1074 68.1923 68.3213 68.4798 68.5253 68.4013 68.4340 68.4606 68.4686 68.2643 68.2000 68.1775 68.2523 68.3015 68.1967 68.1866 68.1142 68.1377 68.1383 68.0638 68.0739 68.2137 68.2005 68.2558 68.3043 68.3508 68.4167 68.3172 68.2621 68.2382 68.2241 68.1682 68.1852 68.2045 68.1843 68.3076 68.4263 68.4694 68.6118 68.7519 68.9114 69.1292 69.2229 69.3331 69.1419 69.2133 69.2437 69.3564 69.4076 69.3581 69.3552 69.3496 69.4525 69.4007 69.4625 69.5522 69.5166 69.4509 69.5685
68.3068 68.0925 67.8535 67.8383 67.7277 67.8427 68.1014 68.1124 68.1838 68.2628 68.4085 68.4605 68.4467 68.3010 68.2875 68.2803 68.3209 68.1385 68.0606 68.1278 68.1750 68.3394 68.2283 68.1740 68.2046 68.1676 68.1312 68.0627 68.1840 68.2608 68.3170 68.3926 68.3989 68.4170 68.4388 68.3488 68.3012 68.2185 68.1996 68.2082 68.2370 68.2541 68.2546 68.3364 68.4688 68.4183 68.5811 68.7283 68.8855 69.0054 69.1571 69.1107 69.0765 69.1673 69.2143 69.3815 69.4611 69.4718 69.4593 69.4689 69.4800 69.4835 69.4683 69.5284 69.4236 69.4729 69.5328
68.3506 68.0841 67.9285 67.9376 67.9006 68.0590 68.1596 68.2458 68.3521 68.3829 68.4534 68.5354 68.4510 68.3272 68.2635 68.2544 68.3137 68.1842 68.0679 68.2166 68.1902 68.3130 68.2000 68.1601 68.1623 68.0900 68.0878 68.0657 68.1892 68.3017 68.4160 68.4391 68.5573 68.5365 68.5556 68.4459 68.3357 68.3081 68.3364 68.3142 68.3388 68.2843 68.2400 68.3309 68.3998 68.4098 68.5500 68.6891 68.9291 69.0443 69.1629 69.1560 69.1721 69.2293 69.2694 69.4878 69.5463 69.5372 69.5214 69.5198 69.4883 69.4537 69.4383 69.5270 69.4730 69.4452 69.5174
68.4283 68.2250 68.1272 68.1258 68.1251 68.1712 68.2428 68.3666 68.4576 68.4280 68.4283 68.5315 68.4677 68.3742 68.2923 68.3203 68.3582 68.2302 68.1748 68.2730 68.1540 68.1713 68.1686 68.1392 68.0613 68.0152 68.0475 67.9722 68.1261 68.3383 68.5026 68.5765 68.6975 68.6810 68.6218 68.4304 68.2725 68.2817 68.2978 68.3077 68.3081 68.2498 68.2835 68.3702 68.4178 68.4855 68.6588 68.8704 69.0505 69.2034 69.2626 69.2442 69.3749 69.3647 69.4169 69.5301 69.5975 69.6604 69.6383 69.5425 69.4541 69.4619 69.5073 69.5860 69.5403 69.4399 69.4615
68.5810 68.3884 68.2365 68.2114 68.2256 68.1563 68.2372 68.3369 68.3405 68.3633 68.3548 68.4689 68.5396 68.4366 68.3405 68.3319 68.2890 68.1973 68.2423 68.2214 68.2266 68.2064 68.1830 68.1473 68.1108 68.0973 68.0998 68.0761 68.1527 68.3360 68.3720 68.4021 68.4458 68.4244 68.4508 68.4074 68.3328 68.3708 68.3654 68.4585 68.3959 68.3530 68.4435 68.5920 68.6209 68.6796 68.7889 68.9626 69.1469 69.2135 69.2926 69.2481 69.4195 69.4404 69.5177 69.6485 69.6412 69.7068 69.5744 69.4976 69.4331 69.4940 69.6103 69.6820 69.6005 69.4670 69.3751
68.7239 68.4506 68.2431 68.2196 68.1674 68.1422 68.1832 68.2762 68.2856 68.2630 68.3118 68.4720 68.5772 68.4792 68.3392 68.2922 68.3599 68.3501 68.2900 68.2254 68.2207 68.3127 68.1206 68.1468 68.1158 67.9721 67.9885 67.9848 68.1640 68.3348 68.3652 68.4310 68.4918 68.4650 68.4935 68.4456 68.3642 68.3484 68.3640 68.4249 68.3781 68.4209 68.5832 68.7236 68.7544 68.8272 68.9176 69.0042 69.1348 69.2478 69.3342 69.2583 69.4409 69.4942 69.5471 69.7028 69.6551 69.6162 69.4541 69.4827 69.4634 69.5427 69.6302 69.7110 69.5969 69.4372 69.3516
68.5793 68.2741 68.0612 68.0778 68.0131 68.0088 68.1505 68.3249 68.4500 68.4492 68.5163 68.6894 68.6972 68.5425 68.3966 68.3048 68.3671 68.2889 68.1709 68.0588 67.9272 68.0313 67.9429 68.1339 68.1685 68.0476 68.2118 68.1479 68.3054 68.4124 68.4181 68.4800 68.5328 68.5047 68.5211 68.4689 68.4260 68.4594 68.5143 68.4915 68.4399 68.3668 68.4417 68.6694 68.6966 68.7883 68.9154 68.9865 69.1747 69.2854 69.4471 69.4304 69.5281 69.5709 69.6261 69.6129 69.5211 69.5750 69.5013 69.5422 69.6219 69.6152 69.6407 69.6424 69.6049 69.4262 69.3692
68.4503 68.2237 67.9117 67.9353 67.9501 68.0693 68.3219 68.5069 68.6198 68.5374 68.5904 68.6069 68.4946 68.3188 68.3056 68.2807 68.2963 68.2770 68.2177 68.0674 67.8987 67.9076 67.9834 68.2447 68.2847 68.2010 68.4123 68.2936 68.3308 68.3692 68.4445 68.4413 68.4934 68.5070 68.5372 68.5354 68.5900 68.5707 68.6995 68.5920 68.5136 68.4408 68.5418 68.6351 68.6929 68.7561 68.8881 69.0358 69.1174 69.2076 69.3089 69.3515 69.4641 69.5227 69.5717 69.5422 69.5062 69.5673 69.6073 69.7127 69.7747 69.6553 69.5584 69.5960 69.5857 69.4908 69.3203
68.4187 68.3085 67.8951 67.9478 68.0513 68.2262 68.4449 68.5201 68.5223 68.4904 68.5234 68.4990 68.5243 68.3836 68.3445 68.2890 68.3613 68.3531 68.1521 67.9687 67.9120 67.9315 68.0500 68.2333 68.2860 68.2797 68.4222 68.3184 68.3444 68.4138 68.5111 68.4693 68.5559 68.5291 68.6024 68.5823 68.6751 68.6481 68.7890 68.7031 68.5056 68.4611 68.5804 68.6427 68.7169 68.8480 69.0878 69.1694 69.2230 69.3054 69.4122 69.4403 69.3300 69.2177 69.3095 69.3023 69.3246 69.4040 69.5021 69.6430 69.6972 69.5974 69.4571 69.4516 69.4992 69.4230 69.2599
68.0466 67.9934 67.7228 67.7502 67.9541 68.2394 68.5355 68.7380 68.5963 68.5489 68.5340 68.5951 68.5492 68.3828 68.3376 68.2650 68.3083 68.2750 68.0560 67.8583 67.8764 67.9336 68.1218 68.2246 68.2432 68.3496 68.4779 68.4083 68.3831 68.4309 68.4680 68.4653 68.5959 68.6154 68.7414 68.6455 68.6956 68.7179 68.8205 68.7221 68.5618 68.5132 68.6065 68.6568 68.7188 68.7928 69.0677 69.1566 69.1474 69.1895 69.2676 69.3140 69.2272 69.1731 69.1370 69.1772 69.2528 69.3961 69.4100 69.4840 69.4937 69.3866 69.1971 69.2550 69.2931 69.2087 69.1325
67.9568 67.9733 67.9665 67.9712 68.1098 68.3289 68.5420 68.4903 68.3809 68.3586 68.3993 68.4579 68.4104 68.3261 68.2541 68.2256 68.2790 68.1728 67.9930 67.8934 67.9848 68.0521 68.1930 68.2311 68.2450 68.3651 68.4774 68.4484 68.5347 68.5058 68.5147 68.5223 68.6840 68.6698 68.8032 68.7965 68.8140 68.8571 68.9207 68.8503 68.5701 68.5241 68.5809 68.6780 68.6974 68.7226 68.8673 68.9057 68.9032 68.9869 69.0863 69.2428 69.2386 69.2176 69.1237 69.1724 69.2228 69.3285 69.3776 69.3930 69.3289 69.2216 69.1395 69.2417 69.2989 69.2242 69.1266
68.0996 68.1570 68.2194 68.2027 68.1852 68.3363 68.4944 68.4938 68.3929 68.3428 68.3739 68.3759 68.3192 68.2370 68.1879 68.1140 68.2175 68.1126 67.9823 67.9407 68.0824 68.1323 68.2299 68.2273 68.3224 68.3384 68.5132 68.4672 68.5201 68.5646 68.5800 68.6516 68.8922 68.8336 68.8807 68.8188 68.8462 68.8128 68.7644 68.7284 68.5212 68.5417 68.6474 68.7212 68.6630 68.6731 68.7306 68.8596 68.8579 68.9336 69.0328 69.1652 69.1197 69.0925 69.0320 69.1114 69.1371 69.2658 69.3215 69.3406 69.2883 69.2590 69.3212 69.3874 69.4437 69.2246 69.1095
68.2965 68.2677 68.2741 68.2467 68.2420 68.3593 68.4106 68.3026 68.2866 68.3022 68.4171 68.4175 68.4153 68.3780 68.2420 68.2220 68.2711 68.0751 67.8135 67.8888 68.0486 68.1825 68.2562 68.2164 68.2975 68.4211 68.4970 68.4658 68.4822 68.5023 68.5655 68.6860 68.7599 68.7408 68.7800 68.8302 68.8068 68.8028 68.7294 68.6688 68.5876 68.5450 68.5555 68.5879 68.4917 68.4980 68.5608 68.6684 68.7763 68.9256 69.0555 69.1579 69.1648 69.1361 69.0775 69.1343 69.1885 69.2673 69.2873 69.3773 69.3063 69.3780 69.4626 69.4967 69.5025 69.3259 69.1809
68.4608 68.2511 68.1944 68.2196 68.2369 68.3537 68.3911 68.2657 68.3018 68.3895 68.3944 68.4251 68.5704 68.4620 68.3457 68.3382 68.2578 68.0305 67.7486 67.8355 67.9730 68.0815 68.0504 68.0203 68.1587 68.2362 68.2515 68.2592 68.3790 68.4359 68.5352 68.5950 68.6083 68.6316 68.7855 68.8256 68.7510 68.8011 68.6874 68.5655 68.4859 68.4109 68.4528 68.5291 68.6059 68.5842 68.6692 68.8214 68.8051 68.8880 68.9751 69.1534 69.1044 69.0949 69.1001 69.1855 69.1894 69.2904 69.2769 69.3154 69.3845 69.5735 69.6184 69.6663 69.6375 69.4724 69.3048
68.2257 68.0895 68.0808 68.1361 68.2583 68.3595 68.4237 68.2643 68.3291 68.3890 68.3971 68.5322 68.6502 68.4493 68.3025 68.2053 68.0212 67.8188 67.6510 67.8441 67.8777 68.0279 68.0132 68.0263 68.1506 68.2655 68.3548 68.3825 68.3656 68.2327 68.2186 68.2630 68.3335 68.4139 68.6511 68.6972 68.6800 68.7167 68.6274 68.5242 68.4306 68.4553 68.5658 68.6399 68.7666 68.7270 68.8439 68.8769 68.8310 68.8552 68.8996 69.0221 69.0367 69.0869 69.1292 69.2129 69.2058 69.1866 69.2470 69.3296 69.4950 69.6415 69.6446 69.7693 69.7193 69.5301 69.2978
68.1825 68.0055 68.0415 68.0896 68.3469 68.5395 68.4996 68.2953 68.3660 68.3813 68.4358 68.5224 68.6150 68.4138 68.1883 68.0758 67.8959 67.7531 67.7617 67.9572 67.9134 68.0589 67.9951 68.0360 68.1169 68.2022 68.2745 68.2535 68.0775 68.0349 68.0984 68.2187 68.3362 68.4683 68.6547 68.6634 68.5952 68.6443 68.6304 68.5795 68.5077 68.5051 68.6557 68.7238 68.7609 68.7653 68.8519 68.9232 68.9169 68.8930 68.9485 69.0444 69.0480 69.0677 69.1212 69.2164 69.2086 69.1791 69.2252 69.3427 69.4971 69.6110 69.6402 69.7836 69.7376 69.5304 69.3199
68.2410 68.0580 68.0706 68.1199 68.4170 68.6224 68.5064 68.3595 68.3118 68.3394 68.4053 68.5118 68.5674 68.4066 68.0948 68.0283 67.8924 67.7053 67.7769 67.9177 67.8989 67.9468 67.9356 68.0245 68.2130 68.1776 68.1873 68.1717 68.1383 68.1313 68.2906 68.4127 68.5715 68.6688 68.7821 68.7540 68.7136 68.7524 68.6056 68.5100 68.3494 68.2791 68.4335 68.6549 68.7826 68.8296 68.9340 69.0014 68.9883 68.9801 69.0251 69.0573 69.1460 69.1520 69.1899 69.2286 69.2117 69.2513 69.2417 69.3480 69.4505 69.4745 69.5375 69.6830 69.6990 69.6045 69.3998
68.1884 68.0475 68.1252 68.1612 68.4126 68.5239 68.4373 68.3732 68.3754 68.4376 68.4653 68.5212 68.5255 68.2622 68.0190 68.0225 67.8628 67.7998 67.8818 68.0365 68.0001 68.0379 68.0709 68.2208 68.3428 68.2917 68.2871 68.2650 68.2942 68.3682 68.5071 68.5680 68.7377 68.7927 68.8367 68.8200 68.7613 68.8051 68.6154 68.5429 68.4079 68.3299 68.4983 68.7564 68.7938 68.8145 68.9104 68.9286 68.9133 68.9259 69.0532 69.1638 69.2349 69.2499 69.3361 69.3969 69.2635 69.2709 69.2591 69.3724 69.4993 69.4522 69.4629 69.6260 69.6588 69.6173 69.3501
68.1550 68.1171 68.0827 68.1069 68.2556 68.3840 68.2731 68.1670 68.2659 68.3230 68.3654 68.4535 68.4625 68.2259 68.1094 68.1257 68.0903 68.0451 68.1029 68.1723 68.1119 68.1467 68.2136 68.3952 68.4005 68.4033 68.3617 68.3851 68.4954 68.5136 68.5646 68.6083 68.7377 68.8130 68.8579 68.7947 68.7085 68.7324 68.5473 68.5378 68.3958 68.3945 68.6059 68.8079 68.8026 68.8064 68.8194 68.9323 68.9639 69.0591 69.1494 69.1712 69.1777 69.1522 69.1756 69.1616 69.1368 69.1945 69.2345 69.3427 69.3602 69.3293 69.3859 69.4861 69.5471 69.5546 69.4428
67.8825 67.8043 67.9582 67.9944 68.0636 68.0866 68.0936 68.1404 68.3767 68.4384 68.5018 68.5252 68.4737 68.2345 68.2403 68.2917 68.2461 68.2046 68.3149 68.3019 68.2219 68.2833 68.3288 68.4445 68.3945 68.3681 68.4154 68.4779 68.5590 68.4927 68.5100 68.6390 68.7739 68.8599 68.8199 68.7024 68.6269 68.6667 68.5416 68.4992 68.4165 68.4430 68.5950 68.7467 68.7085 68.7795 68.8240 68.9898 69.0719 69.1640 69.2156 69.1988 69.1580 69.1201 69.1096 69.1048 69.0267 69.0164 69.0745 69.1691 69.2428 69.2304 69.2738 69.3655 69.3720 69.3837 69.2804
