regresion/MAYO_2003/MODIS/Composicion (B10).txt
ncols         167
nrows         127
xllcorner     -112.012
yllcorner     26.720
cellsize      0.00898
[rows 0 to 28 of 127, columns 67 to 133 of 167]
69.0635 69.2569 69.3898 69.4447 69.5392 69.4690 69.3672 69.1667 69.0886 69.0501 69.0041 69.1046 69.2984 69.4889 69.3919 69.3044 69.1730 69.0461 68.9274 68.7685 68.7920 68.6767 68.6252 68.5972 68.4448 68.2855 68.3674 68.3195 68.3983 68.2549 68.1419 68.1853 68.2797 68.3258 68.4624 68.5775 68.6512 68.6565 68.5973 68.6656 68.8363 69.2021 69.4083 69.6387 69.6159 69.6316 69.6818 69.7468 69.7132 69.7272 69.9542 70.1454 71.0454 71.5590 71.8477 72.7417 73.8316 75.4817 75.8708 74.8720 76.1477 72.6739 68.2541 69.5234 71.9203 71.5691 71.2240
69.2676 69.3347 69.4601 69.5684 69.5994 69.5185 69.2897 69.0814 69.0617 69.1111 69.1266 69.1919 69.2862 69.4241 69.4043 69.3718 69.2695 69.1327 68.9833 68.8550 68.8207 68.6656 68.5820 68.6291 68.7023 68.6217 68.6370 68.5458 68.5319 68.3473 68.3275 68.3960 68.5124 68.5673 68.5215 68.4952 68.3946 68.4520 68.4006 68.4521 68.5692 68.9146 69.0214 69.1937 69.2949 69.3440 69.4353 69.5511 69.5478 69.5674 69.8289 69.8692 70.3553 70.5858 70.7994 71.4725 71.4737 73.0071 74.9279 73.4547 75.2218 73.9856 72.1929 71.9754 70.6901 70.4078 70.7137
69.4131 69.3692 69.4893 69.5907 69.6155 69.5353 69.1233 68.9790 69.0302 69.1322 69.1059 69.1995 69.2863 69.3717 69.4317 69.4371 69.3988 69.2478 69.1618 68.9758 68.8982 68.7255 68.6023 68.7143 68.7104 68.7368 68.7011 68.6301 68.6195 68.5268 68.6333 68.7925 68.8765 68.8466 68.6601 68.5854 68.4508 68.5088 68.4430 68.4395 68.4537 68.6186 68.7091 68.8392 68.9628 69.0326 69.1030 69.3468 69.4026 69.5548 69.8661 70.1771 70.2361 70.3207 70.3618 70.6425 71.2600 71.5134 73.6123 72.9916 73.3857 71.8479 71.1236 70.9467 70.4587 70.5941 70.8430
69.4257 69.3301 69.3446 69.4132 69.4467 69.2261 68.9699 68.9430 69.0733 69.2036 69.3148 69.3536 69.3560 69.4506 69.5482 69.5191 69.4176 69.2546 69.1316 68.9439 68.8568 68.7425 68.5859 68.5455 68.6049 68.7546 68.7962 68.8177 68.7792 68.7754 68.8686 68.9742 68.9823 68.9967 68.9291 68.8856 68.6545 68.6188 68.5070 68.4247 68.3362 68.3787 68.5663 68.7123 68.9448 69.0974 69.0698 69.2097 69.4112 69.5024 69.7316 69.9869 70.0876 70.1499 70.1490 70.1964 70.5995 71.0945 72.0128 71.9256 71.7713 71.1561 70.7625 70.7273 70.4428 70.3931 70.5085
69.3148 69.2952 69.3717 69.4086 69.5098 69.3915 69.0501 68.9821 69.1098 69.2395 69.3162 69.2663 69.3211 69.3808 69.4500 69.4304 69.3359 69.2218 69.1052 68.9986 68.8837 68.8694 68.6787 68.5672 68.6167 68.7899 68.8280 68.8858 68.8950 69.0144 69.0751 69.0095 68.9745 68.9537 69.0105 68.9605 68.7724 68.6948 68.5305 68.4602 68.3968 68.3680 68.3567 68.5254 68.7214 68.9137 69.0453 69.1803 69.3652 69.4724 69.6643 69.7914 69.7966 69.7189 69.7954 69.8724 70.0619 70.5585 70.7998 70.7967 70.5897 70.3480 70.4567 71.0135 70.7399 70.1998 70.2533
69.3526 69.3270 69.2504 69.2402 69.3124 69.1983 68.9213 68.8504 69.0262 69.1228 69.2455 69.2501 69.3453 69.3857 69.4143 69.4519 69.3686 69.2896 69.2499 69.1843 69.0103 68.9319 68.7625 68.6738 68.7209 68.8355 68.8252 68.9215 68.9240 69.0775 69.1357 69.0086 68.9940 68.9363 69.0417 68.8936 68.7012 68.6447 68.5333 68.5066 68.3606 68.2040 68.1653 68.3980 68.4792 68.5807 68.8401 69.0757 69.1850 69.3081 69.6237 69.7341 69.8641 69.8282 69.6662 69.6668 69.8002 70.0483 70.1387 70.4727 70.5564 70.5359 65.2131 63.2795 70.0233 70.0836 70.1624
69.1736 69.1203 69.1916 69.1719 69.2610 69.2080 68.8962 68.7781 68.9739 68.9585 69.0959 69.1892 69.3603 69.4999 69.4832 69.5220 69.4530 69.3742 69.3288 69.1861 69.0001 68.9094 68.8784 68.8728 68.8665 68.8594 68.8382 68.8816 68.9625 68.9777 69.0062 68.9672 68.9836 68.8997 68.9367 68.8427 68.6929 68.6336 68.5385 68.4384 68.2594 68.0487 68.0829 68.1774 68.1707 68.3374 68.5462 68.7274 68.9646 69.1804 69.4462 69.6116 69.7356 69.7741 69.7904 69.6150 69.5011 69.6439 69.7761 69.9315 70.5020 67.4727 58.4338 65.3390 69.8701 69.7864 69.8090
69.2088 69.2316 69.2762 69.3073 69.3951 69.4284 69.1452 68.9878 69.0360 69.0440 69.1250 69.2656 69.3818 69.4246 69.3324 69.3310 69.2979 69.2421 69.2425 69.2261 69.1949 69.1750 69.0841 69.0855 68.9988 68.9722 68.9162 68.9131 68.9002 68.9188 68.9091 68.8927 68.8715 68.7626 68.8059 68.7929 68.6545 68.5023 68.3781 68.2857 68.1268 67.9738 67.8365 67.8189 67.9565 68.0883 68.2941 68.3798 68.6932 69.0146 69.2881 69.3877 69.6306 69.6564 69.6347 69.4185 69.2868 69.4167 69.5186 69.5922 69.8285 70.1590 63.4914 69.6059 69.3248 69.4100 69.5037
69.3897 69.3454 69.3366 69.3153 69.4970 69.5727 69.3200 69.0833 69.0850 69.0673 69.1373 69.2614 69.4075 69.4400 69.4466 69.4115 69.3142 69.2405 69.2771 69.2467 69.1749 69.0329 68.9125 68.9357 69.0336 69.0243 68.9535 68.9239 68.9356 68.8561 68.7905 68.8880 68.8849 68.8245 68.7164 68.6263 68.4570 68.3071 68.1813 68.0553 67.9914 67.8429 67.7338 67.7769 67.8594 67.9401 68.0563 68.1571 68.5891 68.8806 69.2361 69.2436 69.3283 69.2481 69.2665 69.1808 69.2785 69.2858 69.3007 69.4467 69.6898 69.6545 69.5439 69.6543 69.5974 69.6278 69.5530
69.3090 69.2743 69.2729 69.1982 69.5356 69.6318 69.4829 69.1909 69.0554 69.1293 69.1126 69.2229 69.3075 69.3211 69.3662 69.4364 69.2982 69.3290 69.3590 69.2602 69.1917 69.0635 68.9039 68.8284 68.9346 68.8609 68.7412 68.7605 68.7760 68.6669 68.6954 68.7114 68.6882 68.5793 68.4375 68.3170 68.2486 68.1878 68.1502 68.0545 68.0738 67.8432 67.6903 67.7013 67.7948 67.9260 67.9315 68.0341 68.3948 68.7389 69.0131 69.1516 69.1868 69.1359 69.1909 69.2962 69.3067 69.3150 69.3227 69.3809 69.6913 69.8044 69.6688 69.6504 69.7142 69.7923 69.5843
69.0440 69.0368 69.2835 69.2823 69.5507 69.7202 69.5111 69.2793 69.0719 68.9574 69.0759 69.0754 69.1998 69.3931 69.5515 69.7159 69.4971 69.3243 69.2144 69.2407 69.1418 69.0738 68.9730 68.9118 68.9921 68.7948 68.7215 68.6782 68.5629 68.4302 68.4298 68.4763 68.5122 68.5025 68.3671 68.2089 68.0804 68.0977 68.0802 68.0283 67.9376 67.8390 67.7512 67.8271 67.9710 68.0031 68.0228 68.0930 68.2572 68.4322 68.7546 69.0034 69.2965 69.2640 69.2354 69.3915 69.5462 69.5033 69.4188 69.5569 69.7602 69.8472 69.8269 69.8910 70.0347 70.1646 69.9491
69.0401 68.9612 69.2063 69.2502 69.5131 69.7969 69.5656 69.1399 68.9464 68.8824 69.0456 69.1171 69.2852 69.3965 69.4933 69.6323 69.5108 69.2720 69.1047 69.0669 69.0255 69.0010 69.0635 69.0385 68.9362 68.7579 68.6520 68.6161 68.5051 68.4132 68.4271 68.4347 68.3730 68.2932 68.0356 67.9714 67.8829 67.9099 67.8857 67.8676 67.8375 67.8500 67.8488 67.8948 68.0617 68.0144 68.0087 68.0334 68.1681 68.3746 68.6020 68.9329 69.1156 69.0849 69.3209 69.5497 69.6802 69.6266 69.6004 69.8194 69.9894 69.9845 70.1125 70.2970 70.4501 70.6431 70.5784
68.9791 69.0293 69.1557 69.1464 69.2187 69.5127 69.4636 68.9660 68.8322 68.8105 69.0201 69.2036 69.1108 69.1947 69.5345 69.6829 69.6340 69.2786 69.1589 69.1054 69.0615 69.1090 69.1488 69.1028 68.8516 68.6401 68.5486 68.4139 68.3490 68.3506 68.4151 68.3838 68.2767 68.1644 67.9115 67.9091 67.8482 67.8963 67.9641 67.9038 67.8506 67.7992 67.8004 67.7930 67.8049 67.9374 67.8989 67.8218 68.0629 68.2972 68.6328 68.8461 68.9685 69.2038 69.5337 69.6897 69.7887 69.7694 69.9274 70.1756 70.3499 70.4137 70.4519 70.4969 70.7219 70.9516 71.0349
68.9985 68.9183 68.8276 68.8201 68.9486 69.1321 68.9770 68.7951 68.8650 68.9232 69.1360 69.2034 69.1428 69.3048 69.7154 69.8131 69.6281 69.4441 69.2343 69.1230 69.0586 69.0832 69.0163 68.9997 68.8930 68.7549 68.6920 68.5737 68.5569 68.5106 68.4655 68.3767 68.1987 68.0942 67.9873 67.9715 67.9148 67.8350 67.8327 67.8895 67.8688 67.9155 67.8893 67.8919 67.9000 67.9219 67.8041 67.7039 67.8406 68.2285 68.5687 68.8299 68.8976 69.2692 69.4500 69.4709 69.6304 69.9185 70.2654 70.3907 70.4533 70.4092 70.4271 70.5731 70.8091 71.1099 71.0863
68.8519 68.7439 68.6310 68.6769 68.9135 68.9998 68.9215 68.9360 68.9833 69.1004 69.1433 69.1781 69.1554 69.1970 69.5746 69.4264 69.3958 69.3745 69.2281 69.0276 69.0617 69.0609 69.1140 69.1400 69.0750 68.9409 68.9228 68.7088 68.6100 68.5239 68.6199 68.5892 68.5062 68.4258 68.2068 68.1198 68.0422 67.9775 67.9777 67.9478 67.8809 67.9914 67.9202 67.9224 67.9681 67.9165 67.9052 67.8621 68.0238 68.3503 68.6580 68.7355 68.8009 69.1294 69.2679 69.3208 69.5248 69.8766 70.3368 70.4682 70.4556 70.4641 70.5702 70.6295 70.8606 70.9878 71.0078
68.5612 68.4474 68.4576 68.6045 68.8419 68.8642 68.8232 68.8830 68.8752 68.9203 69.0831 69.2053 69.2947 69.2407 69.3569 69.5044 69.5155 69.4505 69.2835 69.0540 69.0399 69.0144 69.0695 69.1996 69.2611 69.0534 68.9233 68.6206 68.5615 68.5292 68.6720 68.7009 68.5998 68.5937 68.4197 68.2866 68.1967 68.1298 68.1394 68.0719 68.0318 67.9319 67.8586 67.8650 67.9258 68.0397 68.1063 68.0926 68.2395 68.5007 68.7548 68.8484 69.0343 69.2225 69.2897 69.2796 69.5171 69.7994 69.9799 70.0215 70.1326 70.2204 70.3636 70.4476 70.7032 70.8837 70.9562
68.4234 68.4225 68.3183 68.3786 68.4537 68.5738 68.7290 68.7153 68.8016 68.9483 69.1491 69.3465 69.4896 69.4837 69.4197 69.4367 69.3366 69.3753 69.2346 69.0888 69.1363 69.0347 69.0480 69.0912 69.1314 68.9617 68.6436 68.4662 68.4912 68.6449 68.6775 68.6269 68.4673 68.5642 68.4267 68.3636 68.3249 68.3015 68.2634 68.1254 68.1028 68.0548 67.9670 67.9502 67.9825 68.1350 68.2106 68.2566 68.4461 68.6640 68.8383 68.9078 69.0865 69.0906 68.9880 68.9757 69.3520 69.7117 69.8087 69.8490 70.0059 70.1163 70.1517 70.2071 70.3307 70.4311 70.4581
68.4633 68.6302 68.5484 68.4420 68.4444 68.5685 68.7794 68.7859 68.9181 69.1640 69.2391 69.2687 69.3026 69.2834 69.1104 69.2533 69.1952 69.2141 69.0207 68.9803 69.0907 68.9750 68.8412 68.9054 68.9755 68.8328 68.7136 68.6328 68.7445 68.6521 68.4666 68.3573 68.2348 68.3388 68.3046 68.3066 68.3184 68.3292 68.3554 68.1659 68.1730 68.1148 68.0897 68.0953 68.0113 68.1229 68.2447 68.2800 68.4856 68.7426 68.8290 68.8709 68.8649 68.8566 68.8306 68.8791 69.2829 69.5370 69.6851 69.7465 69.7464 69.9093 70.0309 70.1571 70.1914 70.3236 70.3301
68.5954 68.6513 68.5537 68.4831 68.4524 68.5882 68.8017 68.8725 68.9144 69.1740 69.2739 69.2350 69.2697 69.2037 69.0858 69.1376 69.0861 68.8932 68.6786 68.8432 69.0437 68.9814 68.8924 68.7375 68.8381 68.6894 68.7679 68.8482 68.8804 68.6006 68.4492 68.3257 68.2828 68.2673 68.0929 67.9805 68.0811 68.1731 68.2127 68.1330 68.2233 68.1060 68.1012 68.0639 68.0614 68.1329 68.2892 68.3210 68.5731 68.7790 68.7541 68.7690 68.7238 68.7677 68.8420 68.9770 69.2554 69.4993 69.6958 69.7118 69.7505 69.8690 70.0691 70.1590 70.1822 70.2112 70.2142
68.6097 68.4762 68.3623 68.3561 68.4595 68.7381 68.9710 68.9600 68.9261 69.1130 69.1677 69.1113 69.2401 69.2612 69.2266 69.1670 68.9198 68.7686 68.6474 68.8404 68.9608 68.8562 68.9041 68.6853 68.5392 68.3654 68.5527 68.6198 68.6672 68.5152 68.3534 68.2329 68.1366 68.0689 68.0138 68.0592 68.1317 68.1391 68.1606 68.2291 68.2912 68.2535 68.1040 68.1045 68.1320 68.1671 68.2808 68.3618 68.5526 68.6888 68.7996 68.7849 68.7919 68.9136 69.0069 69.0062 69.2783 69.4648 69.7138 69.8689 69.8978 69.9025 70.0417 70.1328 70.1881 70.0849 70.0615
68.3721 68.2892 68.2809 68.2771 68.5048 68.8370 69.0583 68.9643 68.7984 68.9376 68.9275 69.0128 69.1956 69.1823 69.3006 69.2440 69.0346 68.7632 68.6767 68.8107 69.0066 68.8941 68.9120 68.5299 68.2366 68.2907 68.3879 68.4672 68.2670 68.1503 68.1047 68.0708 67.9992 68.0209 68.0655 68.1600 68.1737 68.1955 68.2766 68.2827 68.2905 68.1940 68.0862 68.1437 68.1213 68.1617 68.2436 68.5184 68.8011 68.8871 68.9663 68.9341 68.8476 68.8872 68.9735 69.0698 69.3257 69.5161 69.7611 69.8478 69.9886 70.0226 70.1073 70.2088 70.2133 70.1179 70.0972
68.2319 68.2148 68.3027 68.2952 68.6303 68.8417 68.9071 68.5939 68.2458 68.3515 68.7274 68.9987 69.2201 69.1844 69.2163 69.1835 68.9804 68.6893 68.6954 68.8012 68.7426 68.7276 68.3838 68.2474 68.2743 68.3053 68.3220 68.3467 68.2018 67.9970 67.9445 68.0182 68.0424 68.0286 68.0183 68.0424 68.0314 68.0266 68.1353 68.1993 68.1868 68.1828 68.1524 68.2082 68.2164 68.3556 68.4700 68.6866 68.8524 68.9108 68.9537 68.8270 68.8593 68.9605 69.0578 69.1481 69.4077 69.6562 69.8103 69.9585 70.1200 70.1400 70.1452 70.2840 70.2544 70.2384 70.1910
68.1792 68.2282 68.5024 68.4953 68.7594 68.7077 68.4432 67.8202 67.7313 67.8498 68.7068 69.0851 69.1633 69.0015 68.8703 68.8392 68.7125 68.5739 68.6368 68.6079 68.3817 68.3249 68.2567 68.2345 68.3098 68.2714 68.2301 68.1910 68.0988 67.9132 67.8890 68.0684 68.2464 68.2349 68.2008 68.1908 68.1423 68.0584 68.0226 68.1117 68.2023 68.1763 68.1384 68.1807 68.2233 68.3595 68.5340 68.7524 68.9493 68.9529 68.9785 68.9277 68.9023 69.0681 69.1983 69.3318 69.5815 69.8267 69.9020 69.9966 70.1571 70.2357 70.2999 70.3846 70.4424 70.3944 70.3693
68.4190 68.6287 68.9093 68.8778 68.6378 68.2901 68.0805 68.1231 68.3690 68.5331 68.8925 69.1241 69.0852 68.9421 68.8962 68.8235 68.6948 68.5204 68.3517 68.1577 68.0244 68.0664 68.1796 68.0595 68.0029 68.0561 68.1133 68.1421 68.1011 67.9874 68.0480 68.2030 68.3818 68.3679 68.3358 68.2395 68.1716 68.0960 68.0398 68.0843 68.1839 68.1813 68.1232 68.1525 68.2354 68.3071 68.5427 68.8025 68.9668 69.0092 69.1365 69.1131 69.2014 69.3066 69.3916 69.4721 69.7002 69.8158 69.9631 70.1216 70.3316 70.4814 70.5337 70.6100 70.7514 70.6085 70.5661
68.9341 69.5031 68.9544 68.9235 68.3485 68.2579 68.4240 68.7138 68.7364 68.9089 69.0154 69.1096 68.9891 68.8396 68.8935 68.7721 68.4979 68.2507 68.0992 68.0652 68.1072 68.1217 68.2244 68.0779 67.9592 68.0489 68.0396 68.1108 68.0978 68.0577 68.0916 68.1933 68.4027 68.4318 68.3424 68.2386 68.1509 68.1525 68.1479 68.1054 68.2206 68.2518 68.2023 68.2766 68.3505 68.4445 68.6456 68.9139 69.0026 69.0873 69.2881 69.2512 69.3466 69.3598 69.4691 69.4824 69.6844 69.8477 70.1058 70.3346 70.5522 70.6581 70.7128 71.0271 70.9696 70.6403 70.4919
68.8659 68.7045 68.4209 68.3863 68.3180 68.5418 68.6800 68.7234 68.6455 68.7804 68.8669 68.9036 68.8119 68.9494 68.7835 68.6786 68.2319 68.2008 68.1632 68.1784 68.2791 68.2612 68.2925 68.1660 68.0376 68.0776 67.9969 68.0597 68.0649 68.0840 68.1451 68.2438 68.3770 68.4014 68.3949 68.3365 68.2775 68.3180 68.1953 68.1242 68.1933 68.2769 68.3375 68.4259 68.3872 68.4717 68.6274 68.9013 69.0530 69.2077 69.4388 69.3874 69.4686 69.4027 69.4220 69.4268 69.6532 69.7576 70.0209 70.2379 70.3778 70.4718 70.5262 70.7908 70.6119 70.5792 70.6110
68.8085 68.4823 68.2311 68.2083 68.1724 68.3024 68.5001 68.3285 68.4054 68.6248 68.9129 69.0437 68.9957 68.8491 68.5211 68.4440 68.3728 68.2710 68.1265 68.2513 68.4197 68.4126 68.4257 68.3272 68.1848 68.1200 67.9961 68.0424 67.9613 68.1146 68.2191 68.3427 68.4594 68.4118 68.3843 68.4117 68.3615 68.3965 68.2577 68.1454 68.2018 68.1559 68.2299 68.3409 68.3202 68.4151 68.6553 68.9675 69.1779 69.2484 69.4827 69.3902 69.4913 69.4535 69.5249 69.5826 69.6977 69.7830 69.9550 70.0562 70.0973 70.3558 70.7007 70.8428 70.7218 70.5556 70.5398
68.7512 68.4816 68.3169 68.2966 68.2673 68.3775 68.3904 68.3466 68.4684 68.6098 68.7722 68.8591 68.7825 68.5695 68.4726 68.3726 68.2690 68.1409 68.1258 68.3482 68.5732 68.5628 68.5491 68.3426 68.3253 68.2864 68.2507 68.2356 68.1866 68.1093 68.2603 68.4954 68.4814 68.4522 68.4361 68.4469 68.4648 68.4374 68.2701 68.1875 68.1209 68.1388 68.1659 68.3183 68.2780 68.4090 68.6992 68.9881 69.1278 69.1963 69.3765 69.3627 69.5354 69.5718 69.6734 69.7100 69.8749 69.9045 69.8762 69.9373 70.1010 70.4698 70.7447 70.8034 70.7675 70.6834 70.5178
68.7615 68.5180 68.3717 68.3439 68.2801 68.3636 68.4385 68.4348 68.4625 68.5676 68.5920 68.7371 68.6523 68.4417 68.3260 68.2510 68.1189 68.0704 68.1217 68.3718 68.4698 68.4719 68.5399 68.4238 68.4410 68.4376 68.3993 68.3313 68.2400 68.2199 68.3966 68.6496 68.5499 68.4472 68.5223 68.5165 68.6313 68.5483 68.2879 68.2175 68.1153 68.0967 68.1661 68.2440 68.3179 68.4316 68.6788 68.9936 69.1507 69.2470 69.3920 69.3173 69.5034 69.5611 69.6686 69.7360 69.9121 70.0736 69.9677 69.9405 70.1330 70.3924 70.6994 70.9170 70.8337 70.8753 70.6196
