regresion/MARZO_2003/MODIS/Composicion (B10).txt
ncols         167
nrows         127
xllcorner     -112.017
yllcorner     26.716
cellsize      0.00898
[rows 58 to 86 of 127, columns 0 to 66 of 167]
51.0808 51.0633 51.0272 51.0131 51.0108 51.0145 50.9722 50.9589 50.9991 51.0046 50.9650 50.9164 50.8552 50.6881 50.6174 50.6455 50.6816 50.6977 50.7788 50.8374 50.8944 51.0615 51.1877 51.2523 51.2755 51.3472 51.3430 51.4084 51.4692 51.5536 51.6675 51.7669 51.7928 51.8048 51.8450 51.8064 51.7977 51.7988 51.8811 51.9301 51.9331 51.9423 51.9520 52.0197 52.0567 52.0845 52.1138 52.1327 52.0881 52.0409 52.0601 52.0420 52.0206 51.9791 51.9754 51.9863 52.0120 51.9824 51.9776 52.0105 52.0968 52.1356 52.1460 52.1481 52.1684 52.1694 52.1786
51.0830 51.0489 50.9907 50.9798 51.0036 51.0022 50.9360 50.9528 50.9774 50.9336 50.8690 50.7735 50.7119 50.5914 50.5973 50.6451 50.6945 50.7149 50.8099 50.8966 50.9799 51.1417 51.2234 51.2920 51.3278 51.4471 51.4311 51.4549 51.5113 51.5150 51.5918 51.7146 51.7633 51.8363 51.8820 51.9178 51.9586 51.9856 52.0203 52.0368 52.0578 52.0657 52.0590 52.0387 52.0495 52.1042 52.1440 52.1326 52.1367 52.0903 52.0887 52.0556 52.0541 52.0823 52.1062 52.0778 52.0208 51.9908 51.9866 52.0646 52.1611 52.2138 52.2306 52.2153 52.1914 52.2110 52.1903
51.2621 51.1909 51.1139 51.0696 51.0210 50.9819 50.9362 50.9345 50.9298 50.8673 50.7706 50.6964 50.6557 50.5873 50.6017 50.6527 50.7375 50.7765 50.8808 50.9864 51.0708 51.1751 51.3160 51.3730 51.3867 51.5258 51.5143 51.5448 51.5807 51.5935 51.6817 51.7785 51.8183 51.8861 51.9187 51.9374 51.9835 51.9928 52.0280 52.0995 52.1941 52.2175 52.2114 52.1474 52.1566 52.1847 52.2222 52.1730 52.1648 52.1142 52.0967 52.0695 52.0694 52.0980 52.1090 52.0659 52.0455 51.9989 52.0424 52.1391 52.2297 52.1956 52.1916 52.2441 52.2098 52.1906 52.1433
51.1818 51.1353 51.0916 51.0565 51.0345 50.9637 50.9528 50.9122 50.8350 50.7585 50.7135 50.6536 50.6360 50.6548 50.7061 50.7596 50.8070 50.8504 50.9492 51.0531 51.1785 51.2565 51.4276 51.5518 51.5577 51.5977 51.5860 51.5909 51.6040 51.6419 51.7177 51.8274 51.8802 51.9769 51.9858 51.9458 51.9166 51.9319 52.0071 52.0453 52.0963 52.1165 52.1629 52.1924 52.1921 52.2299 52.2669 52.2555 52.1645 52.1735 52.1326 52.1131 52.1098 52.1650 52.1951 52.1994 52.1484 52.0899 51.9952 52.0499 52.0227 52.0222 52.0468 52.1077 52.0875 52.0538 52.0114
51.1070 51.0419 51.0429 51.0507 50.9610 50.8487 50.8363 50.7907 50.7605 50.7511 50.7520 50.7705 50.7963 50.8165 50.8356 50.8971 50.9443 50.9975 51.1242 51.2301 51.3440 51.4012 51.5257 51.7234 51.6865 51.6880 51.6576 51.6631 51.7108 51.7263 51.7693 51.8415 51.8893 51.9156 51.9268 51.9099 51.9154 51.9739 51.9771 51.9828 51.9222 51.9440 51.9482 51.9971 52.0297 52.0615 52.0053 52.0690 52.1144 52.1671 52.2174 52.2238 52.2038 52.1942 52.1288 52.0084 51.9849 51.9063 51.8571 51.8853 51.8545 51.8729 51.9648 51.9685 51.9891 51.9520 51.9254
50.9621 50.9833 51.0214 51.0150 50.9118 50.8284 50.8052 50.7620 50.7452 50.7531 50.8226 50.8422 50.9280 50.8877 50.9049 51.0084 51.0385 51.0615 51.2028 51.3212 51.4544 51.5203 51.6100 51.7611 51.7495 51.6712 51.6800 51.6851 51.7439 51.7493 51.7487 51.7376 51.7347 51.8378 51.9488 51.9851 51.9772 51.9776 51.9294 51.9194 51.8896 51.9193 51.9497 51.9778 52.0000 51.9727 51.9536 51.9625 52.0130 52.0432 52.0600 52.0513 52.0542 51.9945 51.9600 51.9559 51.9971 51.9649 51.9453 51.9323 51.9404 51.9613 51.9671 51.9597 51.9792 51.9715 51.8718
50.7792 50.8362 50.9873 51.0689 51.0324 50.9731 50.9129 50.8342 50.8229 50.8565 50.9217 50.9450 50.9373 50.9601 50.9699 51.0603 51.1305 51.1260 51.2323 51.3088 51.5306 51.6264 51.6641 51.8053 51.7978 51.7485 51.7045 51.7293 51.7732 51.7922 51.8290 51.7725 51.7741 51.8291 51.9037 51.9349 51.9760 52.0106 52.0303 52.0313 52.0596 52.1122 52.0901 52.0319 52.0169 51.9995 51.9922 51.9595 52.0075 52.0526 52.1137 52.1253 52.1092 52.0902 52.0103 51.9310 51.9562 51.9398 51.9296 51.9212 51.9150 51.8856 51.9586 51.9307 51.9483 51.8792 51.8427
50.7755 50.8690 51.0089 51.0243 51.0409 50.9994 50.9607 50.9351 50.9089 50.9601 51.0184 50.9924 50.9927 50.9985 51.0326 51.0946 51.1310 51.1452 51.2633 51.3609 51.4951 51.5973 51.6702 51.7230 51.8392 51.8040 51.7383 51.7826 51.8364 51.8474 51.8763 51.8726 51.8945 51.9159 51.9963 52.0468 52.0936 52.1338 52.1803 52.2056 52.1937 52.2012 52.2468 52.2520 52.2231 52.1853 52.1296 52.0612 52.0333 52.0457 52.1240 52.1424 52.1255 52.1342 52.0735 52.0350 52.0249 52.0084 51.9746 52.0086 52.0197 51.9631 51.9241 51.8742 51.8338 51.8023 51.7127
50.8063 50.8490 50.9949 51.0303 51.0425 51.0665 51.0305 51.0099 50.9683 50.8909 50.9032 50.9196 50.8946 50.9598 51.0586 51.1500 51.1749 51.1806 51.2595 51.3622 51.4812 51.5321 51.6267 51.6959 51.8691 51.8632 51.8344 51.7866 51.8618 51.9268 51.9649 52.0715 52.0475 52.0720 52.1051 52.1051 52.1422 52.2056 52.2987 52.3016 52.3322 52.3391 52.3486 52.3010 52.2372 52.2269 52.1787 52.1371 52.1060 52.1172 52.1438 52.1067 52.0784 52.0597 52.0565 52.0853 52.0906 52.0708 52.0719 52.1092 52.0914 51.9945 51.9290 51.8372 51.7963 51.7421 51.7018
50.8704 50.8754 50.9379 51.0169 51.0362 51.0501 50.9960 50.9670 50.9502 50.8932 50.8976 50.8831 50.8465 50.8582 50.9012 50.9908 51.0083 51.0483 51.1948 51.3149 51.4558 51.5723 51.6496 51.7692 51.9227 51.9110 51.9539 51.9742 52.0020 51.8882 51.8764 51.9981 52.1446 52.1389 52.1518 52.1815 52.2253 52.2504 52.2373 52.1946 52.2322 52.2340 52.2885 52.2642 52.2038 52.2455 52.2123 52.2259 52.2010 52.2293 52.2445 52.2023 52.1661 52.1638 52.1517 52.1633 52.1155 52.0704 52.0649 52.0227 51.9732 51.9204 51.8470 51.7758 51.7394 51.7827 51.7274
51.0344 51.0429 51.0533 51.0318 51.0535 51.0234 50.9716 50.8578 50.8335 50.7968 50.8049 50.8238 50.8259 50.8543 50.9518 51.0443 51.0878 51.1776 51.2104 51.3320 51.4556 51.4508 51.5122 51.6348 51.7963 51.8649 51.9786 51.9445 51.9211 51.9574 51.9459 52.0612 52.1319 52.1007 52.0901 52.0819 52.1511 52.1461 52.1332 52.0885 52.0581 52.0886 52.1976 52.1819 52.2134 52.3020 52.2840 52.3235 52.3500 52.3803 52.3377 52.2935 52.2025 52.2047 52.1916 52.1579 52.0956 52.0707 52.0024 51.9792 51.8809 51.9190 51.8899 51.8778 51.8643 51.8144 51.7290
51.2430 51.1748 51.0573 51.0345 51.0303 51.0233 50.9799 50.8782 50.8480 50.8393 50.8284 50.8346 50.8425 50.8781 50.9777 51.1155 51.1943 51.2027 51.2920 51.3595 51.4840 51.5237 51.5552 51.6263 51.6908 51.7046 51.7598 51.7963 51.7821 51.8146 51.8428 51.9325 51.9901 51.9950 52.0109 52.0392 52.0755 52.1636 52.1762 52.1938 52.1790 52.2462 52.2459 52.2376 52.2626 52.3137 52.3527 52.3600 52.3903 52.3752 52.2969 52.2477 52.1740 52.1779 52.2191 52.1442 52.1481 52.1166 51.9413 51.9456 51.9524 51.9015 51.9079 51.8916 51.8401 51.7760 51.7272
51.3194 51.1680 51.0729 51.0563 51.0299 51.0928 51.0847 51.0286 50.9962 50.9526 50.8973 50.9094 50.8964 50.9278 50.9904 51.0872 51.2129 51.3370 51.4415 51.4939 51.5324 51.5633 51.5801 51.6419 51.6101 51.6143 51.6356 51.6663 51.7088 51.7375 51.7589 51.7756 51.8252 51.8861 51.8896 51.9581 52.0163 52.1164 52.1818 52.2237 52.2260 52.2678 52.3297 52.4045 52.4296 52.3977 52.4329 52.4389 52.4237 52.3044 52.2079 52.0270 52.0679 52.0652 52.0393 52.0509 51.9836 51.9358 51.8862 51.8614 51.8975 51.8895 51.8736 51.8640 51.8451 51.8277 51.8182
51.6873 51.4371 51.2127 51.1498 51.1456 51.1465 51.1395 51.1756 51.1369 51.0364 50.9466 50.9454 50.9397 50.9862 51.0188 51.0866 51.2352 51.3545 51.4890 51.5768 51.5937 51.6093 51.6293 51.6867 51.6618 51.6556 51.6003 51.6784 51.7076 51.7357 51.7871 51.7862 51.8170 51.8897 51.9218 52.0083 52.0420 52.0825 52.1239 52.1315 52.1408 52.2480 52.3098 52.3364 52.3069 52.3894 52.2969 52.2913 52.3277 52.2192 51.9831 51.8990 51.8179 51.7986 51.8025 51.7897 51.8109 51.8078 51.7813 51.7755 51.7780 51.8138 51.8634 51.8667 51.8795 51.8908 51.9170
52.0098 51.6420 51.3516 51.2736 51.2479 51.2053 51.1937 51.2026 51.1621 51.0669 51.0176 50.9932 50.9788 50.9517 50.9904 51.0286 51.2004 51.3364 51.5163 51.5875 51.6543 51.6680 51.6762 51.6586 51.6835 51.6144 51.6343 51.6871 51.7750 51.7666 51.8449 51.8596 51.9080 51.9494 51.9905 52.0746 52.1398 52.1242 52.1609 52.1794 52.2695 52.2627 52.1634 52.2392 52.2340 52.1763 52.1288 52.1528 52.1286 51.9525 51.8776 51.7745 51.7278 51.7324 51.6845 51.6518 51.6828 51.6849 51.6794 51.6684 51.6698 51.7187 51.7655 51.7934 51.8036 51.8530 51.8314
52.3678 51.6892 51.1888 51.1758 51.2507 51.1917 51.1581 51.1331 51.1231 51.0214 51.0008 51.0032 51.0166 51.0015 51.0104 51.0318 51.1620 51.2908 51.4790 51.5580 51.6720 51.6977 51.6811 51.6180 51.6369 51.6278 51.6801 51.7390 51.8286 51.8051 51.8996 51.9357 51.9484 51.9095 51.9416 52.0499 52.1343 52.1125 52.0659 52.1635 52.1903 52.1746 52.1118 52.1137 52.0233 52.0169 51.9973 51.9701 51.9303 51.8277 51.7326 51.6447 51.6143 51.6143 51.6173 51.6155 51.6123 51.5979 51.5363 51.5572 51.5423 51.6193 51.6832 51.7500 51.8077 51.7934 51.7739
51.7509 51.2531 51.2489 51.1292 51.1925 51.1882 51.1785 51.1243 51.1059 51.0705 51.0194 51.0065 50.9909 50.9714 51.0058 51.0849 51.1862 51.2974 51.4320 51.5428 51.7050 51.7871 51.7856 51.7250 51.7026 51.6726 51.6983 51.7759 51.8680 51.8978 51.9965 51.9943 51.9868 51.9049 51.8782 51.9490 51.9864 52.0323 52.0475 52.0686 52.0365 52.0031 51.9470 51.9042 51.8674 51.8428 51.8346 51.8176 51.7525 51.7239 51.7075 51.6572 51.6432 51.6195 51.5757 51.5403 51.5231 51.5083 51.5056 51.4882 51.4610 51.4978 51.5696 51.6193 51.6635 51.6714 51.6828
51.4818 51.0979 51.0253 51.0204 51.1079 51.1327 51.1433 51.1479 51.1583 51.1001 51.0609 51.0338 51.0443 51.0318 51.0328 51.0718 51.2071 51.2651 51.3332 51.4259 51.5869 51.7238 51.7543 51.7598 51.7038 51.6553 51.6577 51.6905 51.7685 51.8567 51.9126 51.9597 51.9215 51.8761 51.8614 51.8956 51.9446 51.9861 51.9998 51.9090 51.8248 51.8365 51.8092 51.8284 51.8436 51.8420 51.8448 51.8541 51.8489 51.8114 51.7633 51.6946 51.6414 51.5946 51.5427 51.5154 51.5136 51.4864 51.4741 51.4443 51.4301 51.4499 51.4969 51.5576 51.6039 51.6615 51.7296
51.1048 50.8137 50.7180 50.8732 51.0391 51.0597 51.0840 51.0787 51.0867 51.0381 51.0500 51.0519 51.0293 50.9869 51.0232 51.0952 51.1671 51.2357 51.3065 51.4521 51.5094 51.5974 51.5531 51.6298 51.6775 51.6445 51.6579 51.7344 51.8282 51.9143 51.9414 51.9096 51.8449 51.8021 51.8434 51.8566 51.8540 51.9100 51.9360 51.8268 51.8524 51.8258 51.8542 51.8738 51.8931 51.9099 51.8720 51.8611 51.8624 51.8316 51.7784 51.6782 51.5950 51.5434 51.5109 51.4727 51.4924 51.5066 51.4927 51.4787 51.4804 51.4756 51.5346 51.5441 51.5561 51.6052 51.6571
50.7761 50.5478 50.5238 50.6755 50.9131 51.0002 51.0202 51.0664 51.0695 51.0677 51.0796 51.0734 51.0183 50.8852 50.8301 50.8629 50.9974 51.0716 51.1841 51.3224 51.4689 51.5212 51.5594 51.6191 51.7227 51.7159 51.7228 51.7409 51.8215 51.8807 51.9195 51.8335 51.7777 51.7920 51.8170 51.7995 51.7598 51.7889 51.8734 51.8021 51.8479 51.8462 51.8884 51.8667 51.8676 51.8811 51.8198 51.7836 51.8092 51.7891 51.7132 51.6312 51.5788 51.5376 51.5168 51.5071 51.5144 51.5285 51.5130 51.5189 51.5489 51.5630 51.5854 51.5920 51.6093 51.6713 51.6759
50.4880 50.5048 50.5283 50.7339 50.9353 50.9737 50.9981 51.0534 51.0842 51.0789 51.0702 50.9158 50.8229 50.7219 50.6836 50.7587 50.9158 50.9446 51.1292 51.2245 51.2958 51.3960 51.4313 51.4226 51.4696 51.5591 51.6184 51.6357 51.6884 51.7758 51.7863 51.7697 51.7804 51.8498 51.8685 51.7987 51.6944 51.6963 51.7537 51.7158 51.7262 51.7419 51.7658 51.7683 51.7856 51.8137 51.7627 51.7559 51.7603 51.7155 51.6767 51.5966 51.5804 51.5595 51.5643 51.5974 51.5991 51.6012 51.6020 51.6319 51.6346 51.6591 51.6883 51.6803 51.7301 51.7838 51.7734
50.6765 50.6181 50.5744 50.7511 50.9281 50.9544 51.0086 51.0134 51.0275 51.0030 50.9295 50.8615 50.7585 50.6988 50.6230 50.6645 50.7589 50.7407 51.0031 51.1951 51.2899 51.3221 51.3678 51.3763 51.3712 51.4095 51.4580 51.5427 51.5787 51.6625 51.6618 51.6407 51.6609 51.6900 51.7236 51.6809 51.6135 51.6407 51.7445 51.7517 51.7775 51.7380 51.7095 51.7317 51.7883 51.7597 51.7131 51.6965 51.7413 51.7150 51.7185 51.6602 51.6310 51.6152 51.6242 51.6369 51.6459 51.6673 51.7010 51.6747 51.6930 51.7050 51.7180 51.7390 51.7749 51.8082 51.7814
51.1131 51.0749 50.7989 50.8028 50.8875 50.9426 51.0015 50.9983 51.0696 51.0690 51.0094 50.9147 50.9166 50.8058 50.7279 50.7897 50.8479 50.8043 50.9396 51.0600 51.1849 51.2812 51.2983 51.3578 51.3192 51.3231 51.3585 51.3990 51.4260 51.5154 51.5527 51.5667 51.5839 51.5782 51.6406 51.6660 51.5898 51.6026 51.6460 51.6430 51.6621 51.6636 51.6335 51.6720 51.7186 51.6837 51.6229 51.5956 51.6599 51.7099 51.6828 51.6256 51.6006 51.6084 51.6468 51.7057 51.6994 51.6955 51.7349 51.6745 51.6628 51.7101 51.7465 51.7824 51.8212 51.8591 51.8295
54.0214 54.1824 52.6566 51.3621 50.9786 51.0067 51.0616 50.9538 51.0372 51.0691 51.0313 50.9331 50.9658 50.8671 50.8516 50.8106 50.8347 50.8002 50.8731 50.9303 51.0700 51.1253 51.1358 51.2112 51.2149 51.1697 51.1849 51.2059 51.2304 51.3193 51.4599 51.5585 51.5337 51.5518 51.6075 51.6214 51.5859 51.5643 51.5640 51.5349 51.5335 51.5451 51.5546 51.5244 51.5633 51.5465 51.5579 51.5599 51.5761 51.5680 51.5084 51.4817 51.5022 51.5514 51.6438 51.7495 51.7788 51.7294 51.7060 51.6793 51.7015 51.7073 51.7572 51.8088 51.8636 51.8745 51.8339
60.3161 58.1696 55.5847 52.5496 52.3984 52.2625 51.2341 51.0184 50.9670 51.0093 50.9940 50.9386 50.9655 50.9491 50.9134 50.9237 50.9530 50.9076 50.9387 50.9705 51.0400 51.1035 51.1088 51.1174 51.1529 51.1530 51.1311 51.1259 51.1776 51.2364 51.3598 51.4686 51.4485 51.4693 51.5815 51.6061 51.5466 51.5242 51.5274 51.5018 51.4615 51.4088 51.4462 51.4939 51.4319 51.4264 51.4660 51.4690 51.4627 51.4339 51.4373 51.4408 51.4915 51.5541 51.6298 51.6935 51.7787 51.7548 51.7500 51.6871 51.6823 51.7266 51.8260 51.8927 51.9312 51.9081 51.8497
75.2925 71.6872 62.8316 55.0439 52.4483 52.0830 51.6130 51.3943 51.0139 50.9575 50.8920 50.9263 50.9788 51.0173 51.0220 50.9917 51.0052 50.9738 51.0061 51.0068 51.0501 51.0386 51.0572 51.0752 51.1276 51.1202 51.1229 51.1438 51.1330 51.1922 51.3065 51.3968 51.3827 51.4040 51.5134 51.5304 51.5503 51.4970 51.5066 51.4357 51.4418 51.3899 51.4232 51.4473 51.3698 51.3774 51.3673 51.3578 51.3918 51.3887 51.4259 51.5097 51.5656 51.5985 51.7521 51.8347 51.8488 51.8068 51.7940 51.7446 51.7262 51.7195 51.7889 51.8675 51.9121 51.8892 51.8578
70.4668 70.9693 68.6565 61.3983 56.6389 54.8954 54.2716 52.8156 52.0162 51.5066 51.2628 51.0656 50.9887 50.9609 50.9653 51.0193 51.0336 51.0260 51.0101 50.9853 51.0072 51.0062 50.9932 50.9930 51.0156 51.0525 51.0615 51.0825 51.0886 51.1060 51.2163 51.2967 51.2387 51.2982 51.3540 51.4110 51.3972 51.3975 51.4568 51.4895 51.5345 51.5479 51.5209 51.5360 51.4629 51.4206 51.4134 51.4002 51.3757 51.4127 51.5008 51.5547 51.5875 51.6479 51.7635 51.8316 51.9065 51.8665 51.8635 51.7971 51.7976 51.7830 51.8086 51.9007 51.9157 51.9129 51.8646
76.9061 79.5756 75.8657 64.9732 60.4333 63.6490 63.5608 58.6644 55.6652 53.0199 51.6496 51.3018 51.1111 51.0840 51.0434 51.0385 51.0712 51.0634 51.0489 50.9763 50.9617 50.9254 50.9010 50.9097 50.8764 50.8635 50.8622 50.9171 51.0104 51.0047 51.0817 51.1204 51.0836 51.2129 51.2635 51.3300 51.4606 51.4852 51.5813 51.6222 51.6501 51.6264 51.5920 51.5567 51.5111 51.4803 51.4671 51.4551 51.4927 51.5466 51.6024 51.6774 51.7020 51.7217 51.7916 51.7930 51.8486 51.8732 51.8777 51.7971 51.7222 51.7199 51.7887 51.9287 51.9851 52.0464 51.9897
73.5814 73.4948 77.6568 72.2418 74.3281 74.1379 70.8689 64.7686 60.8317 55.0994 52.6923 51.7881 51.3262 51.0325 50.9303 50.9215 51.0015 51.0175 51.0567 50.9651 50.8578 50.8699 50.8549 50.8816 50.8197 50.7746 50.7413 50.8187 50.8591 50.9125 50.9484 51.0259 51.0595 51.1633 51.2252 51.3028 51.4366 51.4927 51.6120 51.6302 51.6691 51.6540 51.6072 51.5716 51.5305 51.5012 51.5414 51.5471 51.5984 51.6604 51.6519 51.6785 51.6806 51.7136 51.7622 51.7700 51.8055 51.8715 51.9327 51.8627 51.8055 51.8131 51.8714 51.9352 51.9858 52.0042 51.9588
