regresion/MARZO_2003/MODIS/Composicion (B10).txt
ncols         167
nrows         127
xllcorner     -112.017
yllcorner     26.716
cellsize      0.00898
[rows 0 to 28 of 127, columns 0 to 66 of 167]
51.0897 51.0839 51.0876 51.1818 51.2160 51.1851 51.2086 51.1936 51.1249 51.1508 51.1521 51.1518 51.1688 51.1662 51.1302 51.0787 51.0460 51.0510 50.9476 50.9082 50.8258 50.7129 50.7182 50.8468 50.9245 51.0239 51.1032 51.0909 51.1441 51.1979 51.2613 51.3203 51.4075 51.4501 51.4715 51.5370 51.5863 51.5920 51.6303 51.6489 51.6293 51.6586 51.7846 51.8897 51.9425 51.9810 52.0248 52.0872 52.0721 52.0372 52.0090 51.9200 51.8921 51.8340 51.9050 51.9756 52.0262 51.9875 51.9244 51.8717 51.8283 51.8139 51.8326 51.8393 51.8200 51.8264 51.7615
50.9913 51.0158 51.1355 51.1554 51.1899 51.1368 51.1694 51.0896 51.0954 51.1762 51.1605 51.1583 51.1274 51.1441 51.1350 51.1076 51.0877 51.0851 51.0223 50.9637 50.9011 50.8408 50.8417 50.8988 50.9480 51.0555 51.1370 51.1427 51.1628 51.1957 51.2541 51.2750 51.3189 51.3658 51.4178 51.4986 51.5034 51.5475 51.5814 51.6363 51.6505 51.6467 51.7270 51.8123 51.8736 51.9174 51.9961 52.0484 52.0896 52.0432 52.0093 51.9269 51.9156 51.8070 51.8136 51.9696 52.0672 52.0697 52.0598 51.9470 51.9812 51.9790 51.9396 51.9069 51.8568 51.8179 51.7255
50.9019 50.9363 51.0591 51.1583 51.1462 51.0688 51.1325 51.1662 51.1271 51.1031 51.1048 51.0647 51.0691 51.1113 51.1306 51.1428 51.1110 51.1551 51.1219 51.0678 51.0606 51.0135 50.9940 50.9253 50.9459 51.0353 51.1034 51.1047 51.1372 51.1766 51.1864 51.1642 51.2324 51.2851 51.3416 51.4263 51.4637 51.5543 51.6075 51.6631 51.7035 51.7201 51.7099 51.7836 51.9168 51.9374 51.9587 52.0583 52.0621 52.0435 51.9878 51.9191 51.9236 51.8609 51.8767 52.0292 52.1275 52.1042 52.1131 52.0051 52.0459 52.1026 52.0674 51.9534 51.8653 51.7645 51.7144
50.9123 50.9143 50.9540 50.9919 51.0209 51.1028 51.1553 51.1722 51.1500 51.1425 51.1595 51.1504 51.1572 51.1254 51.1500 51.1976 51.1929 51.2063 51.1282 51.0943 51.0351 51.0139 50.9815 50.8791 50.8773 50.9757 51.0790 51.0988 51.2220 51.2664 51.2829 51.2483 51.2852 51.3215 51.3417 51.4401 51.4650 51.5711 51.6060 51.7061 51.7752 51.7924 51.7754 51.8601 51.9261 51.9616 52.0073 52.1079 52.0858 52.0139 52.0236 51.9531 51.9474 51.9149 51.9892 52.0737 52.2001 52.1614 52.1555 52.0794 52.0219 52.0034 51.9825 51.8982 51.8400 51.7599 51.7180
50.9072 50.9445 50.9811 51.0032 51.0421 51.0238 51.0423 51.0535 51.0744 51.0873 51.1273 51.1549 51.1489 51.1646 51.1605 51.1552 51.1538 51.1866 51.1361 51.0649 50.9843 50.9371 50.9219 50.8218 50.7882 50.8554 51.0126 51.1130 51.2964 51.3840 51.4046 51.4285 51.3943 51.3563 51.3716 51.3895 51.4804 51.5879 51.6972 51.8134 51.8452 51.8506 51.8710 51.9235 51.9962 52.0314 52.1030 52.1863 52.1532 52.0463 52.0195 51.9819 51.9794 51.9614 52.0394 52.1579 52.2740 52.2259 52.1948 52.1574 52.1169 52.0603 52.0259 51.9347 51.8893 51.7936 51.7119
50.9137 50.9797 51.0113 51.0271 51.0752 51.0126 51.0786 51.1071 51.0283 51.0285 51.0770 51.0560 51.0563 51.0637 51.0585 51.0981 51.1216 51.1072 51.1292 51.1111 51.0956 51.0053 50.9846 50.9457 50.8983 50.9165 51.0341 51.1588 51.2750 51.2981 51.2949 51.3181 51.4302 51.4354 51.4346 51.4306 51.4891 51.6108 51.7383 51.8995 51.9610 51.9690 51.9641 51.9920 52.0382 52.0227 52.0740 52.1374 52.1089 52.0245 51.9876 51.9827 51.9868 52.0199 52.0891 52.2076 52.2775 52.3032 52.2527 52.2219 52.1592 52.0518 52.0337 51.9782 51.9275 51.8659 51.7541
51.0811 51.0674 50.9711 50.9818 50.9641 50.9275 50.9828 50.9526 50.9932 50.9763 50.9753 51.0092 51.0870 51.0837 51.1146 51.1251 51.1234 51.1501 51.1375 51.0769 51.0703 51.0462 51.0227 51.0219 51.0094 50.9969 51.0389 51.0940 51.2152 51.3469 51.4456 51.4904 51.4279 51.3632 51.3924 51.3773 51.4671 51.5021 51.6095 51.7893 51.9276 51.9312 51.9547 52.0065 52.0160 52.0021 52.0381 52.0683 52.0820 52.0565 51.9643 51.9868 52.0043 52.0578 52.0741 52.1323 52.1999 52.2246 52.2217 52.1423 52.0326 52.0076 52.0448 51.9906 51.9338 51.8561 51.7625
51.0184 50.9778 50.9084 50.9209 50.9307 50.9043 50.9936 51.0296 50.9927 50.9364 50.9575 50.9737 51.0209 51.0484 51.0381 51.0800 51.0810 51.1145 51.1301 51.1346 51.0752 51.0284 51.0182 50.9989 50.9849 50.9426 50.9542 50.9931 51.1067 51.3035 51.4604 51.5172 51.5354 51.5531 51.5785 51.5985 51.5648 51.5129 51.6293 51.8060 51.8865 51.9523 51.9108 51.9578 51.9625 52.0009 52.0274 52.0855 52.1358 52.0863 52.0246 52.0286 52.0210 52.0547 52.0425 52.0360 52.0947 52.1440 52.1629 52.0613 51.9977 51.9134 51.9366 51.9405 51.9010 51.8217 51.7705
51.0111 50.9392 50.9120 50.9313 50.9506 50.9479 51.0045 51.0815 51.0391 51.0286 50.9780 50.9482 51.0064 51.0290 51.0020 51.0440 51.0725 51.1456 51.1854 51.2497 51.1870 51.1402 51.1066 51.0590 51.0208 50.9696 50.9000 50.9255 51.0324 51.1694 51.3177 51.4133 51.4781 51.5282 51.6004 51.6394 51.6453 51.6488 51.7122 51.8339 51.8702 51.8881 51.9142 51.9598 51.9667 52.0119 52.0602 52.1684 52.2286 52.1826 52.1251 52.0812 52.0267 51.9948 51.9693 51.9289 51.9755 52.0422 52.0900 52.0479 51.9968 51.9238 51.9187 51.8703 51.7891 51.7805 51.7335
50.9177 50.9217 50.9612 51.0213 51.0827 51.0440 51.0497 51.0873 51.1013 51.0851 50.9561 50.9533 50.9645 50.9328 50.9899 51.0374 51.0807 51.1205 51.1861 51.2192 51.2048 51.1461 51.0948 51.0715 51.0332 51.0380 50.9539 50.9619 51.0633 51.2005 51.2753 51.4047 51.4875 51.5541 51.5644 51.6194 51.6457 51.6362 51.6737 51.7590 51.8173 51.8142 51.8579 51.8867 51.9505 51.9307 52.0176 52.1191 52.2071 52.1486 52.0898 52.1134 52.0624 52.0533 52.0364 51.9671 51.9274 52.0249 52.0791 52.0647 52.0158 51.9170 51.9139 51.8143 51.7519 51.7469 51.7043
51.0251 50.9894 51.0060 51.0241 51.1214 51.1247 51.1689 51.1546 51.0241 51.0333 51.0233 50.9713 50.9530 50.9088 50.9536 51.0047 51.0355 51.0697 51.1296 51.1539 51.1775 51.1324 51.1370 51.1185 51.0943 51.0680 51.0325 51.0439 51.0841 51.1960 51.2707 51.3947 51.4905 51.5406 51.5302 51.5820 51.6637 51.6903 51.6944 51.7214 51.7244 51.7214 51.7041 51.7999 51.6631 51.6912 51.8255 51.9931 52.0628 52.1236 52.1538 52.1552 52.1749 52.1497 52.0871 51.9897 51.9555 52.0094 52.0490 52.0055 51.9522 51.8326 51.8397 51.7120 51.7117 51.7643 51.7542
51.0460 51.0911 51.0906 51.1201 51.1105 51.0722 51.0776 51.0421 50.9830 50.9500 50.9903 50.9843 50.9658 50.8823 50.9305 50.9503 50.9647 51.0271 51.0964 51.1584 51.1769 51.1816 51.1807 51.1843 51.1890 51.1403 51.1284 51.1286 51.1129 51.1911 51.2208 51.3565 51.4239 51.4806 51.4510 51.4649 51.5341 51.5938 51.6102 51.6571 51.6222 51.6651 51.7606 51.7990 51.7520 51.6730 51.7262 51.8120 51.9121 52.0050 52.0457 52.1013 52.0874 52.0692 52.0807 51.9777 51.9635 51.9917 52.1147 52.0711 52.0180 51.8844 51.9053 51.7615 51.7362 51.7361 51.7431
51.0370 51.0839 51.1114 51.1482 51.1394 51.0865 51.0612 51.0722 51.0369 51.0174 51.0019 50.9014 50.8474 50.8734 50.9108 50.9096 50.9542 51.0428 51.0863 51.2045 51.2607 51.2682 51.2414 51.2581 51.2966 51.2782 51.2413 51.1994 51.1082 51.1231 51.1417 51.2945 51.3240 51.4302 51.4555 51.4944 51.5393 51.5896 51.6025 51.6273 51.6400 51.6402 51.6831 51.7481 51.7101 51.6387 51.7117 51.7498 51.9233 52.0427 52.0701 52.0977 52.0737 52.0525 52.0649 51.9595 51.9563 52.0088 52.1139 52.0464 52.0173 51.9142 51.9663 51.8522 51.8364 51.8310 51.8285
51.0306 51.0265 51.0629 51.1075 51.1054 51.0869 51.0942 51.1165 51.1033 51.0904 51.0457 50.9971 50.9693 50.9728 50.9742 50.9601 50.8995 50.9502 50.9765 51.1030 51.1928 51.2372 51.2247 51.2255 51.2077 51.1522 51.0980 51.1069 51.0548 51.0473 51.0495 51.2347 51.2806 51.4089 51.4672 51.5032 51.5705 51.5878 51.6134 51.6373 51.6382 51.5856 51.5924 51.6507 51.6584 51.6567 51.7042 51.7738 51.8979 52.0120 52.1429 52.2132 52.2179 52.1206 52.0889 52.0352 52.0163 52.0327 52.0814 51.9672 51.8481 51.7503 51.8457 51.8328 51.8153 51.8583 51.8809
51.0424 51.0568 51.0739 51.0803 51.0798 51.0936 51.0933 51.1313 51.0899 51.0275 51.0151 51.0225 50.9862 50.9973 50.9914 50.9035 50.8916 50.9084 50.9373 50.9987 50.9999 51.0225 51.0223 51.0376 51.0635 51.0721 51.0772 51.1058 51.0681 51.0368 51.0161 51.1390 51.2032 51.3842 51.4654 51.4679 51.4679 51.4781 51.4766 51.4920 51.5288 51.5052 51.5614 51.6897 51.7135 51.7394 51.7544 51.7709 51.8065 51.9332 52.1147 52.1418 52.1701 52.1534 52.1346 52.1056 52.0933 52.0540 52.0592 51.9754 51.8954 51.8033 51.8556 51.7991 51.7731 51.7908 51.8036
51.0914 51.0993 51.1561 51.1958 51.2219 51.2060 51.2004 51.1781 51.0653 51.0000 50.9367 50.8364 50.7921 50.7574 50.7953 50.7534 50.8573 50.8420 50.9179 50.9962 51.0399 51.0766 51.0917 51.1039 51.0701 51.0513 51.0386 51.0438 50.9906 50.9506 50.9146 51.0082 51.1251 51.3018 51.4586 51.5162 51.5345 51.5410 51.4686 51.4528 51.5476 51.5371 51.5618 51.6697 51.7481 51.7727 51.7970 51.7788 51.8276 51.9234 52.0442 52.0155 52.0534 52.0844 52.0959 52.1278 52.1427 52.1118 52.0981 51.9708 51.8879 51.8091 51.8872 51.7799 51.7411 51.7891 51.8010
51.1302 51.1514 51.2193 51.2255 51.2463 51.2008 51.1362 51.0637 50.9951 50.8869 50.8540 50.8656 50.7926 50.8244 50.8352 50.7951 50.8030 50.8058 50.8549 50.9038 50.9635 51.0706 51.1368 51.1758 51.1654 51.0748 51.0368 50.9962 50.9799 50.9032 50.8714 50.8765 50.9365 51.0614 51.2375 51.3650 51.4480 51.4535 51.4292 51.4040 51.4559 51.4917 51.4891 51.5399 51.6670 51.7058 51.7858 51.8350 51.9226 52.0027 52.0891 52.0555 52.1092 52.1520 52.1390 52.1400 52.1229 52.0912 52.0851 51.9244 51.8712 51.8420 51.9060 51.8620 51.8354 51.7736 51.7191
51.0391 51.0558 51.1465 51.1416 51.1274 51.1171 51.0356 50.9864 51.0159 50.9759 50.9553 50.9362 50.9532 50.9105 50.8500 50.8270 50.8275 50.8345 50.8553 50.8438 50.8733 50.9538 51.0319 51.1136 51.1089 51.1008 51.0778 51.0527 51.0808 51.0755 51.0804 51.0077 50.9738 50.9586 51.1414 51.2979 51.2865 51.2974 51.2598 51.3094 51.3778 51.4835 51.4928 51.5087 51.6169 51.7060 51.7566 51.8618 51.9445 52.0157 52.0881 52.0565 52.0874 52.1257 52.0665 52.0517 52.1044 52.1017 52.0893 51.9754 52.0311 51.9421 51.9310 51.8674 51.8119 51.7621 51.7060
50.9866 51.0210 51.0642 51.0451 50.9828 50.9930 50.9696 50.9958 50.9773 50.9270 50.9250 50.8796 50.8241 50.8742 50.9083 50.8061 50.8144 50.8224 50.8168 50.9099 50.9381 50.9539 51.0308 51.1340 51.1534 51.1617 51.0959 51.0688 51.0639 51.0201 50.9808 50.9021 50.8586 50.8596 50.9553 51.1225 51.1992 51.2500 51.3094 51.2868 51.3848 51.4631 51.5443 51.5870 51.6365 51.6821 51.7566 51.7896 51.8638 51.9051 52.0371 52.0463 52.0557 52.0998 52.0535 51.8961 51.9351 51.9516 52.0180 52.0288 52.0421 51.9867 51.9687 51.9628 51.9354 51.8425 51.8003
50.9435 50.9600 50.9782 50.9656 50.9435 50.9520 51.0020 51.0711 51.0184 50.9281 50.9025 50.8932 50.8787 50.8227 50.8344 50.8133 50.8021 50.8229 50.8613 50.9153 50.9559 50.9633 50.9683 51.0471 51.1119 51.1646 51.1588 51.1666 51.1319 51.0676 51.0144 50.9387 50.9261 50.9203 50.9408 50.9883 51.1045 51.1441 51.1735 51.2026 51.2390 51.2849 51.3855 51.4429 51.5241 51.6357 51.6849 51.7562 51.8170 51.9146 51.9830 51.9468 51.9932 52.0833 51.9981 51.8876 51.9686 51.9626 52.0881 52.1465 52.2112 52.1534 52.1051 52.0682 51.9933 51.9045 51.8622
50.8184 50.8041 50.8534 50.8950 50.9027 50.9141 51.0096 51.1413 51.1009 51.0401 50.9468 50.8385 50.8557 50.7745 50.7442 50.7226 50.7525 50.7558 50.8221 50.8502 50.8816 50.8801 50.8999 50.9997 51.1113 51.2047 51.1679 51.1559 51.1997 51.1593 51.1411 51.0925 51.0914 51.0413 51.0170 50.9765 51.0373 51.1115 51.0914 51.0876 51.1137 51.1554 51.1693 51.2404 51.3824 51.4651 51.5750 51.6727 51.7392 51.8901 51.9857 52.0389 52.0801 52.1725 52.1688 52.0881 52.0595 52.0533 52.0971 52.1476 52.1903 52.1407 52.1200 52.0889 52.0290 51.9671 51.8864
50.8661 50.8500 50.8819 50.8680 50.8767 50.9650 51.0364 51.0613 51.0360 50.9577 50.9167 50.8394 50.8355 50.8015 50.7893 50.7341 50.8186 50.8035 50.8183 50.8147 50.8271 50.8840 50.9096 50.9531 51.0698 51.1453 51.1758 51.2330 51.2611 51.2638 51.2047 51.2300 51.2090 51.0952 51.0830 51.0233 50.9668 50.9974 50.9155 50.9931 51.1505 51.1758 51.2027 51.2931 51.3640 51.4697 51.5830 51.6444 51.7164 51.8455 51.9606 52.0486 52.2297 52.3425 52.3360 52.3200 52.2486 52.1584 52.1081 52.1777 52.2322 52.2760 52.2472 52.1797 52.0848 51.9759 51.8197
50.8339 50.8233 50.8686 50.8806 50.9229 50.9011 50.9091 50.8867 50.9268 50.9054 50.8863 50.8223 50.7988 50.7807 50.8319 50.8160 50.8480 50.9062 50.9570 50.9136 50.9152 50.8899 50.8934 50.9299 51.0303 51.1111 51.1521 51.2225 51.2756 51.2878 51.3000 51.2507 51.2261 51.1006 51.0483 51.0248 51.0140 50.9802 51.0043 51.0827 51.1905 51.2574 51.3079 51.3722 51.4306 51.5896 51.6878 51.6724 51.7062 51.8117 52.0202 52.1316 52.3441 52.4327 52.4822 52.3966 52.3308 52.1601 52.1394 52.2283 52.3012 52.3745 52.3740 52.2700 52.1244 52.0219 51.8289
50.8204 50.8236 50.8762 50.9346 50.9818 50.9243 50.9252 50.8718 50.8893 50.9033 50.8947 50.9126 50.8950 50.8467 50.8677 50.8416 50.8580 50.8476 50.8573 50.8992 50.9574 50.9298 50.8520 50.8716 50.9545 50.9767 51.0313 51.0595 51.1760 51.2206 51.2487 51.2200 51.2228 51.1992 51.1853 51.1915 51.1594 51.1237 51.1900 51.1518 51.1944 51.2385 51.2998 51.3755 51.4321 51.5822 51.7006 51.7884 51.8532 51.9689 52.1624 52.2747 52.5039 52.5456 52.5793 52.4167 52.3344 52.1538 52.1547 52.1643 52.2446 52.3267 52.3440 52.2912 52.2024 52.0030 51.8220
51.0228 50.9648 50.9674 51.0012 50.9877 50.9598 50.9363 50.8675 50.8989 50.9184 50.9476 50.9768 50.9608 50.9536 50.8885 50.8798 50.8760 50.8822 50.8978 50.8799 50.8067 50.7829 50.8061 50.8634 50.9556 51.0043 51.0740 51.1625 51.2994 51.3211 51.3145 51.2868 51.2675 51.2563 51.2433 51.2784 51.2786 51.2054 51.2410 51.1746 51.1322 51.2388 51.2998 51.3379 51.3842 51.5331 51.6969 51.8658 52.0067 52.1678 52.2980 52.3884 52.5049 52.5600 52.6355 52.4975 52.3956 52.2359 52.2067 52.1812 52.2178 52.2433 52.2819 52.2520 52.1800 52.0535 51.8789
51.1818 51.1484 51.1955 51.1591 51.0442 50.9844 50.9928 50.9843 51.0214 50.9768 50.9149 50.8819 50.8777 50.8727 50.7787 50.7825 50.8239 50.7746 50.7973 50.7992 50.7956 50.8052 50.9181 51.0131 51.1109 51.1476 51.1593 51.1997 51.2959 51.3306 51.3124 51.3133 51.2721 51.3055 51.3277 51.3560 51.3734 51.3754 51.3608 51.3159 51.3013 51.2661 51.3410 51.3803 51.3995 51.5174 51.6981 51.8758 52.0714 52.2469 52.3760 52.4373 52.5125 52.5622 52.6064 52.5212 52.4489 52.3324 52.2460 52.1614 52.1400 52.1947 52.2711 52.2656 52.1844 52.1344 51.9738
51.3116 51.3053 51.3322 51.2199 51.1173 51.0429 50.9817 50.9895 50.9779 50.9351 50.8760 50.8652 50.8689 50.8450 50.8240 50.7987 50.8000 50.7582 50.7424 50.8106 50.9384 50.9767 51.0502 51.1531 51.1662 51.1797 51.1911 51.2472 51.2876 51.3187 51.3191 51.3416 51.3132 51.3522 51.3676 51.4346 51.4485 51.4473 51.4695 51.4237 51.4017 51.3793 51.3402 51.3839 51.4584 51.5236 51.7195 51.8655 51.9928 52.2298 52.3742 52.4676 52.5413 52.5615 52.5855 52.5397 52.4676 52.3608 52.2077 52.1683 52.1404 52.1568 52.2479 52.2473 52.1564 52.1069 52.0591
51.3140 51.3112 51.2749 51.1577 51.0657 50.9806 50.9617 51.0246 51.0623 51.0480 50.9976 51.0178 50.9880 50.9398 50.9031 50.8677 50.8395 50.8368 50.7947 50.9041 50.9605 50.9581 51.0129 51.0871 51.1747 51.2879 51.2955 51.3456 51.3988 51.4888 51.4670 51.4322 51.3973 51.4516 51.4720 51.5139 51.4837 51.4629 51.4494 51.3768 51.3777 51.3551 51.3816 51.4413 51.4657 51.5381 51.6535 51.7972 51.9227 52.1378 52.3295 52.4320 52.5420 52.5852 52.5895 52.5400 52.4878 52.3971 52.2428 52.1908 52.1413 52.0980 52.1202 52.1452 52.0200 51.9463 51.9241
51.3196 51.3369 51.3154 51.2321 51.1361 51.0387 51.0571 51.0258 51.0576 51.0676 51.1075 51.1574 51.0955 51.0987 51.0548 50.9952 50.9443 50.9745 50.9321 51.0279 51.0663 51.1339 51.1852 51.2299 51.2623 51.3444 51.3705 51.4293 51.4338 51.4932 51.5010 51.5173 51.5077 51.5493 51.5933 51.6213 51.5975 51.5707 51.5665 51.5627 51.5075 51.4535 51.4339 51.4723 51.4024 51.4215 51.5238 51.6820 51.8531 52.0520 52.2848 52.3633 52.4492 52.5357 52.4911 52.4974 52.4650 52.4230 52.3091 52.1950 52.0901 52.0623 52.0526 52.0762 52.0157 51.9781 51.9425
