regresion/MARZO_2003/MODIS/Composicion (B10).txt
ncols         167
nrows         127
xllcorner     -112.017
yllcorner     26.716
cellsize      0.00898
[rows 29 to 57 of 127, columns 67 to 133 of 167]
51.9000 51.9211 51.9496 51.9707 51.9703 51.8883 51.8003 51.6635 51.5865 51.5009 51.4845 51.5061 51.5535 51.5955 51.6534 51.6716 51.6132 51.5838 51.5800 51.5394 51.4788 51.4973 51.5642 51.6472 51.6773 51.6614 51.6186 51.5707 51.6206 51.7101 51.7846 51.7977 51.7788 51.8521 51.8053 51.8304 51.8104 51.8004 51.8027 51.8718 51.8647 51.8748 51.8114 51.7326 51.6065 51.5172 51.4199 51.3936 51.2703 51.1320 51.0246 50.9503 50.8932 50.7971 50.7384 50.6505 50.6444 50.7372 50.7262 50.6416 51.0049 50.9892 51.4583 51.3666 51.1548 51.0594 51.0778
51.9562 52.0538 52.0856 52.1217 52.1085 51.9857 51.9237 51.7843 51.7172 51.6373 51.6086 51.6272 51.6365 51.6783 51.6823 51.6587 51.5903 51.5786 51.5356 51.5099 51.4883 51.5520 51.6131 51.6922 51.6955 51.7055 51.7097 51.6767 51.7218 51.7206 51.7404 51.7406 51.7245 51.7839 51.7507 51.8148 51.8221 51.8372 51.7878 51.8697 51.8943 51.9060 51.7900 51.7077 51.5569 51.4660 51.4121 51.3790 51.2520 51.1215 51.0502 50.9501 50.8856 50.7464 50.6808 50.6052 50.5715 50.6554 50.7797 50.7252 51.1076 51.1056 50.9347 47.3286 48.0465 51.3829 51.0400
52.0860 52.1293 52.1506 52.2093 52.1784 52.1220 52.0629 51.9412 51.8218 51.7482 51.6879 51.6987 51.7409 51.7792 51.7752 51.7585 51.7322 51.6293 51.5967 51.5550 51.5446 51.5855 51.6676 51.7506 51.7641 51.7767 51.7682 51.7430 51.7628 51.7917 51.8163 51.8008 51.7339 51.7411 51.6715 51.7081 51.6549 51.6962 51.7697 51.8357 51.8500 51.8630 51.8496 51.7881 51.6656 51.6033 51.4735 51.3774 51.2312 51.1254 51.0577 50.9013 50.8398 50.7214 50.6897 50.6976 50.6539 50.9503 51.3414 51.2922 51.6361 51.6280 49.8044 48.1727 49.0867 51.9082 50.8967
52.1118 52.0740 52.0492 52.0592 52.0742 52.0542 52.0441 51.9925 51.9250 51.8689 51.8570 51.8658 51.8747 51.8996 51.8825 51.9304 51.8124 51.7348 51.7076 51.6183 51.6413 51.7017 51.7494 51.7825 51.7682 51.7837 51.7963 51.7817 51.7855 51.7962 51.7850 51.7378 51.6921 51.7096 51.6388 51.6669 51.6888 51.7033 51.7219 51.8444 51.8683 51.8750 51.8320 51.7523 51.6344 51.6024 51.5376 51.4148 51.2470 51.1565 51.0392 50.9119 50.8836 50.8304 50.8457 50.7899 50.7798 52.3375 53.3407 52.6818 52.2875 52.2524 53.5235 54.8190 53.6806 51.5531 50.9394
52.1309 52.0832 52.0112 52.0867 52.1162 52.0829 52.0444 51.9575 51.9251 51.9217 51.9432 51.9814 52.0066 52.0489 52.0698 52.0642 51.9794 51.8868 51.8307 51.7287 51.6882 51.7335 51.7567 51.7336 51.7253 51.7577 51.7706 51.7815 51.8137 51.8545 51.8311 51.7756 51.7589 51.8129 51.7378 51.7348 51.7118 51.6551 51.6381 51.7459 51.8154 51.8641 51.8676 51.8454 51.7393 51.6512 51.5515 51.3949 51.2704 51.1589 51.1158 51.0345 50.9822 50.9448 50.9435 50.9134 50.8438 51.3107 52.2167 52.5114 51.8809 51.8442 52.9919 53.9444 53.1044 51.6582 50.8274
52.2080 52.1568 52.0654 52.0842 52.1701 52.1363 52.0824 51.9784 51.9381 51.9745 52.0000 52.0448 52.1024 52.1561 52.1276 52.0589 51.9913 51.9035 51.8414 51.7040 51.7102 51.7323 51.7498 51.7529 51.7430 51.7859 51.8343 51.8754 51.8726 51.8810 51.8510 51.7717 51.7508 51.8010 51.7703 51.8060 51.7462 51.6527 51.6833 51.8333 51.8487 51.8530 51.8689 51.8547 51.7103 51.6520 51.6209 51.5536 51.4247 51.3520 51.2643 51.1343 51.0978 51.0771 51.0302 50.9711 50.9045 50.9520 51.5098 52.7335 53.2790 53.2483 52.2273 52.3407 51.8044 51.1317 50.8784
52.1835 52.1469 52.0850 52.1284 52.1209 52.1306 52.1037 52.0000 51.9145 51.9097 51.9749 52.0207 52.1099 52.1588 52.1680 52.1334 52.0844 51.9837 51.8936 51.7876 51.7501 51.7020 51.7345 51.7410 51.7574 51.7549 51.7928 51.7867 51.7897 51.8429 51.8670 51.8056 51.7901 51.8507 51.8446 51.8625 51.7636 51.6823 51.6773 51.7550 51.8078 51.8471 51.8306 51.8148 51.6833 51.6234 51.6029 51.5803 51.5150 51.4285 51.3419 51.2696 51.2235 51.1736 51.1062 50.9884 50.9445 50.9283 51.2264 52.8100 54.6350 54.6093 52.4624 51.8292 51.1057 51.1109 51.0274
52.1431 52.0844 52.0741 52.0893 52.1223 52.0874 52.0214 51.9569 51.9058 51.8659 51.9047 51.9616 52.1110 52.1555 52.2264 52.2272 52.1712 52.0214 51.9337 51.8467 51.7982 51.7705 51.7446 51.7433 51.7251 51.7351 51.7376 51.7546 51.7084 51.7457 51.7863 51.8218 51.8468 51.8714 51.8672 51.8365 51.7575 51.7010 51.6267 51.6551 51.7338 51.7748 51.8159 51.8208 51.7048 51.6072 51.5471 51.5746 51.4639 51.4066 51.3552 51.2875 51.2851 51.2595 51.2084 51.0702 50.9991 50.9391 50.9774 51.3617 52.1696 52.1242 51.6119 51.6637 50.9580 50.8353 51.0064
52.0262 52.0022 52.0369 52.1015 52.1608 52.1348 52.1099 52.0647 51.9879 51.9425 51.9210 51.9476 52.0097 52.0795 52.1312 52.1819 52.1451 52.0419 51.9662 51.9226 51.8965 51.8701 51.8416 51.7644 51.7241 51.6949 51.7007 51.7290 51.7363 51.7381 51.7909 51.8340 51.8417 51.8554 51.8256 51.7912 51.6908 51.6251 51.5653 51.5899 51.6611 51.7200 51.7818 51.8476 51.7364 51.6268 51.5825 51.5431 51.4855 51.4384 51.3584 51.2686 51.2735 51.2692 51.2307 51.0765 51.0047 50.9413 50.8868 50.8353 50.8416 50.7857 51.0285 51.0558 50.9797 50.7294 50.8545
52.0142 51.9655 51.9792 52.0587 52.1412 52.2119 52.2130 52.1067 52.0442 51.9840 51.9761 51.9585 52.0105 52.0701 52.1285 52.1924 52.1249 52.0081 51.9612 51.9144 51.9164 51.9144 51.8597 51.8028 51.7366 51.6935 51.7380 51.7562 51.7621 51.8195 51.8669 51.9063 51.8746 51.8513 51.7923 51.7062 51.6456 51.5925 51.5866 51.6099 51.6316 51.6324 51.6816 51.7946 51.8078 51.7481 51.6608 51.6097 51.5206 51.4738 51.4228 51.3462 51.2948 51.2518 51.2138 51.0855 51.0075 50.9180 50.8616 50.7498 50.7399 50.7563 51.5367 51.4678 50.8362 50.8266 50.7237
52.0870 52.0080 52.0192 52.0033 52.0613 52.1199 52.1531 52.1325 52.1576 52.1405 52.1214 52.0587 52.0425 52.0669 52.0954 52.1433 52.1014 52.0593 52.0277 51.9796 51.9778 51.9422 51.8709 51.8053 51.7269 51.6819 51.7127 51.7310 51.7541 51.8444 51.9173 51.8992 51.8532 51.8338 51.7742 51.7817 51.7237 51.6910 51.6848 51.6903 51.7010 51.6930 51.7042 51.7684 51.7898 51.7796 51.6602 51.6338 51.5393 51.4665 51.3342 51.2383 51.1821 51.1858 51.1722 51.1060 51.0773 51.0397 50.9578 51.0032 50.9572 50.9456 50.9198 50.8992 50.7817 50.7984 50.6959
52.1621 52.0586 52.0309 52.0396 52.0651 52.1325 52.1800 52.2297 52.2620 52.2563 52.2348 52.1663 52.1162 52.0900 52.0786 52.0973 52.1094 52.0734 52.0388 51.9500 51.9434 51.9162 51.8822 51.8374 51.7746 51.7324 51.7015 51.6671 51.6652 51.7683 51.8596 51.9294 51.9047 51.8889 51.8823 51.8127 51.7545 51.7286 51.7040 51.6793 51.6769 51.6137 51.5864 51.6835 51.6680 51.6676 51.6003 51.6141 51.6056 51.5358 51.4782 51.3540 51.3042 51.2704 51.2090 51.1346 51.1147 51.0191 50.8954 50.7785 50.7377 50.7691 50.8082 50.8758 51.0178 50.9546 50.7224
52.1527 52.1141 52.1132 52.1184 52.1532 52.1923 52.2327 52.2983 52.3479 52.3466 52.3228 52.2421 52.1730 52.1429 52.0806 52.0711 52.0991 52.0537 52.0490 52.0006 52.0079 51.9771 51.9023 51.8572 51.7788 51.7411 51.7285 51.7057 51.7228 51.7748 51.8177 51.8540 51.8810 51.8450 51.8030 51.7385 51.6416 51.6069 51.5633 51.5630 51.5720 51.5325 51.5098 51.6115 51.6762 51.6273 51.5417 51.4941 51.4849 51.4970 51.4175 51.2519 51.2231 51.1990 51.1810 51.1264 51.0925 51.0208 50.9008 50.7814 50.7630 50.7695 50.7923 50.9691 51.2265 51.1255 50.7440
52.0379 52.0214 52.0143 52.0746 52.1277 52.1732 52.2194 52.3213 52.4304 52.4631 52.4345 52.3768 52.3219 52.3134 52.2340 52.1289 52.0963 52.0490 52.0925 52.0455 52.0713 52.0377 51.9843 51.9299 51.8555 51.7839 51.7573 51.7105 51.6913 51.6920 51.7069 51.7958 51.8168 51.7859 51.7347 51.6334 51.5566 51.4938 51.4368 51.4536 51.4583 51.4547 51.4901 51.5780 51.6324 51.5826 51.5506 51.4383 51.3045 51.3125 51.3027 51.2360 51.1928 51.2131 51.2286 51.1839 51.1482 51.0598 50.9824 50.8572 50.8235 50.7927 50.7448 50.7682 51.2102 51.2438 51.1971
52.0398 51.9932 51.9741 52.0133 52.0672 52.0890 52.1390 52.2519 52.3656 52.4822 52.5002 52.4625 52.4386 52.3748 52.3190 52.2078 52.1366 52.1400 52.1441 52.1419 52.1210 52.1009 52.0464 51.9888 51.9046 51.8438 51.8389 51.7885 51.7598 51.7267 51.6861 51.7454 51.7847 51.7640 51.6976 51.5966 51.4953 51.4464 51.3556 51.3562 51.3529 51.4101 51.4361 51.5007 51.5536 51.5614 51.5116 51.4405 51.3845 51.4049 51.3761 51.3188 51.2842 51.2584 51.2577 51.2091 51.1717 51.1456 51.0251 50.9364 50.9027 50.8717 50.7805 50.9649 52.3909 52.8329 51.8101
52.0720 52.1352 52.1170 52.1179 52.1680 52.1949 52.1207 52.2438 52.3083 52.4561 52.5255 52.5243 52.4950 52.4438 52.3686 52.2850 52.2047 52.1998 52.2255 52.1989 52.2145 52.1823 52.0668 51.9904 51.9059 51.8167 51.7883 51.8233 51.7996 51.7543 51.7175 51.6820 51.7259 51.6634 51.6139 51.5190 51.4598 51.4572 51.3814 51.3828 51.3741 51.3968 51.4378 51.5207 51.5715 51.5914 51.5770 51.5172 51.3907 51.3422 51.3030 51.2975 51.2434 51.2651 51.2091 51.2408 51.2806 51.4789 51.2360 50.9410 50.8778 50.8852 50.8288 51.1543 54.5855 51.6981 52.0896
52.0087 52.0613 52.0426 52.1189 52.1252 52.1658 52.2499 52.2786 52.4369 52.4695 52.5653 52.6067 52.5901 52.5341 52.4481 52.3184 52.2305 52.1725 52.1714 52.1267 52.1055 52.1315 52.0694 52.0696 52.0100 51.9652 51.9145 51.8785 51.8214 51.7602 51.7345 51.7066 51.6856 51.6463 51.6151 51.5338 51.4793 51.4650 51.3980 51.3767 51.3726 51.3798 51.4222 51.4838 51.5329 51.5685 51.5898 51.5633 51.4431 51.3634 51.3772 51.3316 51.2800 51.2613 51.2137 51.1514 51.1862 51.1600 51.1530 51.0649 50.9934 50.8894 51.0144 52.0505 53.6242 47.3804 53.3083
52.0016 52.0577 52.0741 52.1112 52.0795 52.0716 52.0971 52.1800 52.3159 52.4636 52.6095 52.6147 52.5675 52.4876 52.4730 52.3408 52.2871 52.2436 52.2218 52.1940 52.1547 52.1812 52.1213 52.0717 52.0402 52.0018 51.9350 51.8849 51.8264 51.7996 51.7612 51.7424 51.6856 51.6335 51.5675 51.5242 51.4978 51.4805 51.4366 51.4173 51.3780 51.3582 51.3828 51.4345 51.4592 51.5332 51.5536 51.5263 51.4115 51.3272 51.2946 51.3048 51.2573 51.2244 51.1847 51.1521 51.1629 51.1390 51.3620 51.0117 50.9830 50.9457 51.1876 49.3313 50.7907 47.4202 48.8632
51.9822 51.9886 52.0231 52.0654 52.0830 52.1431 52.1819 52.2389 52.2873 52.3571 52.4264 52.4776 52.5089 52.4863 52.4916 52.4528 52.4577 52.3788 52.3826 52.3476 52.2751 52.2259 52.1825 52.1645 52.1563 52.0990 52.0571 51.9537 51.8984 51.7866 51.6986 51.6626 51.6364 51.5651 51.5034 51.4678 51.4866 51.4868 51.4390 51.4248 51.3820 51.3791 51.3731 51.4010 51.4519 51.5489 51.5356 51.5129 51.3889 51.3060 51.3279 51.3600 51.3062 51.2779 51.2200 51.1916 51.1458 51.0530 51.1021 51.0554 51.0492 50.9777 51.0832 52.4051 47.4244 47.3960 49.8840
51.9369 51.9412 51.9716 52.0168 52.0661 52.1920 52.2730 52.3522 52.4874 52.5873 52.5674 52.5813 52.5922 52.5056 52.4144 52.3468 52.3817 52.4044 52.4065 52.4423 52.4486 52.4214 52.3187 52.2586 52.2375 52.2164 52.1846 52.0739 52.0098 51.8755 51.7108 51.5898 51.5733 51.5126 51.4449 51.4115 51.3927 51.4002 51.3416 51.3838 51.3634 51.3937 51.4053 51.4862 51.5194 51.5597 51.5574 51.5588 51.4524 51.3683 51.3724 51.3873 51.3661 51.3567 51.2766 51.1930 51.1151 51.0908 51.0979 51.1573 51.3238 51.2747 52.1488 53.7021 47.5784 47.4065 50.8588
51.9301 51.9651 51.9877 52.0652 52.1411 52.2268 52.3011 52.3850 52.5079 52.6136 52.6274 52.6420 52.6507 52.5733 52.5495 52.5077 52.5071 52.5029 52.5287 52.5115 52.4754 52.4381 52.3684 52.3086 52.2566 52.2409 52.1948 52.1153 52.0395 51.8804 51.6457 51.6051 51.6388 51.5760 51.5330 51.5278 51.5219 51.5039 51.4561 51.4982 51.4693 51.4437 51.4024 51.4340 51.4694 51.5238 51.5245 51.5333 51.4646 51.4133 51.4172 51.3910 51.3385 51.3330 51.2764 51.1517 51.0933 51.0576 51.0579 51.0399 51.0877 51.0426 51.8354 51.2142 47.3688 48.5991 52.7578
51.9078 51.9673 52.0278 52.1327 52.2391 52.3114 52.3718 52.4814 52.6274 52.6965 52.6739 52.6552 52.6595 52.5939 52.5473 52.5300 52.5407 52.5438 52.5617 52.5659 52.5253 52.4981 52.4532 52.4048 52.3082 52.2594 52.1344 52.0102 51.8982 51.8107 51.7067 51.6507 51.6638 51.6591 51.6400 51.6604 51.6702 51.6694 51.6414 51.6156 51.5951 51.5423 51.4779 51.4609 51.5479 51.5548 51.5515 51.6027 51.4981 51.3736 51.3506 51.3198 51.2735 51.2668 51.2435 51.1415 51.0367 50.9408 50.9098 50.9170 51.0794 51.0636 52.8340 49.4779 47.3957 49.6089 52.9397
51.9946 52.0181 52.0369 52.1575 52.3181 52.4173 52.4773 52.6126 52.7173 52.7845 52.7469 52.6730 52.6414 52.5627 52.5221 52.4965 52.5037 52.5750 52.5934 52.5177 52.5772 52.5971 52.5324 52.4468 52.3218 52.2030 52.1194 51.9612 51.9061 51.7919 51.7205 51.6982 51.7286 51.7103 51.6945 51.7006 51.7288 51.7355 51.7560 51.7133 51.6804 51.5572 51.4553 51.4598 51.4769 51.4556 51.4630 51.5184 51.5112 51.4287 51.3484 51.2336 51.1794 51.1696 51.1375 51.0598 50.9860 50.9344 50.9356 50.9322 50.9315 50.9469 53.3999 48.7491 47.4464 49.9798 51.2133
52.1079 52.1241 52.1745 52.2734 52.3681 52.4603 52.5387 52.6958 52.7545 52.7602 52.7327 52.6707 52.6629 52.6130 52.5217 52.5170 52.5891 52.6926 52.6080 52.6695 52.6358 52.6530 52.5785 52.4731 52.3071 52.1780 52.1220 51.9892 51.9283 51.8239 51.7585 51.7422 51.7410 51.7041 51.6980 51.6724 51.6600 51.6122 51.5574 51.5160 51.4534 51.4064 51.3671 51.3527 51.3112 51.3113 51.2971 51.3499 51.3927 51.3771 51.3323 51.2671 51.1970 51.1760 51.1558 51.1042 51.0099 50.9997 50.9563 50.9030 51.1017 51.1174 52.3736 52.3835 49.4897 50.9543 50.8608
52.2416 52.2583 52.2755 52.2772 52.3109 52.4058 52.4565 52.5892 52.7004 52.6468 52.6234 52.6309 52.6690 52.6849 52.5189 52.6539 52.7120 52.7381 52.7007 52.6758 52.6552 52.6208 52.5614 52.4765 52.4223 52.2827 52.1980 52.0624 51.9850 51.8334 51.7676 51.7223 51.7004 51.7005 51.6863 51.6787 51.6732 51.6364 51.5367 51.4237 51.3493 51.2565 51.2073 51.2370 51.2219 51.2657 51.2559 51.3227 51.3959 51.4249 51.4062 51.3737 51.3181 51.2586 51.2041 51.1638 51.0925 51.0381 50.9897 50.9004 51.1644 51.2074 52.7521 54.0555 51.0864 50.8149 50.8089
52.1727 52.2085 52.2256 52.2248 52.3464 52.3970 52.4439 52.5286 52.6154 52.4751 52.5740 52.5906 52.5843 52.5705 52.5604 52.5970 52.6516 52.7459 52.7530 52.7059 52.6467 52.6135 52.5679 52.4686 52.4576 52.3712 52.2764 52.1345 52.0550 51.8923 51.7731 51.6926 51.6874 51.7058 51.6886 51.7229 51.7441 51.7579 51.6699 51.5709 51.5185 51.4063 51.3090 51.2809 51.2565 51.2963 51.3218 51.3474 51.4237 51.5001 51.4351 51.3879 51.3643 51.3498 51.2857 51.2757 51.2138 51.1055 51.0837 51.0961 51.2327 51.2184 52.0748 51.6597 50.8441 50.8227 50.8314
52.1680 52.1748 52.2217 52.2831 52.3055 52.4174 52.4935 52.5775 52.5069 52.4993 52.4846 52.5045 52.5023 52.5062 52.5161 52.5508 52.5484 52.5874 52.6478 52.5448 52.4978 52.3823 52.4138 52.3685 52.3688 52.2961 52.1968 52.1122 52.0866 52.0236 51.9381 51.7751 51.7017 51.7088 51.7091 51.7265 51.6798 51.6361 51.5794 51.5378 51.5303 51.5155 51.4847 51.4562 51.3905 51.4022 51.4135 51.4371 51.5078 51.5640 51.5120 51.4754 51.4035 51.3557 51.3223 51.3055 51.2635 51.2014 51.1305 51.2313 51.4635 51.4653 51.1920 51.0690 50.8080 50.8083 50.8458
52.1629 52.1417 52.1871 52.2208 52.2570 52.3915 52.4457 52.4389 52.4197 52.4076 52.4598 52.4588 52.4532 52.4231 52.4042 52.3456 52.3243 52.3531 52.3187 52.3067 52.2362 52.1679 52.0903 52.0360 51.9958 51.9707 51.9776 51.9414 51.8850 51.8038 51.7715 51.7861 51.7358 51.7382 51.7041 51.6534 51.6104 51.5723 51.4960 51.4279 51.4010 51.3345 51.3102 51.3204 51.3258 51.3951 51.4169 51.4513 51.5057 51.5853 51.5766 51.5247 51.4263 51.4126 51.3925 51.4031 51.3606 51.2538 51.1898 51.1732 51.1675 51.2371 51.2294 50.8681 50.7224 50.7509 50.8541
52.1810 52.1821 52.2213 52.2387 52.3064 52.3388 52.3234 52.2105 52.2662 52.2408 52.2391 52.2606 52.3127 52.3487 52.2506 52.1960 52.1487 52.1181 52.1003 52.0669 51.9553 51.8987 51.8419 51.8568 51.8471 51.8319 51.8103 51.8044 51.7792 51.7579 51.7593 51.7917 51.7768 51.7596 51.7699 51.7043 51.7132 51.6909 51.6105 51.5306 51.4611 51.3378 51.2628 51.2802 51.2936 51.3333 51.3903 51.4544 51.5442 51.6034 51.6294 51.6015 51.5608 51.6223 51.5860 51.6113 51.4277 51.3759 51.4149 51.4988 51.4900 51.2343 51.1309 51.0179 50.7907 50.7785 50.8129
