regresion/MARZO_2003/MODIS/Composicion (B10).txt
ncols         167
nrows         127
xllcorner     -112.017
yllcorner     26.716
cellsize      0.00898
[rows 87 to 115 of 127, columns 67 to 133 of 167]
52.0371 52.0221 52.0150 51.9820 51.9362 51.9068 51.9184 51.8938 51.8380 51.8499 51.8555 51.7697 51.7597 51.7411 51.7599 51.7395 51.6848 51.6703 51.6841 51.6719 51.7040 51.7677 51.7845 51.7964 51.7583 51.7686 51.8248 51.8158 51.7934 51.7727 51.7865 51.7963 51.8005 51.8175 51.8296 51.8447 51.8709 51.8894 51.8768 51.8173 51.7356 51.7218 51.6827 51.6438 51.6501 51.6349 51.6308 51.6083 51.5380 51.5213 51.5550 51.5382 51.5260 51.5264 51.5756 51.5567 51.4877 51.4103 51.3551 51.2679 51.1999 51.1573 51.1768 51.2543 51.2999 51.3042 51.1921
52.0673 52.0832 52.0466 51.9893 51.9481 51.9114 51.8646 51.8056 51.7905 51.8502 51.8340 51.7803 51.8107 51.8163 51.8120 51.7627 51.7010 51.6895 51.7163 51.7298 51.7749 51.8149 51.8218 51.8006 51.7808 51.7786 51.7915 51.8316 51.7920 51.7908 51.8031 51.8055 51.8055 51.8293 51.8515 51.8624 51.9163 51.9353 51.9087 51.8560 51.7536 51.7391 51.7025 51.6928 51.6974 51.6910 51.6715 51.6958 51.6534 51.6290 51.6523 51.6384 51.6167 51.6321 51.6282 51.6043 51.5260 51.4832 51.4267 51.3663 51.3111 51.2692 51.2859 51.3231 51.2982 51.2492 51.2047
52.0719 52.0407 52.0208 51.9586 51.9046 51.8969 51.8817 51.8421 51.8610 51.8566 51.8409 51.8022 51.8110 51.8133 51.8170 51.7878 51.7280 51.7119 51.7256 51.7527 51.7517 51.8009 51.8032 51.8256 51.8257 51.8381 51.8638 51.8755 51.8138 51.7764 51.7735 51.7467 51.7770 51.7168 51.7985 51.8452 51.9392 51.9835 51.9754 51.9370 51.8591 51.8268 51.7955 51.8067 51.8043 51.7760 51.7331 51.7256 51.7229 51.7303 51.7146 51.6843 51.6465 51.6478 51.5898 51.5540 51.5544 51.5420 51.5283 51.4745 51.4529 51.3260 51.2939 51.3532 51.3831 51.3072 51.2571
52.0456 51.9960 51.9898 51.9959 51.9336 51.9099 51.9083 51.8873 51.8333 51.8591 51.8655 51.8139 51.7894 51.7783 51.8053 51.8116 51.7939 51.7658 51.7767 51.7645 51.7325 51.7235 51.7354 51.7601 51.8076 51.8300 51.8668 51.8384 51.7673 51.7865 51.7949 51.8302 51.8788 51.8771 51.9002 51.8934 51.9215 51.9219 51.9653 51.9859 51.8919 51.8752 51.8766 51.8977 51.8917 51.9010 51.8845 51.8615 51.8327 51.8117 51.8220 51.7868 51.7453 51.6951 51.5883 51.4886 51.5345 51.5484 51.5652 51.4909 51.4918 51.4095 51.3535 51.3671 51.3155 51.2473 51.2310
52.0206 51.9407 51.9656 51.9810 51.9424 51.9610 51.9776 51.9645 51.9124 51.9195 51.9139 51.8717 51.8415 51.8228 51.8207 51.8234 51.7722 51.7719 51.7995 51.7947 51.7323 51.6724 51.6526 51.6751 51.7074 51.6846 51.7704 51.7546 51.7474 51.8052 51.8525 51.9155 51.9632 51.9853 52.0206 52.0206 52.0257 52.0298 52.0457 52.0517 52.0251 51.9230 51.8770 51.9328 51.9520 51.9550 51.9544 51.9333 51.9096 51.8761 51.8828 51.8217 51.7305 51.6919 51.6491 51.5567 51.5475 51.5786 51.6024 51.5590 51.5530 51.5019 51.5438 51.4702 51.4383 51.4189 51.4051
52.0063 51.9419 51.9516 51.9472 51.9689 52.0124 52.0342 52.0457 52.0083 51.9722 51.9378 51.8887 51.9098 51.8898 51.8845 51.8488 51.7859 51.7798 51.8177 51.8285 51.7572 51.6977 51.6572 51.6890 51.7087 51.6826 51.7116 51.7166 51.7354 51.8173 51.9092 51.9287 51.9701 52.0088 52.0275 52.0886 52.1090 52.1239 52.1320 52.1320 52.1064 52.0536 51.9909 51.9524 51.9115 51.8852 51.8524 51.8252 51.8347 51.8231 51.8181 51.7576 51.6974 51.6595 51.6377 51.6188 51.6105 51.6280 51.6704 51.6925 51.6607 51.7519 51.8123 51.7556 51.7157 51.6925 51.6463
51.9866 51.9891 51.9845 51.9721 51.9853 51.9929 52.0328 52.0543 51.9990 51.9923 51.9795 51.9528 51.9398 51.9137 51.9153 51.8614 51.8592 51.8726 51.8889 51.8997 51.8685 51.7789 51.7501 51.7674 51.7332 51.7429 51.7562 51.7570 51.7566 51.8344 51.8820 51.9132 52.0108 52.0182 52.0666 52.0851 52.0964 52.1166 52.1188 52.1388 52.1180 52.0962 52.0756 52.0632 52.0118 51.9585 51.9106 51.8525 51.8069 51.8276 51.7733 51.7763 51.7213 51.7021 51.6771 51.6689 51.6531 51.6781 51.7039 51.7461 51.7083 51.7315 51.7384 51.7392 51.7555 51.7341 51.6317
51.8657 51.9000 51.9007 51.9525 51.9902 52.0073 52.0177 52.0270 52.0100 52.0619 52.0816 52.0406 52.0150 51.9945 51.9723 51.9487 51.9733 51.9885 51.9787 51.9825 51.9310 51.9226 51.9103 51.8965 51.8452 51.8620 51.8676 51.8870 51.8879 51.8887 51.9225 51.9869 52.0076 52.0395 52.0274 52.0696 52.0625 52.0890 52.1007 52.1200 52.1226 52.0778 52.0509 52.0304 52.0016 51.9773 51.9894 51.9723 51.9258 51.8926 51.8596 51.8312 51.8111 51.7778 51.7154 51.7073 51.6901 51.7166 51.6969 51.6442 51.5918 51.6407 51.6647 51.6736 51.6431 51.6364 51.6948
51.8368 51.8446 51.8502 51.9260 51.9296 51.9216 51.9467 51.9633 51.9771 52.0344 52.0679 52.0793 52.0421 52.0417 52.0669 52.0857 52.0994 52.0718 52.0458 52.0311 52.0101 52.0042 51.9714 51.9432 51.8853 51.8989 51.8928 51.8859 51.9168 51.9443 51.9544 51.9456 52.0025 52.0335 52.0414 52.0735 52.0776 52.0780 52.0927 52.1122 52.1320 52.1388 52.1290 52.1217 52.1011 52.0551 52.0354 52.0156 51.9580 51.9114 51.8886 51.8858 51.8940 51.8588 51.8118 51.7803 51.7647 51.7890 51.8134 51.8022 51.7574 51.8404 51.7216 51.7527 51.7087 51.6787 51.8653
51.7596 51.7857 51.8400 51.8727 51.8953 51.9129 51.9774 51.9706 51.9754 51.9750 51.9944 51.9964 51.9905 52.0021 52.0976 52.1251 52.1489 52.0606 52.0293 52.0429 52.0145 51.9844 51.9337 51.9229 51.9099 51.8975 51.9173 51.9389 51.9445 51.9135 51.9669 51.9912 52.0274 52.0785 52.1132 52.1403 52.1285 52.1303 52.1473 52.1663 52.1804 52.2122 52.1609 52.1421 52.1400 52.1377 52.0949 52.0783 52.0355 51.9482 51.9254 51.8948 51.8450 51.8207 51.7786 51.7525 51.7883 51.7950 51.8090 51.7941 51.7854 51.8418 51.8026 51.8514 52.0284 52.0116 51.9422
51.7284 51.7265 51.7696 51.7837 51.8299 51.8576 51.9141 51.9568 52.0195 52.0378 52.0128 51.9989 51.9959 51.9547 51.9739 51.9963 51.9954 51.9802 51.9612 51.9481 51.9327 51.9660 51.9446 51.9304 51.9276 51.9412 51.9319 51.9757 51.9887 52.0147 52.0428 52.0625 52.0842 52.1392 52.1685 52.2076 52.1894 52.1974 52.2089 52.2423 52.2130 52.2123 52.1842 52.1764 52.1568 52.1535 52.1121 52.0332 52.0052 51.9679 51.9627 51.9522 51.9226 51.8967 51.8485 51.8150 51.8137 51.8224 51.8301 51.8397 51.8366 51.8346 51.8339 51.9541 51.9913 51.9819 51.9329
51.8471 51.7965 51.7436 51.7332 51.7509 51.7731 51.7954 51.8514 51.8837 51.9436 52.0064 52.0254 52.0116 51.9807 51.9811 51.9335 51.9254 51.9135 51.9268 51.9716 51.9405 51.9405 51.9358 51.9342 51.9327 51.9492 51.9381 51.9840 52.0018 52.0736 52.1243 52.1384 52.1374 52.1790 52.2112 52.2360 52.2362 52.2488 52.2559 52.2390 52.2119 52.1895 52.1775 52.1661 52.1404 52.1323 52.1191 52.0734 52.0285 51.9876 52.0089 51.9864 51.9832 51.9536 51.9001 51.8515 51.8222 51.8460 51.8616 51.8852 51.9015 51.8814 51.8424 51.9039 52.0912 52.0865 52.2792
51.7759 51.7063 51.6391 51.6602 51.7080 51.7909 51.8214 51.8699 51.9281 51.9656 52.0005 51.9795 51.9616 51.9570 51.8917 51.8887 51.9107 51.9453 51.9407 51.9669 51.9793 51.9649 51.9751 51.9872 52.0030 52.0198 52.0148 52.0252 52.0195 52.0285 52.0681 52.1052 52.0931 52.1081 52.1427 52.2442 52.2654 52.2748 52.2740 52.2214 52.2272 52.2034 52.1975 52.2132 52.2050 52.1812 52.1405 52.0972 52.0415 52.0171 52.0227 51.9682 51.9666 51.9655 51.9262 51.8939 51.8637 51.8750 51.9003 51.9070 51.9184 51.9543 51.9000 51.8646 51.8653 51.8023 51.7584
51.7289 51.7093 51.7132 51.7164 51.7612 51.8084 51.8155 51.8518 51.8887 51.9633 52.0218 52.0122 51.9685 51.9715 51.9566 51.9519 51.9391 51.9398 51.9086 51.9327 51.9931 51.9706 51.9792 52.0159 52.0396 52.0338 52.0509 52.0329 52.0321 52.0483 52.0586 52.0766 52.0382 52.0513 52.0644 52.1107 52.1759 52.1998 52.2050 52.2361 52.2116 52.2121 52.2237 52.2080 52.2234 52.1842 52.1429 52.1059 52.0698 52.0688 52.0608 52.0303 51.9921 51.9583 51.9255 51.8943 51.8980 51.9005 51.9471 51.9741 51.9486 51.9590 51.9394 52.0372 52.1004 52.0630 51.8677
51.6803 51.7617 51.8069 51.8123 51.8298 51.8612 51.8832 51.8876 51.9677 52.0237 52.0629 52.0604 52.0233 52.0482 51.9976 51.9997 51.9988 51.9610 51.9377 51.9517 51.9504 51.9420 51.9500 51.9748 51.9876 51.9798 52.0027 52.0021 52.0209 52.0665 52.0943 52.0924 52.0587 52.0284 52.0626 52.1106 52.1890 52.2067 52.2078 52.1989 52.1643 52.1364 52.1186 52.1623 52.1967 52.2207 52.2210 52.2328 52.1428 52.0963 52.0567 51.9905 51.9568 51.9418 51.9354 51.9107 51.9154 51.9000 51.9063 51.9308 51.9291 51.9247 51.9048 51.9362 51.9233 51.9053 51.8507
51.6658 51.7853 51.8345 51.8240 51.8598 51.9194 51.9265 52.0132 52.0740 52.0967 52.1163 52.0685 52.0331 52.0289 52.0060 52.0216 51.9717 51.9585 51.9576 51.9723 51.9719 51.9517 51.9640 51.9935 52.0626 52.0625 52.0641 52.0665 52.0711 52.0872 52.1051 52.1283 52.0952 52.1039 52.1193 52.1608 52.1900 52.2245 52.2452 52.2558 52.2607 52.2021 52.1602 52.1595 52.1368 52.1426 52.1034 52.0957 52.0702 52.0498 51.9995 51.9701 51.9445 51.9437 51.9483 51.9244 51.9301 51.9242 51.9082 51.9098 51.9048 51.8908 51.8957 51.9007 51.8872 51.8481 51.8110
51.6543 51.7585 51.8383 51.8671 51.9020 51.9557 51.9779 52.0598 52.0958 52.1078 52.0961 52.0632 52.0357 52.0179 52.0135 52.0300 52.0358 52.0255 52.0419 52.0272 51.9987 51.9940 52.0132 52.0396 52.0603 52.0778 52.0696 52.0895 52.1203 52.1722 52.2101 52.2202 52.1595 52.1284 52.1319 52.1559 52.1575 52.1808 52.1874 52.1913 52.1727 52.1800 52.1506 52.1706 52.1709 52.1684 52.1228 52.0914 52.0625 52.0497 52.0692 52.0171 51.9762 51.9083 51.8948 51.9056 51.9293 51.9453 51.9492 51.9493 51.9381 51.9065 51.9028 51.9007 51.8752 51.7983 51.7633
51.5563 51.5834 51.6803 51.7906 51.8484 51.9323 51.9464 52.0656 52.1110 52.1052 52.1200 52.0897 52.0554 52.0238 52.0158 52.0115 52.0316 52.0446 52.0063 52.0191 52.0195 52.0187 52.0550 52.0952 52.1295 52.1251 52.1269 52.1312 52.1495 52.1771 52.1733 52.2130 52.1105 52.1005 52.0716 52.0901 52.1175 52.1137 52.1517 52.1866 52.1702 52.1592 52.1309 52.1405 52.1159 52.1494 52.1964 52.2191 52.1862 52.1599 52.1077 52.0716 52.0453 52.0050 51.9672 51.9616 51.9521 51.9600 51.9349 51.9487 51.9357 51.9075 51.8758 51.8834 51.8813 51.7955 51.7151
51.5211 51.5043 51.6064 51.6706 51.7363 51.8349 51.8462 51.9522 52.0354 52.0659 52.0613 52.0444 52.0573 52.0149 52.0105 52.0117 52.0197 52.0326 52.0049 52.0219 52.0387 52.0618 52.1134 52.1529 52.1668 52.1136 52.0995 52.1151 52.1072 52.1274 52.1437 52.1762 52.1492 52.1391 52.1162 52.0842 52.0772 52.0897 52.0879 52.1012 52.1219 52.1771 52.1587 52.1739 52.1677 52.1756 52.1912 52.2000 52.1917 52.1985 52.1708 52.1619 52.1728 52.1397 52.1086 52.0950 52.1008 52.0734 52.0265 52.0059 51.9610 51.9361 51.9355 52.2451 51.9793 51.8630 51.6346
51.4777 51.5535 51.6092 51.6288 51.6767 51.8039 51.8029 51.9269 51.9822 51.9824 51.9936 52.0295 52.0297 51.9873 51.9784 52.0053 52.0491 52.0066 51.9726 51.9658 51.9791 52.0280 52.0529 52.0629 52.0837 52.0543 52.0597 52.1077 52.1156 52.1263 52.1416 52.1687 52.1515 52.1351 52.1322 52.1216 52.1239 52.1640 52.1543 52.1526 52.1656 52.2014 52.2082 52.2278 52.1929 52.1770 52.2154 52.2167 52.2188 52.2118 52.1839 52.1868 52.1896 52.1077 52.0840 52.0693 52.0770 52.0606 51.9699 51.9592 51.9648 51.9458 52.0271 52.2229 51.9485 51.8383 51.6408
51.4272 51.4465 51.4832 51.5442 51.6277 51.7980 51.8270 51.8999 51.9411 52.0158 52.0512 52.0666 52.0020 51.9824 51.9000 51.8760 51.8806 51.8699 51.8599 51.8915 51.9307 52.0170 52.0475 52.0745 52.1152 52.0928 52.0884 52.1002 52.1060 52.1245 52.1453 52.1825 52.1896 52.1713 52.1611 52.1784 52.1986 52.2281 52.2218 52.2383 52.2530 52.2848 52.2825 52.2706 52.2402 52.2300 52.2195 52.2296 52.2334 52.2002 52.1921 52.1498 52.1491 52.1224 52.1326 52.1042 52.0734 52.0554 52.0164 51.9878 51.9010 51.8964 51.9335 51.9043 51.8219 51.7210 51.6311
51.4841 51.4645 51.5138 51.5484 51.6162 51.7689 51.7471 51.7829 51.8130 51.8645 51.9331 52.0028 52.0228 51.9844 51.8678 51.9191 51.9628 51.9150 51.8795 51.8753 51.9092 51.9468 51.9753 51.9921 52.0442 52.0495 52.0726 52.1139 52.1128 52.1268 52.1454 52.1975 52.2147 52.2166 52.2149 52.2305 52.2612 52.2978 52.3101 52.3432 52.3032 52.3208 52.2995 52.2584 52.2282 52.2202 52.2299 52.2378 52.2468 52.2102 52.2290 52.2151 52.2237 52.1791 52.1695 52.1775 52.1280 52.0452 52.0145 51.9959 51.9189 51.9212 51.9397 51.9118 51.8388 51.6963 51.5883
51.4945 51.4721 51.5071 51.4903 51.5733 51.7105 51.6787 51.7248 51.7766 51.7928 51.8595 51.9009 51.9369 51.9275 51.9484 51.9456 51.9652 51.9221 51.8929 51.9132 51.9393 51.9855 52.0319 52.0362 52.0630 52.0541 52.0434 52.0526 52.0576 52.0948 52.1193 52.1921 52.2582 52.2609 52.2838 52.2868 52.3042 52.3359 52.3407 52.3511 52.3585 52.3451 52.2843 52.2782 52.2601 52.2489 52.2694 52.2859 52.2841 52.2182 52.2103 52.2203 52.2134 52.2011 52.1877 52.1722 52.1657 52.0869 51.9993 51.9666 51.9303 51.9281 51.8667 51.8552 51.7975 51.7022 51.5796
51.4498 51.4635 51.4392 51.4853 51.5781 51.6812 51.6244 51.7309 51.7835 51.8323 51.8709 51.9207 51.9446 51.9355 51.9576 51.9357 51.9460 51.8796 51.8522 51.8862 51.9490 52.0290 52.0987 52.1202 52.1302 52.1361 52.1112 52.0972 52.1090 52.0860 52.0974 52.1276 52.1722 52.2273 52.2268 52.2682 52.3255 52.3795 52.4326 52.4578 52.4399 52.4164 52.3405 52.3393 52.2876 52.2781 52.2863 52.3029 52.2976 52.2509 52.2194 52.2326 52.2442 52.2255 52.2090 52.1957 52.1505 52.0994 52.0314 51.9375 51.8714 51.8435 51.8142 51.8016 51.7595 51.6706 51.5311
51.4459 51.4362 51.4239 51.4626 51.5955 51.7193 51.6631 51.7320 51.7942 51.8776 51.9412 51.9715 52.0155 52.0351 52.0612 52.0062 51.9637 51.9634 51.9412 51.9463 51.9221 51.9448 51.9995 52.0752 52.1075 52.1459 52.1122 52.1306 52.1512 52.1702 52.1696 52.1994 52.2065 52.2367 52.2565 52.3100 52.3151 52.3562 52.3977 52.3858 52.4154 52.3903 52.3312 52.3216 52.3073 52.2960 52.2923 52.2836 52.2926 52.2820 52.2461 52.2457 52.2184 52.2000 52.1568 52.1642 52.1599 52.1546 52.0991 52.0180 51.9250 51.8799 51.8009 51.7754 51.6982 51.6468 51.6033
51.4346 51.5051 51.4762 51.5032 51.6075 51.7401 51.6898 51.7454 51.8142 51.8948 52.0023 52.0753 52.1501 52.1305 52.1436 52.0394 51.9873 51.9517 51.9322 51.9320 51.9732 51.9906 52.0090 52.0646 52.0960 52.1350 52.1149 52.1370 52.1667 52.1419 52.1771 52.2028 52.2625 52.3447 52.3680 52.3819 52.3945 52.4131 52.4353 52.4407 52.4396 52.4037 52.3184 52.2444 52.2156 52.1684 52.1590 52.1446 52.1684 52.1666 52.1921 52.2010 52.1817 52.1743 52.1815 52.1997 52.2041 52.2029 52.1615 52.0617 52.0205 51.9757 51.9201 51.8223 51.7216 51.6241 51.5883
51.3915 51.4809 51.5111 51.5356 51.5551 51.7250 51.6634 51.7310 51.8088 51.8890 52.0086 52.1266 52.1571 52.1007 52.1244 52.0654 52.0411 51.9942 51.9961 51.9784 52.0300 52.0181 52.0305 52.0566 52.1027 52.1012 52.1204 52.1587 52.2224 52.2327 52.2578 52.2744 52.2974 52.2973 52.3017 52.3311 52.4003 52.4630 52.4469 52.4035 52.3636 52.3328 52.2446 52.1963 52.1390 52.1335 52.1465 52.1035 52.0611 52.0227 52.0291 52.0435 52.0776 52.0978 52.1343 52.1723 52.1969 52.2445 52.2118 52.1251 52.0759 52.0221 51.9764 51.9256 51.8382 51.7037 51.6356
51.3368 51.4641 51.5335 51.5472 51.5031 51.6200 51.5674 51.7036 51.8322 51.9123 52.0297 52.1673 52.1923 52.1386 52.1162 52.0911 52.1070 52.0774 52.0707 52.0818 52.0799 52.0759 52.0947 52.1022 52.1134 52.1257 52.2031 52.2104 52.2385 52.2463 52.2679 52.2744 52.2675 52.2960 52.2807 52.2996 52.2349 52.2783 52.3549 52.3459 52.2875 52.2481 52.2339 52.2192 52.1808 52.1460 52.1457 52.1243 52.0405 51.9959 51.9794 51.9984 52.0599 52.0842 52.0971 52.1189 52.0933 52.1033 52.1104 52.0945 52.0567 52.0092 51.9899 51.9591 51.9138 51.8313 51.7742
51.3261 51.4350 51.5039 51.5154 51.4962 51.5710 51.5375 51.7142 51.8408 51.9737 52.0404 52.1391 52.1706 52.1533 52.0905 52.0964 52.1354 52.1401 52.1514 52.1282 52.1003 52.0784 52.1004 52.1045 52.1223 52.1341 52.1767 52.1756 52.1835 52.2118 52.2279 52.2451 52.2326 52.2473 52.2586 52.2869 52.2399 52.2521 52.2467 52.2567 52.2766 52.2680 52.2340 52.2103 52.1978 52.1422 52.1484 52.1418 52.0968 52.0600 52.0245 52.0221 52.0198 52.0237 52.0358 52.0597 52.0845 52.0876 52.0701 52.0541 52.0433 52.0011 51.9671 51.9375 51.8828 51.8375 51.7543
