regresion/MARZO_2003/MODIS/Composicion (B12).txt
ncols         167
nrows         127
xllcorner     -112.017
yllcorner     26.716
cellsize      0.00898
[rows 58 to 86 of 127, columns 0 to 66 of 167]
34.3694 34.3535 34.3392 34.3538 34.3762 34.3887 34.3499 34.3204 34.3440 34.3263 34.2804 34.2164 34.1373 33.9508 33.8685 33.9114 33.9622 33.9803 34.0949 34.2018 34.2934 34.4947 34.6816 34.7878 34.8397 34.9449 34.9720 35.0431 35.1187 35.1883 35.2921 35.3726 35.3837 35.3780 35.4014 35.3451 35.3047 35.2878 35.3679 35.4247 35.4399 35.4623 35.4514 35.4990 35.5237 35.5592 35.5866 35.5805 35.5453 35.5177 35.5397 35.5370 35.5307 35.5035 35.5326 35.5546 35.5998 35.5794 35.5766 35.5938 35.6709 35.6898 35.6884 35.7041 35.7459 35.7612 35.7744
34.3553 34.3146 34.2781 34.2910 34.3363 34.3429 34.2778 34.2884 34.3063 34.2542 34.1871 34.0858 34.0116 33.8810 33.8721 33.9271 34.0138 34.0293 34.1553 34.2834 34.4023 34.6045 34.7226 34.8446 34.9184 35.0531 35.0622 35.1104 35.1664 35.1520 35.1951 35.2960 35.3294 35.3958 35.4349 35.4534 35.4830 35.5016 35.5317 35.5347 35.5588 35.5836 35.5625 35.5225 35.5176 35.5682 35.6099 35.5817 35.6052 35.5778 35.5906 35.5572 35.5615 35.6037 35.6385 35.6323 35.6023 35.5658 35.5583 35.6549 35.7313 35.7855 35.7881 35.7914 35.7709 35.8158 35.8051
34.5118 34.4412 34.3859 34.3678 34.3479 34.3190 34.2832 34.2826 34.2662 34.2000 34.1096 34.0286 33.9924 33.8964 33.8963 33.9687 34.0807 34.1320 34.2664 34.3961 34.5076 34.6451 34.8205 34.8974 34.9430 35.1175 35.1051 35.1361 35.1715 35.1891 35.2572 35.3306 35.3755 35.4395 35.4574 35.4668 35.4986 35.5059 35.5444 35.6153 35.7001 35.7175 35.7243 35.6483 35.6378 35.6525 35.6817 35.6203 35.6358 35.5880 35.6145 35.6117 35.6243 35.6559 35.6975 35.6774 35.6610 35.6139 35.6463 35.7483 35.8261 35.7925 35.7837 35.8369 35.8014 35.7863 35.7365
34.4423 34.3830 34.3576 34.3489 34.3538 34.3136 34.3143 34.2680 34.1970 34.1120 34.0675 34.0081 33.9871 33.9895 34.0348 34.0976 34.1549 34.2093 34.3346 34.4717 34.6167 34.7079 34.9134 35.0693 35.1213 35.1823 35.1707 35.1727 35.1851 35.2105 35.2622 35.3622 35.4297 35.5249 35.5406 35.4870 35.4485 35.4633 35.5422 35.5791 35.6228 35.6191 35.6813 35.7281 35.6826 35.7297 35.7783 35.7566 35.6545 35.6651 35.6561 35.6467 35.6570 35.7261 35.7932 35.8098 35.7596 35.7387 35.6637 35.7020 35.6553 35.6425 35.6539 35.7080 35.6863 35.6431 35.5804
34.3384 34.2740 34.2873 34.3205 34.2616 34.1901 34.2025 34.1512 34.1274 34.1148 34.1150 34.1295 34.1554 34.1669 34.1788 34.2414 34.3006 34.3610 34.5324 34.6813 34.8112 34.8767 35.0250 35.2545 35.2365 35.2615 35.2446 35.2548 35.3095 35.2852 35.3186 35.3925 35.4515 35.4868 35.5097 35.4923 35.4881 35.5268 35.5365 35.5504 35.4435 35.4594 35.4773 35.5373 35.5477 35.5793 35.5313 35.5765 35.6197 35.6923 35.7708 35.7837 35.7854 35.7815 35.7390 35.6384 35.6059 35.5366 35.5035 35.5308 35.5027 35.5050 35.5942 35.5802 35.5852 35.5314 35.5046
34.1845 34.2059 34.2511 34.2522 34.1688 34.1311 34.1378 34.1276 34.1196 34.1249 34.2046 34.2083 34.2805 34.2309 34.2488 34.3642 34.4234 34.4673 34.6392 34.8010 34.9499 35.0201 35.1345 35.3122 35.3140 35.2447 35.2661 35.2903 35.3304 35.3138 35.3257 35.3262 35.3249 35.4399 35.5761 35.5664 35.5761 35.5612 35.5123 35.5072 35.4705 35.4897 35.5318 35.5509 35.5432 35.5188 35.5249 35.5297 35.5743 35.5998 35.6236 35.6215 35.6170 35.5555 35.5365 35.5506 35.6031 35.6030 35.5980 35.6027 35.5932 35.6062 35.5970 35.5689 35.5876 35.5658 35.4700
34.0076 34.0618 34.2436 34.3236 34.3043 34.2738 34.2517 34.2135 34.1955 34.2388 34.2933 34.2958 34.2682 34.2778 34.2974 34.4146 34.5236 34.5577 34.7114 34.8331 35.0628 35.1552 35.2238 35.3821 35.3839 35.3640 35.3216 35.3650 35.3882 35.3979 35.4668 35.3792 35.3984 35.4618 35.5488 35.5436 35.6265 35.6394 35.6755 35.6740 35.6981 35.7612 35.7126 35.6425 35.5959 35.5700 35.5723 35.5162 35.5559 35.6043 35.6582 35.6666 35.6615 35.6581 35.5966 35.5382 35.5654 35.5853 35.5992 35.6148 35.6011 35.5569 35.6094 35.5777 35.5799 35.5029 35.4286
34.0576 34.1463 34.2867 34.3122 34.3296 34.2927 34.2745 34.2787 34.2579 34.3045 34.3534 34.3006 34.2773 34.2876 34.3353 34.4479 34.5357 34.5896 34.7687 34.9029 35.0490 35.1522 35.2424 35.3088 35.4452 35.4351 35.3657 35.4363 35.4860 35.4740 35.5145 35.5096 35.5439 35.5779 35.6737 35.7300 35.7947 35.8259 35.8704 35.8747 35.8804 35.8576 35.8522 35.8354 35.7978 35.7508 35.7063 35.6385 35.5940 35.6178 35.7092 35.7319 35.7256 35.7279 35.6812 35.6693 35.6578 35.6719 35.6558 35.6905 35.6939 35.6311 35.5782 35.5198 35.4809 35.4498 35.3481
34.1522 34.1599 34.2954 34.3057 34.3041 34.3318 34.3257 34.3351 34.2985 34.2423 34.2258 34.2141 34.1777 34.2365 34.3564 34.5066 34.5828 34.6288 34.7725 34.8956 35.0389 35.0999 35.1837 35.2755 35.4811 35.4990 35.4895 35.4357 35.5172 35.5597 35.6082 35.7115 35.7164 35.7422 35.7826 35.7902 35.8284 35.8892 35.9608 35.9595 35.9730 35.9571 35.9380 35.8733 35.8244 35.8362 35.7977 35.7608 35.7156 35.7518 35.7861 35.7542 35.7214 35.6994 35.6976 35.7235 35.7144 35.7132 35.7106 35.7512 35.7316 35.6334 35.5658 35.4829 35.4471 35.3999 35.3581
34.2516 34.2066 34.2469 34.2900 34.2903 34.3228 34.3065 34.3077 34.2967 34.2392 34.2305 34.1754 34.1391 34.1439 34.2105 34.3542 34.4333 34.5061 34.7034 34.8477 35.0225 35.1727 35.2522 35.3577 35.5271 35.5405 35.5922 35.6351 35.6487 35.5248 35.5253 35.6495 35.7880 35.7843 35.7971 35.8209 35.8666 35.8745 35.8279 35.7928 35.8235 35.8224 35.8732 35.8515 35.8073 35.8745 35.8541 35.8553 35.8499 35.8996 35.9235 35.8853 35.8432 35.8286 35.8074 35.8095 35.7435 35.6903 35.6661 35.6077 35.5642 35.5201 35.4533 35.3963 35.3925 35.4456 35.3961
34.4385 34.3796 34.3482 34.3057 34.3059 34.2998 34.2683 34.1915 34.1775 34.1443 34.1345 34.1254 34.1205 34.1735 34.3119 34.4526 34.5425 34.6670 34.7411 34.8833 35.0098 35.0291 35.1165 35.2371 35.4081 35.4877 35.6044 35.5630 35.5454 35.5932 35.5885 35.7086 35.7695 35.7248 35.7126 35.7024 35.7561 35.7504 35.7253 35.6726 35.6430 35.6769 35.7874 35.7621 35.7880 35.8930 35.8666 35.9326 35.9804 36.0191 35.9799 35.9459 35.8676 35.8825 35.8643 35.8095 35.7244 35.6589 35.5716 35.5155 35.4245 35.4713 35.4655 35.4904 35.4765 35.4639 35.4055
34.6976 34.5431 34.3517 34.3146 34.3067 34.3038 34.2706 34.2192 34.1830 34.1969 34.1885 34.1755 34.1968 34.2455 34.3952 34.5701 34.6766 34.7091 34.8067 34.8909 35.0300 35.0986 35.1553 35.2403 35.3125 35.3287 35.3823 35.4032 35.3788 35.4317 35.4536 35.5586 35.6090 35.6088 35.6241 35.6464 35.6827 35.7778 35.8050 35.8081 35.8000 35.8463 35.8452 35.8400 35.8475 35.8836 35.9135 35.9151 35.9578 35.9401 35.8428 35.8120 35.7571 35.7781 35.8086 35.7400 35.7358 35.6904 35.4857 35.4858 35.5013 35.4684 35.4880 35.4949 35.4516 35.4105 35.3774
34.8299 34.5551 34.3735 34.3510 34.3291 34.3828 34.3881 34.3637 34.3192 34.2990 34.2613 34.2429 34.2622 34.3401 34.4480 34.5953 34.7229 34.8588 34.9825 35.0321 35.0654 35.1095 35.1737 35.2353 35.2185 35.2192 35.2399 35.2744 35.3061 35.3458 35.3605 35.3749 35.4337 35.4837 35.4867 35.5545 35.6157 35.7234 35.7989 35.8271 35.8368 35.8801 35.9319 35.9838 35.9720 35.9228 35.9484 35.9272 35.9191 35.7896 35.6704 35.5052 35.5600 35.5583 35.5353 35.5249 35.4796 35.4288 35.3779 35.3418 35.4149 35.4222 35.4001 35.4310 35.4319 35.4125 35.4052
35.2944 34.8948 34.5549 34.4672 34.4588 34.4422 34.4464 34.4952 34.4436 34.3925 34.3201 34.2996 34.3267 34.4375 34.5088 34.6158 34.7614 34.8617 34.9965 35.0728 35.0794 35.1075 35.1637 35.2495 35.2183 35.2126 35.1763 35.2582 35.2871 35.3217 35.3594 35.3523 35.3825 35.4577 35.4856 35.5610 35.5809 35.6228 35.6729 35.6795 35.6863 35.7888 35.8253 35.8325 35.7808 35.8603 35.7591 35.7427 35.7904 35.6550 35.4331 35.3114 35.2257 35.1968 35.1604 35.1413 35.1917 35.2191 35.1993 35.1967 35.2058 35.2724 35.3460 35.3480 35.3651 35.3831 35.4356
35.6973 35.1663 34.7244 34.5912 34.5356 34.4974 34.4935 34.5087 34.4713 34.4203 34.4039 34.3727 34.4162 34.4161 34.4543 34.5263 34.6917 34.8136 34.9890 35.0546 35.1305 35.1512 35.1579 35.1575 35.1985 35.1114 35.1462 35.2180 35.2855 35.2765 35.3368 35.3420 35.3814 35.4166 35.4442 35.5178 35.5568 35.5496 35.5945 35.6128 35.6934 35.6710 35.5648 35.6495 35.6304 35.5415 35.4857 35.4976 35.4542 35.2782 35.1997 35.0972 35.0291 35.0220 35.0238 34.9904 35.0567 35.0497 35.0253 35.0044 35.0057 35.0805 35.1339 35.2015 35.2312 35.3129 35.3026
36.1407 35.2862 34.5955 34.5207 34.5331 34.4673 34.4308 34.4003 34.4168 34.3727 34.3823 34.4204 34.4751 34.4796 34.4889 34.5292 34.6547 34.7764 34.9492 35.0195 35.1399 35.1742 35.1472 35.0803 35.1114 35.1108 35.1668 35.2164 35.2727 35.2246 35.3009 35.3096 35.2857 35.2225 35.2423 35.3450 35.4108 35.3945 35.3379 35.4534 35.4559 35.4405 35.3746 35.3833 35.2862 35.2798 35.2347 35.2098 35.1569 35.0479 34.9533 34.8593 34.8242 34.8333 34.8775 34.8822 34.8902 34.8570 34.8000 34.8004 34.7739 34.8860 34.9538 35.0471 35.1514 35.1861 35.2096
35.4213 34.8072 34.6548 34.4722 34.4690 34.4690 34.4461 34.3923 34.3731 34.4067 34.4023 34.4199 34.4448 34.4541 34.5063 34.6087 34.6887 34.7888 34.9085 35.0298 35.1758 35.2435 35.2288 35.1590 35.1402 35.1096 35.1359 35.1798 35.2234 35.2297 35.2963 35.2659 35.2434 35.1230 35.0967 35.1280 35.1648 35.2092 35.2246 35.2319 35.2039 35.1892 35.1386 35.1151 35.0777 35.0623 35.0475 35.0201 34.9297 34.8836 34.8647 34.8381 34.8377 34.8352 34.8020 34.7700 34.7496 34.7376 34.7236 34.6973 34.6918 34.7408 34.8162 34.8791 34.9556 34.9797 35.0218
35.2263 34.7213 34.5021 34.3802 34.4074 34.4219 34.4093 34.4186 34.4378 34.4256 34.4367 34.4590 34.4895 34.4947 34.4977 34.5760 34.7158 34.7568 34.8210 34.9274 35.0809 35.1968 35.2199 35.1914 35.0871 34.9904 34.9675 34.9732 35.0174 35.0936 35.1509 35.1704 35.1188 35.0390 35.0106 35.0433 35.0842 35.1224 35.1260 35.0344 34.9786 34.9711 34.9545 34.9891 35.0080 35.0127 35.0140 35.0193 35.0082 34.9691 34.9442 34.8957 34.8522 34.8045 34.7574 34.7303 34.7292 34.6979 34.6742 34.6481 34.6642 34.6988 34.7543 34.8391 34.8928 34.9382 34.9971
34.8967 34.5006 34.2351 34.2564 34.3526 34.3529 34.3554 34.3461 34.3588 34.3452 34.4035 34.4599 34.4651 34.4518 34.5045 34.6360 34.7113 34.7595 34.8211 34.9665 35.0034 35.0648 34.9866 35.0181 35.0346 34.9676 34.9561 34.9923 35.0376 35.1115 35.1423 35.1054 35.0330 34.9593 34.9878 35.0115 34.9951 35.0132 35.0327 34.9214 34.9546 34.9366 34.9779 35.0176 35.0465 35.0712 35.0382 35.0423 35.0527 35.0330 34.9954 34.9098 34.8218 34.7573 34.7351 34.6926 34.7193 34.7352 34.7338 34.7271 34.7500 34.7882 34.8404 34.8813 34.8997 34.9125 34.9173
34.6330 34.3274 34.1393 34.1543 34.2649 34.3078 34.3029 34.3410 34.3489 34.3835 34.4246 34.4580 34.4337 34.3274 34.2938 34.3917 34.5537 34.6129 34.7195 34.8718 35.0278 35.0326 35.0387 35.0844 35.1344 35.0461 35.0300 34.9532 35.0170 35.0688 35.0981 35.0052 34.9278 34.9204 34.9401 34.9172 34.8672 34.8830 34.9706 34.8891 34.9564 34.9718 35.0286 35.0189 35.0274 35.0492 35.0094 34.9808 35.0225 35.0231 34.9494 34.8582 34.8172 34.7735 34.7523 34.7481 34.7663 34.7678 34.7626 34.7737 34.8396 34.8989 34.9454 34.9644 34.9679 34.9673 34.9206
34.3433 34.3010 34.2088 34.2638 34.3217 34.2891 34.3037 34.3445 34.3582 34.3732 34.3688 34.2222 34.1633 34.1157 34.1010 34.2483 34.4453 34.5150 34.7133 34.8233 34.8889 34.9293 34.9367 34.8977 34.8893 34.9111 34.9101 34.8838 34.8979 34.9974 35.0086 34.9552 34.9364 34.9724 34.9728 34.8893 34.7946 34.7929 34.8819 34.8290 34.8542 34.8793 34.9192 34.9371 34.9686 35.0139 34.9944 34.9919 35.0076 34.9660 34.9260 34.8393 34.8438 34.8149 34.8207 34.8636 34.8665 34.8758 34.8947 34.9284 34.9714 35.0190 35.0500 35.0457 35.0555 35.0527 35.0007
34.6724 34.5192 34.3624 34.3959 34.3990 34.3327 34.3493 34.3150 34.3135 34.2559 34.1646 34.1142 34.0584 34.0499 34.0125 34.1078 34.2201 34.2427 34.5784 34.7999 34.8798 34.8803 34.8914 34.8320 34.7750 34.7567 34.7534 34.7980 34.8053 34.8844 34.8673 34.8254 34.7961 34.7997 34.8367 34.7826 34.7152 34.7443 34.8441 34.8708 34.9096 34.8985 34.9186 34.9636 35.0286 35.0373 34.9869 34.9811 35.0256 34.9829 34.9786 34.9373 34.9074 34.8938 34.9096 34.9167 34.9543 35.0083 35.0563 35.0426 35.0617 35.0595 35.0652 35.0734 35.0538 35.0234 34.9689
35.3311 35.1980 34.7231 34.5644 34.4629 34.3883 34.3871 34.3350 34.3652 34.3315 34.2419 34.1345 34.1453 34.0730 34.0698 34.1744 34.2510 34.2334 34.4318 34.6048 34.7470 34.8262 34.8007 34.8006 34.7039 34.6499 34.6472 34.6719 34.6826 34.7729 34.7786 34.7528 34.7203 34.6978 34.7528 34.7745 34.6996 34.7330 34.7861 34.8022 34.8447 34.8692 34.8668 34.9131 34.9810 34.9612 34.9441 34.9208 34.9673 35.0077 34.9841 34.9310 34.9120 34.9159 34.9399 35.0283 35.0415 35.0468 35.0779 35.0201 34.9932 35.0282 35.0693 35.0810 35.0573 35.0812 35.0157
35.4873 34.2531 34.9320 35.3579 34.7327 34.6185 34.5779 34.3793 34.3816 34.3357 34.2506 34.1363 34.1500 34.0654 34.1015 34.1022 34.1534 34.1452 34.2779 34.3873 34.5474 34.6023 34.5835 34.6015 34.5563 34.4706 34.4498 34.4777 34.4942 34.5740 34.6769 34.7494 34.7114 34.7064 34.7468 34.7389 34.7037 34.6921 34.7234 34.7267 34.7549 34.8025 34.8449 34.8435 34.8977 34.8746 34.8804 34.8697 34.8625 34.8718 34.8139 34.8068 34.8005 34.8417 34.9177 35.0357 35.0972 35.0563 35.0443 35.0035 35.0364 35.0138 35.0535 35.0873 35.1228 35.0976 35.0222
32.9176 33.8350 34.6649 35.2452 36.7219 36.4246 34.9404 34.6052 34.4393 34.3171 34.2103 34.0965 34.0974 34.0630 34.0614 34.1032 34.1683 34.1383 34.2245 34.3122 34.4170 34.4995 34.5082 34.4796 34.4877 34.4763 34.4106 34.3955 34.4321 34.4774 34.5406 34.6278 34.6062 34.6226 34.7198 34.7256 34.6640 34.6521 34.6702 34.6702 34.6902 34.7060 34.7453 34.7680 34.7449 34.7490 34.7763 34.8064 34.7998 34.7567 34.7340 34.7460 34.7717 34.8291 34.8759 34.9932 35.0813 35.0636 35.0582 35.0245 35.0019 35.0221 35.1117 35.1390 35.1455 35.0869 35.0109
16.9188 21.2792 32.5144 38.0802 36.6901 36.1882 35.5807 35.2109 34.6683 34.4368 34.2408 34.1757 34.1555 34.1529 34.1525 34.1253 34.1537 34.1232 34.1972 34.2474 34.3477 34.3823 34.4363 34.4327 34.4794 34.4533 34.4155 34.4103 34.3741 34.3925 34.4474 34.5320 34.5286 34.5551 34.6461 34.6465 34.6602 34.6207 34.6511 34.5972 34.6585 34.6758 34.7093 34.7440 34.6778 34.6938 34.7000 34.7026 34.7101 34.7086 34.7189 34.7772 34.8207 34.8442 34.9777 35.0693 35.1101 35.0905 35.0830 35.0322 34.9754 34.9879 35.0455 35.0795 35.1103 35.0715 35.0350
6.4083 17.7977 42.2046 42.8810 41.2452 39.1496 39.2680 37.3331 36.1526 35.2868 34.7768 34.4421 34.2477 34.1630 34.1451 34.1631 34.1702 34.1574 34.1458 34.1604 34.2432 34.3030 34.3249 34.3178 34.3554 34.3967 34.3798 34.3599 34.3262 34.2840 34.3530 34.4272 34.3825 34.4358 34.4736 34.5151 34.5275 34.5146 34.5848 34.6126 34.6888 34.7528 34.7880 34.8141 34.7662 34.7598 34.7416 34.7544 34.7060 34.7229 34.7786 34.8001 34.7792 34.8193 34.9345 35.0338 35.1359 35.0883 35.0764 34.9990 35.0163 34.9920 35.0228 35.0952 35.0857 35.0752 35.0236
8.7615 15.8757 22.0528 37.3439 38.2992 37.5800 36.9576 39.9183 41.0525 37.3553 35.4493 34.8686 34.5000 34.3592 34.2861 34.2244 34.2152 34.1903 34.1680 34.1132 34.1533 34.1757 34.1898 34.2139 34.2014 34.2109 34.2078 34.2022 34.2255 34.1758 34.2243 34.2526 34.2245 34.3440 34.3971 34.4614 34.5682 34.6161 34.6845 34.7001 34.7737 34.7777 34.8031 34.8652 34.8356 34.8346 34.8541 34.8042 34.7800 34.7983 34.8266 34.8790 34.8638 34.8781 34.9601 34.9829 35.0654 35.0792 35.0661 34.9644 34.8905 34.9016 34.9796 35.0985 35.1265 35.1709 35.1183
2.2944 2.6944 14.0455 17.5855 28.2056 27.6763 41.1693 49.9133 47.5328 40.3812 37.0774 35.7647 34.9404 34.3912 34.2013 34.1718 34.1998 34.1786 34.1813 34.1134 34.0278 34.0849 34.0802 34.1147 34.0621 34.0327 34.0397 34.0652 34.0751 34.1026 34.0954 34.1720 34.2079 34.3148 34.3623 34.4218 34.5563 34.5829 34.6813 34.7075 34.7748 34.8439 34.8638 34.8654 34.8541 34.8353 34.8723 34.8528 34.8792 34.8939 34.8715 34.8815 34.8692 34.8898 34.9379 34.9563 35.0215 35.0688 35.1004 35.0092 34.9760 35.0004 35.0499 35.0857 35.1024 35.0909 35.0476
