regresion/MARZO_2003/MODIS/Composicion (B12).txt
ncols         167
nrows         127
xllcorner     -112.017
yllcorner     26.716
cellsize      0.00898
[rows 58 to 86 of 127, columns 67 to 133 of 167]
35.8429 35.8223 35.8226 35.8541 35.8802 35.8767 35.8345 35.8759 35.8116 35.7922 35.7472 35.7004 35.6725 35.7243 35.7031 35.6930 35.6713 35.6280 35.5972 35.5606 35.5240 35.4926 35.4629 35.4778 35.5104 35.4962 35.4656 35.4742 35.4834 35.4829 35.4778 35.4649 35.4246 35.3882 35.3612 35.2404 35.1745 35.1699 35.1579 35.1664 35.1182 34.9779 34.8735 34.8806 34.9283 34.9530 34.9356 34.9582 34.9922 35.0167 35.0392 35.0848 35.1142 35.1532 35.1060 35.0606 34.9805 34.8822 34.7555 34.8447 34.7702 34.8027 34.5444 34.4994 34.3393 34.2997 34.3773
35.8222 35.8557 35.8693 35.8793 35.8729 35.7969 35.7114 35.6168 35.5036 35.4305 35.4778 35.4746 35.4878 35.5130 35.5097 35.4844 35.4533 35.4671 35.4402 35.4206 35.4629 35.4415 35.4521 35.4679 35.4952 35.4931 35.4897 35.5158 35.5134 35.5083 35.5118 35.5051 35.4838 35.4496 35.3680 35.3635 35.3375 35.3362 35.2340 35.1812 35.1271 35.0149 34.8979 34.8619 34.9213 34.9884 35.0160 35.0369 35.0488 35.0677 35.0552 35.0129 35.0323 35.0648 34.9430 34.8894 34.8774 34.8155 34.6711 34.7624 34.9760 34.9005 34.3032 34.2177 34.1686 34.2109 34.2432
35.7368 35.7065 35.6698 35.6247 35.5175 35.3603 35.3156 35.2924 35.2832 35.3014 35.3573 35.3910 35.4111 35.4224 35.4413 35.4508 35.4513 35.4727 35.4390 35.4505 35.4560 35.3892 35.4090 35.4362 35.4500 35.4642 35.4697 35.5143 35.5144 35.4892 35.5470 35.5607 35.5473 35.5137 35.5171 35.4154 35.3435 35.2978 35.2326 35.2377 35.1739 35.0718 34.9979 34.9268 34.9127 34.9397 34.9832 35.0462 34.9898 35.0293 35.0520 35.0303 35.0659 35.0542 35.0138 34.9022 34.8021 34.7095 34.6051 36.0249 35.8331 35.8204 34.2309 34.1622 34.1915 34.2433 34.3137
35.6196 35.5299 35.4760 35.3348 35.2593 35.2394 35.2182 35.2056 35.2463 35.3010 35.3564 35.3577 35.4005 35.3753 35.3842 35.3659 35.3910 35.4414 35.4564 35.4477 35.4613 35.4836 35.5054 35.5323 35.5666 35.5394 35.5802 35.5683 35.5590 35.5822 35.5930 35.5866 35.5564 35.5252 35.5007 35.4210 35.3515 35.2784 35.2079 35.1840 35.1472 35.1096 35.0684 34.9970 34.9742 34.9437 34.9258 34.9695 34.9456 34.9653 34.9685 34.9401 34.9363 34.9289 34.8847 34.8046 34.7690 34.7378 34.6701 34.7290 34.8650 34.8189 34.2825 34.2906 34.3004 34.3539 34.4326
35.4879 35.4440 35.3983 35.3341 35.3362 35.2970 35.2999 35.2676 35.2687 35.2681 35.3244 35.3342 35.3715 35.3741 35.3944 35.4227 35.4451 35.5044 35.5128 35.4739 35.4435 35.4648 35.4983 35.5333 35.5602 35.5325 35.5861 35.6199 35.6227 35.6436 35.6332 35.6198 35.5997 35.5650 35.5284 35.4280 35.3028 35.1644 35.0791 35.0483 35.0155 34.9927 34.9793 34.9988 35.0039 34.9665 34.8824 34.9174 34.9177 34.9467 34.9526 34.8919 34.9216 34.8985 34.9293 34.8930 34.8091 34.7352 34.6636 34.5947 34.4549 34.4534 34.3739 34.3889 34.4261 34.4844 34.5476
35.4086 35.3403 35.3225 35.2674 35.2356 35.2287 35.2057 35.2083 35.2309 35.2980 35.3672 35.3471 35.4048 35.4273 35.4704 35.4697 35.4852 35.5002 35.5314 35.4901 35.4590 35.4660 35.4970 35.5232 35.5344 35.5232 35.5436 35.5694 35.5701 35.6474 35.6621 35.6134 35.5261 35.4263 35.3918 35.2905 35.2190 35.0858 35.0340 34.9995 34.9471 34.9019 34.9057 34.9199 34.9303 34.9084 34.8599 34.8807 34.8739 34.9027 34.9454 34.9244 34.8886 34.9030 34.9038 34.9238 34.8357 34.7646 34.6692 34.6056 34.5391 34.5266 34.4824 34.4500 34.5058 34.5056 34.6790
35.3045 35.3301 35.3105 35.2508 35.2401 35.2034 35.1958 35.2303 35.2433 35.2825 35.2902 35.2980 35.4160 35.4475 35.5234 35.5066 35.5348 35.5373 35.5816 35.5685 35.5923 35.5727 35.5731 35.5197 35.5073 35.5003 35.5239 35.5296 35.5065 35.5712 35.5890 35.5588 35.4964 35.3699 35.3367 35.2467 35.1916 35.0713 34.9881 34.9626 34.9864 34.9424 34.8711 34.8547 34.8719 34.8603 34.8185 34.8126 34.8433 34.9144 34.9467 34.9273 34.9066 34.9476 34.9098 34.8961 34.8354 34.7587 34.6848 34.6040 34.5536 34.5287 34.4664 34.5013 34.5228 34.5238 34.6725
35.3184 35.3130 35.2833 35.2741 35.3172 35.3162 35.2698 35.2706 35.2855 35.3355 35.3557 35.3594 35.4239 35.4793 35.5364 35.5134 35.5158 35.4897 35.5584 35.5885 35.6137 35.5599 35.4918 35.4469 35.4867 35.5128 35.5422 35.5418 35.5453 35.4959 35.5003 35.4489 35.4200 35.3825 35.3664 35.3279 35.2975 35.2383 35.1186 35.0535 35.0581 35.0206 34.9375 34.8796 34.8690 34.8294 34.7819 34.7475 34.7456 34.7760 34.8308 34.8966 34.8577 34.9344 34.8730 34.8761 34.7884 34.7108 34.6295 34.5677 34.5305 34.5091 34.5142 34.5193 34.5955 34.6257 34.6762
35.3218 35.2690 35.2117 35.2314 35.2952 35.3344 35.3375 35.3241 35.3475 35.3648 35.4015 35.4022 35.4159 35.4536 35.4689 35.4595 35.4385 35.4573 35.5157 35.5493 35.5219 35.4580 35.4477 35.4183 35.4401 35.4626 35.4515 35.5105 35.5312 35.4782 35.4486 35.4769 35.4760 35.4259 35.4078 35.3686 35.3680 35.3420 35.2447 35.1741 35.1154 35.0779 35.0068 34.9325 34.9109 34.8740 34.8246 34.7491 34.7140 34.6721 34.7073 34.7616 34.7587 34.7703 34.7625 34.6809 34.6901 34.6437 34.5387 34.5179 34.4769 34.4962 34.4955 34.5255 34.5907 34.7069 34.7669
35.3240 35.3040 35.2843 35.2940 35.3121 35.3103 35.2852 35.2795 35.2555 35.2393 35.2483 35.3044 35.3351 35.3205 35.3553 35.4012 35.4392 35.4585 35.4944 35.5416 35.5280 35.4869 35.4860 35.4890 35.4952 35.4872 35.4795 35.4812 35.4930 35.4673 35.4516 35.4607 35.4853 35.4745 35.4931 35.4862 35.4735 35.4288 35.3644 35.3173 35.2203 35.0921 35.0300 34.9550 34.9294 34.8542 34.7944 34.6969 34.6511 34.6242 34.6705 34.7328 34.7031 34.7131 34.6475 34.6198 34.6463 34.6166 34.5450 34.4914 34.4525 34.4921 34.4944 34.4554 34.4944 34.6389 34.7596
35.3160 35.2682 35.2524 35.2490 35.2560 35.2757 35.2815 35.2569 35.2224 35.2119 35.1787 35.1951 35.2150 35.2502 35.2804 35.3486 35.3645 35.3998 35.4731 35.5132 35.5684 35.5658 35.5613 35.5560 35.5784 35.5774 35.6176 35.6014 35.5837 35.5709 35.5541 35.4945 35.4637 35.4458 35.4542 35.4410 35.4360 35.3830 35.3667 35.3613 35.2636 35.2152 35.1548 35.0850 35.0344 34.9731 34.8760 34.7568 34.6176 34.6189 34.6210 34.6807 34.6761 34.7236 34.6452 34.5649 34.6132 34.6032 34.6234 34.5702 34.5266 34.5622 34.5240 34.4795 34.5191 34.6341 34.7185
35.3051 35.3127 35.3090 35.3099 35.3104 35.3101 35.2857 35.2710 35.2142 35.2246 35.2215 35.2194 35.2468 35.2746 35.2612 35.2749 35.3100 35.3812 35.4505 35.5003 35.5514 35.5706 35.5745 35.5791 35.6299 35.6277 35.6516 35.6414 35.6599 35.6453 35.6063 35.5598 35.4794 35.4364 35.4375 35.4340 35.4406 35.4422 35.4099 35.3885 35.3108 35.2155 35.1552 35.1035 35.0564 34.9938 34.9784 34.9030 34.7450 34.6642 34.6636 34.6911 34.6664 34.6762 34.6157 34.5632 34.5643 34.5982 34.6326 34.6508 34.5728 34.5834 34.5172 34.4641 34.4194 34.4379 34.5362
35.3486 35.3508 35.3756 35.3282 35.3598 35.3752 35.3322 35.3453 35.2687 35.2627 35.2567 35.1964 35.1923 35.2173 35.2303 35.2363 35.2870 35.3899 35.4582 35.5009 35.5093 35.5164 35.4922 35.5040 35.5160 35.5052 35.5534 35.6093 35.6139 35.6295 35.6190 35.5813 35.5245 35.5000 35.4898 35.4840 35.4660 35.4929 35.4689 35.4339 35.3506 35.2278 35.1383 35.0734 35.0325 34.9855 34.9506 34.8756 34.7877 34.6737 34.6511 34.6616 34.5978 34.6446 34.6105 34.5659 34.5230 34.5200 34.5560 34.6070 34.5636 34.5411 34.5107 34.4687 34.3714 34.3815 34.4252
35.4667 35.4224 35.3747 35.4084 35.4314 35.4104 35.3402 35.3246 35.2917 35.2652 35.2821 35.2275 35.2037 35.2589 35.2753 35.2222 35.2857 35.3144 35.2971 35.3903 35.3960 35.5122 35.4600 35.4976 35.5239 35.5160 35.6076 35.6298 35.6439 35.6365 35.6185 35.6275 35.5744 35.5466 35.5032 35.5144 35.4895 35.5055 35.4865 35.4495 35.4119 35.3029 35.2079 35.1422 35.0810 35.0450 34.9458 34.8290 34.7265 34.6120 34.6157 34.5770 34.5412 34.6020 34.5625 34.5675 34.4432 34.4398 34.5084 34.5825 34.5882 34.5882 34.5477 34.4202 34.4160 34.4450 34.4488
35.3160 35.3432 35.3104 35.3498 35.3280 35.3300 35.2865 35.2461 35.2222 35.2322 35.2130 35.1925 35.1998 35.2094 35.2338 35.2329 35.2694 35.3439 35.3882 35.4229 35.4976 35.4847 35.5359 35.5728 35.5894 35.5490 35.5641 35.6386 35.6881 35.6924 35.6858 35.6144 35.5441 35.5471 35.4638 35.5055 35.4428 35.4663 35.4552 35.4210 35.4087 35.2970 35.2120 35.1352 35.1071 35.0649 35.0049 34.8979 34.7583 34.6500 34.6252 34.5675 34.5456 34.4916 34.4308 34.4203 34.3949 34.4053 34.4577 34.5572 34.5803 34.6089 34.5385 34.5100 34.4926 34.5046 34.4652
35.1683 35.1209 35.0451 34.9955 35.0202 35.0035 34.9524 34.9302 34.9268 34.9492 34.9834 35.0443 35.0986 35.1078 35.1732 35.1876 35.2441 35.2611 35.3295 35.3782 35.4108 35.4297 35.4484 35.4776 35.4882 35.5394 35.5568 35.5231 35.6191 35.6378 35.6126 35.6073 35.5270 35.4944 35.4785 35.4276 35.3878 35.4542 35.3908 35.3723 35.3373 35.2482 35.1229 35.0878 35.0423 35.0441 35.0116 34.9117 34.8252 34.7480 34.7200 34.6669 34.6148 34.4692 34.4241 34.4399 34.3935 34.4280 34.4364 34.4966 34.5224 34.5352 34.5417 34.5104 34.4549 34.4327 34.4276
35.0160 34.9662 34.9344 34.9027 34.8889 34.8331 34.8034 34.8006 34.7768 34.8100 34.8392 34.8509 34.8968 34.9647 35.0610 35.0678 35.1496 35.1466 35.2019 35.2292 35.2844 35.3017 35.3314 35.3784 35.3755 35.3744 35.3627 35.3410 35.3362 35.3676 35.3743 35.3344 35.2951 35.3045 35.2718 35.2490 35.2071 35.2329 35.1880 35.1901 35.2036 35.1934 35.0728 35.0497 35.0140 35.0440 35.0162 34.9205 34.8567 34.7062 34.6453 34.5729 34.5444 34.4034 34.4309 34.4073 34.3990 34.3983 34.4292 34.4621 34.5042 34.5458 34.5448 34.4848 34.4429 34.3951 34.3755
34.9591 34.9266 34.9196 34.8750 34.8987 34.8269 34.7911 34.7522 34.7056 34.7307 34.7510 34.7949 34.8359 34.8542 34.9475 34.9957 35.0239 35.0280 35.0767 35.0500 35.0953 35.1704 35.2070 35.2308 35.2196 35.1921 35.2117 35.2492 35.2637 35.2502 35.2175 35.1749 35.1571 35.2035 35.1547 35.1687 35.1627 35.1116 35.1208 35.1297 35.1286 35.1331 35.0889 35.1105 35.0774 35.1318 35.1100 34.9593 34.8115 34.7243 34.6270 34.5572 34.5206 34.4256 34.3799 34.3656 34.4153 34.4090 34.4871 34.4806 34.4916 34.4889 34.4975 34.5472 34.4934 34.4043 34.3535
34.8773 34.8410 34.8468 34.8297 34.8580 34.8873 34.8857 34.8473 34.8300 34.8260 34.8036 34.8225 34.8332 34.8392 34.8572 34.8098 34.8113 34.8107 34.8895 34.9134 34.9709 35.0925 35.0647 35.1202 35.1136 35.1172 35.1265 35.1752 35.2060 35.2228 35.2026 35.1756 35.1387 35.1696 35.1183 35.1001 35.0785 35.0723 35.0505 35.0995 35.1214 35.1110 35.1090 35.0862 35.0702 35.0328 35.0406 34.9770 34.8353 34.6839 34.6035 34.4859 34.4174 34.3488 34.3107 34.2792 34.3160 34.3538 34.4561 34.5036 34.5351 34.5645 34.5251 34.5290 34.5574 34.4809 34.3991
34.8687 34.8334 34.8008 34.7675 34.7824 34.8426 34.8966 34.8727 34.8983 34.9090 34.8927 34.9114 34.9310 34.9190 34.9113 34.8781 34.8692 34.8241 34.8490 34.8310 34.8327 34.8786 34.9184 34.9506 35.0187 35.0653 35.0775 35.1562 35.1803 35.2240 35.2048 35.1416 35.1097 35.1163 35.0698 35.0678 35.0276 35.0127 35.0029 35.0523 35.0694 35.0433 35.0149 34.9991 34.9390 34.9682 34.8348 34.8036 34.7145 34.5630 34.4742 34.4191 34.3850 34.3433 34.3150 34.2502 34.2344 34.3248 34.3967 34.4755 34.5179 34.5362 34.5184 34.4994 34.5548 34.5277 34.4665
34.9120 34.8332 34.7854 34.7604 34.7698 34.7835 34.8339 34.8528 34.8877 34.9435 34.9590 34.9512 34.9598 34.9229 34.9159 34.8567 34.8711 34.8748 34.9110 34.9007 34.9121 34.9031 34.9387 34.9264 34.9601 34.9545 34.9905 35.0563 35.1116 35.1412 35.1528 35.1405 35.1055 35.0751 35.0524 35.0384 35.0222 34.9951 34.9924 35.0343 35.0700 35.0528 35.0128 34.9913 34.8819 34.8318 34.7675 34.6794 34.6449 34.5421 34.4591 34.3916 34.3484 34.3461 34.3399 34.3062 34.2330 34.2632 34.3357 34.4360 34.4661 34.4910 34.5375 34.5321 34.5147 34.5073 34.4829
34.8925 34.8346 34.7743 34.7375 34.7211 34.7514 34.8185 34.8939 34.9644 34.9922 35.0278 35.0469 35.0461 35.0229 34.9730 34.9493 34.9321 34.9213 34.9654 34.9676 34.9822 34.9783 34.9443 34.9087 34.9538 34.9859 35.0217 35.0374 35.0218 35.0248 35.0133 34.9952 34.9270 34.9144 34.8821 34.9483 34.9953 35.0214 35.0453 35.0623 35.1162 35.1054 35.0552 35.0352 34.9413 34.8440 34.7306 34.6107 34.6192 34.5440 34.5005 34.4361 34.3741 34.3545 34.3634 34.3296 34.2814 34.2812 34.3150 34.3979 34.4019 34.4290 34.4003 34.3735 34.4349 34.4494 34.3900
34.9656 34.9034 34.8563 34.8234 34.7615 34.7649 34.8262 34.8361 34.8557 34.8775 34.9177 34.9696 35.0439 35.0554 35.0826 35.0615 35.0374 35.0035 35.0305 35.0079 35.0038 34.9565 34.9401 34.9415 34.9405 34.9410 34.9662 35.0036 34.9909 34.9389 34.9317 34.8996 34.9052 34.9183 34.9086 34.9274 35.0001 35.0184 35.0061 34.9963 35.0201 35.0139 34.9907 35.0241 34.9460 34.8843 34.7958 34.6791 34.6109 34.5724 34.5569 34.4461 34.3759 34.3446 34.3220 34.2836 34.2069 34.1946 34.2033 34.2365 34.2811 34.3075 34.3037 34.2755 34.3166 34.3949 34.3612
34.9788 34.9343 34.8701 34.8424 34.8117 34.8092 34.8326 34.8150 34.8121 34.8195 34.8370 34.8530 34.9143 34.9542 35.0491 35.0585 35.0425 35.0278 35.0169 34.9845 34.9742 35.0110 34.9703 34.9780 34.9521 34.9087 34.8854 34.8538 34.8372 34.8586 34.8419 34.8532 34.8333 34.9271 34.9410 34.9760 35.0019 35.0046 35.0155 35.0058 35.0267 35.0341 34.9253 34.9347 34.8219 34.7927 34.7420 34.6354 34.6047 34.5904 34.5836 34.4776 34.4286 34.4096 34.3843 34.3103 34.2786 34.2151 34.2353 34.2211 34.2218 34.2527 34.2977 34.3129 34.3436 34.4114 34.3807
34.9838 34.9549 34.9266 34.9205 34.8686 34.8693 34.8527 34.8154 34.7977 34.7869 34.7834 34.8010 34.8113 34.8327 34.9059 34.9697 35.0111 35.0251 35.0176 35.0190 35.0211 35.0529 35.0136 35.0038 34.9363 34.8839 34.8466 34.8039 34.8023 34.8526 34.8572 34.8697 34.8849 34.9052 34.8908 34.9330 34.9762 35.0121 35.0405 35.0169 35.0102 34.9303 34.8435 34.8535 34.7914 34.7643 34.7157 34.6207 34.5651 34.5404 34.5708 34.4534 34.4258 34.3895 34.3977 34.3905 34.3569 34.3016 34.2873 34.2967 34.2757 34.2859 34.3017 34.3061 34.3909 34.4361 34.4749
35.0328 35.0326 34.9799 34.9539 34.9106 34.9144 34.8963 34.8635 34.8300 34.8275 34.8046 34.8199 34.8186 34.8537 34.9243 34.9984 35.0534 35.0394 35.0454 35.0502 35.0888 35.0849 35.0290 34.9897 34.9839 34.9534 34.9254 34.8735 34.8821 34.8816 34.9091 34.9415 34.9230 34.9268 34.8901 34.8947 34.9056 34.9174 34.9368 34.9480 34.9256 34.8378 34.7999 34.8324 34.8162 34.8149 34.7583 34.6892 34.6527 34.6017 34.6017 34.5398 34.4681 34.4490 34.4242 34.4145 34.3837 34.3181 34.2434 34.2411 34.2568 34.2948 34.3291 34.3238 34.3679 34.4213 34.4970
34.9959 34.9741 34.9538 34.9582 34.9537 34.9920 34.9507 34.9556 34.9203 34.8837 34.8828 34.8265 34.8406 34.8589 34.9195 34.9893 35.0622 35.0060 35.0251 35.0284 35.0378 35.0243 34.9993 34.9883 34.9971 34.9688 34.9761 34.9292 34.9421 34.9418 34.8752 34.8704 34.8995 34.9014 34.8809 34.8536 34.8492 34.8531 34.8830 34.8844 34.8298 34.8038 34.7778 34.7792 34.7993 34.8105 34.7928 34.7776 34.7712 34.7200 34.6914 34.6015 34.5026 34.5014 34.4872 34.4534 34.4444 34.3787 34.2763 34.2127 34.1927 34.2015 34.2735 34.3346 34.3622 34.4102 34.4365
35.1118 35.0764 35.0092 34.9776 34.9924 35.0149 35.0032 34.9860 34.9136 34.8862 34.8802 34.8609 34.8641 34.8929 34.9085 34.9317 35.0167 34.9422 35.0037 35.0442 35.0512 35.0170 34.9785 34.9452 34.9735 34.9052 34.9336 34.9045 34.9397 34.9351 34.9118 34.8909 34.9122 34.8999 34.8480 34.8096 34.8474 34.8758 34.8744 34.8787 34.8232 34.7940 34.8115 34.8113 34.8624 34.8578 34.8481 34.8419 34.8042 34.7498 34.6674 34.5697 34.5255 34.5140 34.5315 34.5458 34.5119 34.4288 34.3523 34.2704 34.2108 34.2123 34.2016 34.2837 34.3327 34.4054 34.3677
35.0733 35.0912 35.0700 35.0894 35.1012 35.0783 35.0619 35.0205 34.9862 34.9423 34.8909 34.8682 34.8592 34.8344 34.8167 34.8044 34.8638 34.8662 34.8916 34.8694 34.8830 34.8713 34.9248 34.9660 34.9585 34.9241 34.9249 34.8968 34.8864 34.8861 34.9029 34.9102 34.8940 34.9054 34.9043 34.9144 34.9365 34.9899 34.9699 34.9317 34.8591 34.8457 34.8419 34.8515 34.8617 34.8617 34.8359 34.8180 34.8046 34.7532 34.7472 34.6814 34.6190 34.5643 34.5636 34.4328 34.3696 34.3479 34.2929 34.2797 34.2507 34.2645 34.2598 34.3249 34.3959 34.4292 34.3829
