regresion/MARZO_2003/MODIS/Composicion (B12).txt
ncols         167
nrows         127
xllcorner     -112.017
yllcorner     26.716
cellsize      0.00898
[rows 87 to 115 of 127, columns 67 to 133 of 167]
35.1104 35.0801 35.1055 35.0851 35.0451 35.0265 35.0399 35.0216 34.9660 34.9839 34.9707 34.8882 34.8407 34.8215 34.8303 34.8024 34.7439 34.7244 34.7396 34.7436 34.7906 34.8567 34.8937 34.9227 34.8606 34.8589 34.9292 34.9414 34.9381 34.9045 34.9178 34.9285 34.9340 34.9618 34.9615 34.9832 35.0133 35.0229 35.0115 34.9397 34.8701 34.8719 34.8337 34.8212 34.8680 34.8495 34.8496 34.8006 34.7420 34.7105 34.7415 34.7084 34.6440 34.6203 34.6342 34.5985 34.5103 34.4104 34.3322 34.2759 34.2543 34.2378 34.3012 34.4065 34.4675 34.5263 34.4295
35.1131 35.1351 35.1239 35.0826 35.0608 35.0180 34.9701 34.9242 34.8909 34.9604 34.9324 34.8855 34.8871 34.8761 34.8552 34.7823 34.7103 34.6797 34.7018 34.7330 34.7963 34.8522 34.8713 34.8869 34.8569 34.8570 34.8779 34.9376 34.8902 34.8942 34.9188 34.9255 34.9545 34.9873 35.0037 35.0127 35.0613 35.0780 35.0465 34.9713 34.8947 34.8885 34.8508 34.8418 34.8846 34.8716 34.8591 34.8632 34.8457 34.8230 34.8557 34.8275 34.7580 34.7342 34.7007 34.6527 34.5610 34.4986 34.4091 34.3596 34.3357 34.3320 34.3806 34.4443 34.4593 34.4653 34.4586
35.1026 35.0825 35.0770 35.0277 34.9998 34.9832 34.9751 34.9293 34.9524 34.9508 34.9225 34.8853 34.8529 34.8553 34.8588 34.7984 34.7189 34.6837 34.6817 34.7207 34.7495 34.8007 34.8233 34.8618 34.8871 34.9079 34.9317 34.9560 34.9034 34.8615 34.8709 34.8458 34.8815 34.8189 34.9006 34.9677 35.0704 35.1316 35.1164 35.0599 34.9924 34.9553 34.9365 34.9459 34.9559 34.9263 34.9144 34.9108 34.9046 34.9208 34.9179 34.8841 34.8083 34.7753 34.7009 34.6338 34.6219 34.5843 34.5384 34.4885 34.4857 34.3933 34.4119 34.4954 34.5598 34.5415 34.5123
35.1174 35.0660 35.0630 35.0706 35.0219 34.9956 34.9865 34.9689 34.9161 34.9266 34.9223 34.8631 34.8190 34.8010 34.8146 34.8134 34.7808 34.7448 34.7384 34.7168 34.7065 34.7222 34.7495 34.7670 34.8378 34.8609 34.9106 34.8831 34.8258 34.8378 34.8460 34.8782 34.9143 34.8961 34.9249 34.9238 34.9657 34.9952 35.0553 35.0662 35.0007 35.0096 35.0265 35.0421 35.0430 35.0488 35.0293 35.0041 34.9947 34.9859 34.9881 34.9590 34.8879 34.8198 34.7041 34.5748 34.6089 34.5907 34.5841 34.5133 34.5155 34.4704 34.4668 34.4954 34.4929 34.4829 34.4945
35.0843 35.0041 35.0356 35.0524 35.0315 35.0452 35.0530 35.0329 34.9683 34.9505 34.9442 34.8953 34.8494 34.8246 34.8236 34.8178 34.7502 34.7491 34.7567 34.7420 34.7078 34.6823 34.6729 34.6875 34.7119 34.7009 34.7751 34.7628 34.7438 34.7990 34.8350 34.9071 34.9422 34.9316 34.9599 34.9613 34.9818 35.0340 35.0863 35.1238 35.1166 35.0488 35.0284 35.0810 35.1189 35.1078 35.1132 35.0842 35.0597 35.0236 35.0206 34.9593 34.8700 34.8118 34.7601 34.6472 34.6159 34.6381 34.6352 34.5851 34.5920 34.5700 34.6492 34.5875 34.6129 34.6351 34.6527
35.0979 35.0210 35.0173 35.0079 35.0478 35.0933 35.1040 35.1026 35.0383 34.9939 34.9605 34.9013 34.9095 34.8809 34.8776 34.8312 34.7787 34.7566 34.7791 34.7746 34.7162 34.6844 34.6645 34.7002 34.7114 34.6920 34.7052 34.6912 34.6989 34.7553 34.8195 34.8358 34.8764 34.9272 34.9473 34.9968 35.0176 35.0835 35.1243 35.1950 35.1826 35.1358 35.1002 35.0786 35.0578 35.0353 35.0053 34.9850 34.9815 34.9581 34.9479 34.8979 34.8441 34.7970 34.7594 34.7253 34.7032 34.7015 34.7169 34.7216 34.6945 34.8120 34.9305 34.8851 34.8680 34.8974 34.8677
35.0984 35.0973 35.0688 35.0286 35.0420 35.0591 35.0850 35.0780 35.0126 34.9831 34.9647 34.9420 34.9222 34.8958 34.9058 34.8461 34.8504 34.8476 34.8596 34.8413 34.8364 34.7538 34.7305 34.7440 34.7149 34.7165 34.7038 34.6962 34.6981 34.7518 34.7813 34.8181 34.9012 34.9334 34.9695 34.9845 34.9893 35.0254 35.0560 35.1380 35.1552 35.1568 35.1456 35.1403 35.1101 35.0591 35.0169 34.9859 34.9539 34.9601 34.9363 34.9046 34.8737 34.8564 34.8269 34.7929 34.7624 34.7529 34.7589 34.7828 34.7411 34.7935 34.8513 34.8611 34.9134 34.9274 34.8473
34.9867 35.0000 34.9872 35.0125 35.0298 35.0426 35.0633 35.0365 35.0020 35.0400 35.0557 35.0113 34.9902 34.9727 34.9731 34.9310 34.9699 34.9803 34.9467 34.9336 34.8839 34.8542 34.8353 34.8232 34.7833 34.7884 34.7725 34.7842 34.7904 34.7989 34.8053 34.8474 34.8765 34.8917 34.8850 34.9403 34.9628 34.9948 35.0233 35.0842 35.1319 35.1058 35.0817 35.0786 35.0721 35.0429 35.0463 35.0654 35.0312 35.0180 34.9903 34.9899 34.9731 34.9513 34.9053 34.8701 34.8269 34.8025 34.7677 34.6826 34.6391 34.7069 34.7713 34.7997 34.8124 34.8387 34.9187
34.9681 34.9652 34.9516 35.0037 34.9861 34.9737 34.9915 34.9815 34.9781 35.0255 35.0391 35.0490 35.0206 35.0263 35.0618 35.0847 35.0911 35.0617 35.0124 34.9691 34.9417 34.9254 34.8862 34.8604 34.8012 34.8004 34.7700 34.7681 34.7948 34.8294 34.8363 34.8301 34.8622 34.8727 34.8811 34.9238 34.9450 34.9891 35.0217 35.0793 35.1160 35.1345 35.1337 35.1398 35.1396 35.0959 35.0778 35.0691 35.0192 34.9865 34.9763 35.0123 35.0569 35.0560 35.0254 34.9807 34.9275 34.8904 34.8761 34.8399 34.8117 34.9258 34.8146 34.8542 34.8547 34.8721 35.0905
34.9120 34.9264 34.9603 34.9798 34.9795 34.9916 35.0347 34.9962 34.9816 34.9836 34.9855 34.9784 34.9808 35.0145 35.1205 35.1399 35.1326 35.0178 34.9883 34.9709 34.9284 34.8886 34.8615 34.8406 34.8181 34.7867 34.7893 34.8129 34.8195 34.7999 34.8414 34.8551 34.8674 34.9081 34.9504 34.9869 34.9930 35.0272 35.0702 35.1244 35.1495 35.1884 35.1454 35.1549 35.1686 35.1611 35.1239 35.1271 35.1009 35.0481 35.0251 35.0120 34.9837 34.9666 34.9457 34.8952 34.9073 34.8732 34.8607 34.8224 34.8247 34.9100 34.8980 34.9408 35.1761 35.2176 35.1046
34.8934 34.8729 34.8897 34.8564 34.9006 34.9309 34.9799 34.9940 35.0200 35.0478 35.0023 34.9646 34.9551 34.9463 34.9745 34.9877 34.9790 34.9362 34.9159 34.8809 34.8444 34.8662 34.8310 34.8276 34.8111 34.8182 34.8117 34.8636 34.8671 34.8923 34.9130 34.9252 34.9361 34.9779 35.0159 35.0571 35.0632 35.1056 35.1385 35.1866 35.1776 35.1930 35.1711 35.1978 35.2039 35.2081 35.1635 35.0929 35.0809 35.0557 35.0481 35.0323 35.0218 35.0043 34.9755 34.9424 34.9289 34.9010 34.8581 34.8521 34.8724 34.9013 34.9148 35.0510 35.1163 35.1588 35.0850
35.0033 34.9226 34.8636 34.8257 34.8450 34.8559 34.8651 34.8769 34.8889 34.9280 34.9646 34.9513 34.9498 34.9442 34.9443 34.9022 34.8968 34.8786 34.8728 34.8836 34.8270 34.8256 34.8207 34.8140 34.8072 34.8187 34.8028 34.8611 34.8796 34.9489 34.9866 34.9945 34.9801 35.0180 35.0616 35.1031 35.1201 35.1634 35.1951 35.2105 35.2007 35.1943 35.1719 35.1819 35.1690 35.1918 35.1891 35.1499 35.0908 35.0634 35.0771 35.0659 35.0727 35.0524 35.0145 34.9756 34.9337 34.9272 34.8925 34.8812 34.9060 34.9130 34.9093 34.9842 35.1824 35.2110 35.3516
34.9222 34.8357 34.7567 34.7726 34.8035 34.8726 34.8828 34.9037 34.9217 34.9295 34.9410 34.8986 34.8939 34.9025 34.8543 34.8432 34.8792 34.9028 34.8975 34.9028 34.8713 34.8440 34.8454 34.8562 34.8574 34.8748 34.8627 34.8863 34.8912 34.8980 34.9130 34.9364 34.9226 34.9350 34.9786 35.1031 35.1502 35.1846 35.2050 35.1832 35.2173 35.1947 35.1776 35.2084 35.2196 35.2136 35.1905 35.1499 35.0917 35.0725 35.0815 35.0312 35.0300 35.0452 35.0228 34.9968 34.9704 34.9586 34.9452 34.9414 34.9625 34.9809 34.9467 34.8952 34.9115 34.8962 34.8612
34.8564 34.8325 34.8184 34.8184 34.8517 34.8682 34.8467 34.8605 34.8778 34.9106 34.9454 34.9270 34.8858 34.9088 34.8996 34.9135 34.9068 34.8903 34.8591 34.8511 34.8808 34.8549 34.8448 34.8602 34.8733 34.8633 34.8804 34.8746 34.9017 34.9125 34.9010 34.9130 34.8643 34.8749 34.9020 34.9590 35.0416 35.0828 35.1190 35.1788 35.1818 35.1870 35.1871 35.2003 35.2094 35.1903 35.1529 35.1238 35.1081 35.1079 35.1126 35.0845 35.0605 35.0440 35.0288 35.0162 35.0061 34.9811 34.9798 34.9918 34.9753 34.9846 34.9930 35.0883 35.1668 35.1436 34.9160
34.8157 34.8621 34.8953 34.8920 34.8764 34.8985 34.8790 34.8795 34.9426 34.9807 34.9878 34.9832 34.9373 34.9804 34.9358 34.9678 34.9560 34.9064 34.8762 34.8540 34.8393 34.8181 34.7966 34.7977 34.7987 34.7941 34.8273 34.8387 34.8588 34.9116 34.9173 34.9221 34.8909 34.8669 34.9098 34.9778 35.0651 35.1020 35.1182 35.1365 35.1195 35.0950 35.0776 35.1132 35.1490 35.1893 35.2011 35.2090 35.1376 35.1059 35.0725 35.0092 34.9873 34.9873 34.9911 34.9939 35.0091 34.9861 34.9589 34.9604 34.9672 34.9688 34.9562 34.9869 34.9792 34.9707 34.9144
34.7986 34.8818 34.9157 34.9020 34.9177 34.9489 34.9283 34.9849 35.0275 35.0542 35.0505 34.9793 34.9449 34.9703 34.9635 34.9937 34.9434 34.9239 34.9052 34.8829 34.8587 34.8254 34.8037 34.8194 34.8738 34.8793 34.8945 34.9070 34.9150 34.9192 34.9329 34.9392 34.9084 34.9209 34.9486 34.9996 35.0584 35.1072 35.1558 35.1870 35.1953 35.1366 35.0855 35.0855 35.0626 35.0758 35.0474 35.0480 35.0306 35.0187 34.9816 34.9727 34.9574 34.9810 34.9894 34.9879 35.0112 35.0077 34.9760 34.9541 34.9539 34.9425 34.9530 34.9561 34.9553 34.9283 34.9034
34.7826 34.8447 34.9275 34.9676 34.9741 35.0024 34.9894 35.0221 35.0224 35.0320 35.0129 34.9817 34.9708 34.9665 34.9848 35.0194 35.0141 35.0219 35.0154 34.9713 34.9244 34.8825 34.8595 34.8770 34.8824 34.8881 34.8929 34.9259 34.9711 35.0137 35.0310 35.0086 34.9613 34.9459 34.9528 34.9796 34.9990 35.0289 35.0513 35.0624 35.0399 35.0469 35.0234 35.0669 35.0808 35.0979 35.0494 35.0237 34.9985 34.9950 35.0260 35.0004 34.9598 34.9114 34.8934 34.9382 34.9898 35.0249 35.0221 35.0129 35.0094 34.9765 34.9709 34.9653 34.9537 34.8740 34.8684
34.7240 34.7117 34.8106 34.9080 34.9374 34.9935 34.9715 35.0187 35.0305 35.0189 35.0263 35.0072 34.9987 34.9920 35.0037 35.0293 35.0578 35.0793 35.0391 35.0233 34.9951 34.9389 34.9262 34.9432 34.9526 34.9439 34.9493 34.9703 35.0012 35.0254 35.0050 34.9974 34.9152 34.8945 34.8611 34.8892 34.9162 34.9342 34.9636 34.9972 34.9786 34.9871 34.9668 35.0040 35.0038 35.0658 35.1178 35.1427 35.0982 35.0849 35.0555 35.0346 35.0049 34.9769 34.9467 34.9584 34.9736 35.0091 34.9985 35.0240 35.0205 34.9986 34.9572 34.9568 34.9691 34.8799 34.8247
34.7025 34.6630 34.7668 34.8187 34.8398 34.9182 34.9082 34.9454 34.9825 34.9807 34.9907 34.9883 35.0118 34.9990 35.0275 35.0446 35.0842 35.1133 35.0852 35.0872 35.0637 35.0308 35.0190 35.0171 34.9988 34.9344 34.9330 34.9344 34.9305 34.9452 34.9582 34.9577 34.9190 34.9130 34.8852 34.8479 34.8465 34.8774 34.8852 34.9060 34.9220 34.9894 34.9757 35.0148 35.0342 35.0862 35.1028 35.0968 35.1025 35.0953 35.0736 35.0873 35.0902 35.0666 35.0560 35.0771 35.0946 35.0990 35.0811 35.1083 35.0531 35.0251 35.0227 35.3133 35.0413 34.9290 34.7148
34.6807 34.7338 34.7725 34.7637 34.7902 34.9078 34.8936 34.9578 34.9414 34.9146 34.9295 34.9837 34.9939 34.9919 35.0150 35.0708 35.1276 35.1082 35.0738 35.0416 35.0175 35.0214 34.9796 34.9536 34.9469 34.8999 34.8916 34.9229 34.9304 34.9282 34.9430 34.9443 34.9326 34.9238 34.9071 34.8765 34.8810 34.9314 34.9329 34.9338 34.9389 34.9987 35.0088 35.0465 35.0349 35.0508 35.0884 35.1111 35.1044 35.0917 35.0795 35.1019 35.0894 35.0291 35.0034 35.0356 35.0654 35.0572 35.0278 35.0534 35.0326 35.0362 35.1523 35.3238 34.9926 34.8827 34.6961
34.6456 34.6580 34.6736 34.6920 34.7459 34.8927 34.9274 34.9384 34.9123 34.9591 34.9961 35.0172 34.9941 34.9965 34.9382 34.9326 34.9553 34.9730 34.9742 34.9623 34.9815 35.0188 35.0019 34.9985 35.0035 34.9600 34.9325 34.9205 34.9366 34.9482 34.9650 34.9772 34.9782 34.9699 34.9562 34.9599 34.9553 34.9728 34.9877 35.0181 35.0531 35.0977 35.0880 35.0968 35.0871 35.0943 35.0965 35.1141 35.1054 35.0589 35.0421 34.9992 34.9950 34.9862 35.0160 35.0179 35.0154 35.0427 35.0549 35.0561 34.9769 34.9792 35.0387 35.0064 34.9019 34.7861 34.6983
34.7397 34.7059 34.7207 34.7320 34.7643 34.8698 34.8535 34.8402 34.7939 34.8114 34.8804 34.9627 35.0190 35.0103 34.9276 34.9994 35.0478 35.0149 34.9918 34.9590 34.9517 34.9535 34.9376 34.9321 34.9543 34.9495 34.9253 34.9423 34.9642 34.9753 34.9839 35.0124 35.0122 35.0292 35.0282 35.0317 35.0352 35.0536 35.0812 35.1292 35.1155 35.1402 35.1058 35.0842 35.0635 35.0712 35.0884 35.1053 35.1092 35.0618 35.0692 35.0380 35.0382 35.0082 35.0237 35.0496 35.0323 34.9974 35.0209 35.0406 34.9768 34.9920 35.0315 35.0042 34.9082 34.7477 34.6603
34.8001 34.7461 34.7343 34.6825 34.7341 34.8186 34.7947 34.7668 34.7619 34.7445 34.8129 34.8684 34.9441 34.9696 35.0082 35.0266 35.0530 35.0082 34.9987 34.9762 34.9800 35.0055 35.0106 34.9866 34.9854 34.9632 34.9271 34.9025 34.9113 34.9474 34.9726 35.0341 35.0829 35.0816 35.1086 35.1024 35.0941 35.1074 35.1207 35.1495 35.1729 35.1703 35.1005 35.0983 35.0945 35.1010 35.1323 35.1536 35.1368 35.0701 35.0596 35.0345 35.0302 35.0147 35.0243 35.0266 35.0513 35.0188 34.9744 34.9762 34.9502 34.9680 34.9431 34.9355 34.8635 34.7421 34.6127
34.7762 34.7436 34.6761 34.6769 34.7358 34.8046 34.7623 34.7906 34.7873 34.7924 34.8454 34.9291 34.9821 34.9957 35.0201 34.9963 35.0075 34.9416 34.9337 34.9355 34.9759 35.0374 35.0658 35.0655 35.0637 35.0558 35.0075 34.9848 34.9864 34.9461 34.9571 34.9861 35.0094 35.0626 35.0674 35.1095 35.1324 35.1672 35.2272 35.2585 35.2564 35.2369 35.1473 35.1634 35.1301 35.1291 35.1472 35.1698 35.1611 35.1042 35.0616 35.0393 35.0562 35.0409 35.0501 35.0401 35.0010 35.0030 34.9835 34.9313 34.8886 34.8780 34.8592 34.8585 34.8136 34.7030 34.5634
34.7583 34.7145 34.6260 34.6531 34.7567 34.8422 34.8055 34.8266 34.8206 34.8545 34.9207 34.9886 35.0639 35.0816 35.0893 35.0419 34.9965 35.0015 35.0092 34.9987 34.9462 34.9549 34.9668 35.0269 35.0519 35.0706 35.0143 34.9978 35.0107 35.0339 35.0392 35.0657 35.0709 35.0874 35.1150 35.1697 35.1435 35.1595 35.2024 35.1886 35.2436 35.2206 35.1509 35.1709 35.1611 35.1605 35.1619 35.1623 35.1614 35.1217 35.0729 35.0328 35.0265 35.0169 35.0070 35.0153 35.0215 35.0472 35.0256 34.9785 34.9102 34.8839 34.8229 34.8095 34.7314 34.6723 34.6435
34.7620 34.7986 34.7071 34.6864 34.7712 34.8716 34.8309 34.8289 34.8485 34.8974 34.9885 35.1063 35.2166 35.1870 35.1765 35.0740 34.9975 34.9583 34.9557 34.9557 34.9862 34.9824 34.9740 35.0085 35.0289 35.0600 35.0056 35.0121 35.0303 35.0065 35.0457 35.0569 35.1130 35.1898 35.2167 35.2293 35.2388 35.2607 35.2761 35.2888 35.2941 35.2610 35.1685 35.1103 35.0787 35.0460 35.0377 35.0373 35.0318 35.0139 35.0048 35.0146 35.0057 35.0074 35.0170 35.0242 35.0459 35.0933 35.0801 35.0075 34.9826 34.9573 34.9118 34.8277 34.7335 34.6318 34.6287
34.7291 34.7925 34.7751 34.7275 34.7325 34.8754 34.8286 34.8531 34.8823 34.9190 35.0196 35.1586 35.2277 35.1758 35.1754 35.1037 35.0486 34.9956 34.9986 34.9859 35.0238 35.0010 34.9870 34.9996 35.0150 35.0044 35.0108 35.0241 35.0637 35.0844 35.1222 35.1315 35.1548 35.1487 35.1697 35.1885 35.2555 35.3181 35.3054 35.2649 35.2593 35.2263 35.1169 35.0704 35.0147 35.0112 35.0350 34.9935 34.9457 34.8731 34.8404 34.8668 34.9045 34.9255 34.9607 34.9966 35.0447 35.1337 35.1197 35.0525 35.0364 35.0032 34.9618 34.9149 34.8393 34.7182 34.6682
34.6692 34.7689 34.8093 34.7510 34.6756 34.7978 34.7664 34.8699 34.9475 34.9713 35.0698 35.2067 35.2597 35.2293 35.1917 35.1413 35.1245 35.0782 35.0576 35.0722 35.0561 35.0447 35.0302 35.0364 35.0364 35.0403 35.0779 35.0580 35.0700 35.0762 35.1140 35.1281 35.1449 35.1589 35.1627 35.1697 35.1346 35.1867 35.2185 35.2039 35.1539 35.1167 35.1004 35.0886 35.0607 35.0380 35.0430 35.0351 34.9303 34.8696 34.8217 34.8200 34.8896 34.9174 34.9243 34.9632 34.9554 34.9956 35.0251 35.0330 35.0284 34.9834 34.9547 34.9303 34.8909 34.8346 34.8042
34.6434 34.7292 34.7732 34.7424 34.7063 34.7846 34.7750 34.9170 34.9910 35.0621 35.0959 35.1910 35.2367 35.2318 35.1640 35.1569 35.1569 35.1315 35.1463 35.1182 35.0802 35.0388 35.0436 35.0437 35.0617 35.0563 35.0709 35.0332 35.0335 35.0588 35.0934 35.1171 35.1121 35.1295 35.1625 35.1898 35.1489 35.1550 35.1449 35.1531 35.1667 35.1571 35.1154 35.0826 35.0739 35.0232 35.0343 35.0337 34.9613 34.9130 34.8841 34.8833 34.9005 34.8894 34.8994 34.9342 34.9705 35.0003 35.0104 35.0211 35.0163 34.9634 34.9205 34.8795 34.8398 34.8195 34.7772
