regresion/MARZO_2003/MODIS/Composicion (B12).txt
ncols         167
nrows         127
xllcorner     -112.017
yllcorner     26.716
cellsize      0.00898
[rows 0 to 28 of 127, columns 67 to 133 of 167]
35.6563 35.6360 35.6766 35.6866 35.6468 35.5804 35.5375 35.5013 35.4325 35.3448 35.3729 35.3822 35.3878 35.3380 35.2960 35.3008 35.3524 35.4056 35.5204 35.6456 35.6924 35.7767 35.8605 35.9065 35.8319 35.8011 35.8918 35.9489 35.9019 35.9108 35.8398 35.6919 35.5872 35.5847 35.5894 35.6760 35.6936 35.7413 35.7619 35.7469 35.7376 35.8022 35.7203 35.8395 35.9082 36.1834 36.4648 36.7301 36.8868 36.9335 36.1003 35.4877 36.2544 37.1538 38.8120 40.3628 42.5499 45.6014 48.1435 49.6471 49.5368 45.5063 40.9838 39.2942 35.1048 34.3211 33.1629
35.6359 35.5794 35.5824 35.6071 35.5981 35.5446 35.5391 35.5305 35.5099 35.4451 35.4399 35.4031 35.4380 35.3909 35.3925 35.4280 35.5776 35.5986 35.7063 35.8052 35.8761 35.9240 35.9502 35.9976 36.0060 35.9659 35.9567 35.8968 35.8998 35.8520 35.8000 35.6968 35.5800 35.5175 35.5185 35.6118 35.6864 35.6780 35.7250 35.7619 35.8169 35.8045 35.7775 35.7893 35.7375 35.9905 36.2289 36.3744 36.5204 36.5509 35.9512 36.2276 36.2837 37.5330 37.7642 37.7379 38.6048 40.8178 44.3683 46.2194 46.7741 42.0697 38.5786 36.8936 33.9285 33.3779 33.0567
35.6823 35.6158 35.6191 35.5732 35.5536 35.4719 35.4771 35.5138 35.5808 35.5143 35.4147 35.3969 35.4280 35.3997 35.4452 35.5310 35.6747 35.7368 35.8176 35.9299 36.0135 36.0528 36.0581 36.0943 36.0953 36.0401 35.9805 35.8988 35.8566 35.8205 35.7555 35.6696 35.5519 35.5500 35.5599 35.6271 35.7474 35.8063 35.8216 35.8460 35.8526 35.8724 35.8053 35.7681 35.7202 35.8520 36.0220 36.1575 36.2573 36.3347 36.4268 36.5543 36.5578 36.6678 36.6617 36.8540 37.3233 38.0739 38.9007 42.0897 42.4648 39.5648 37.7252 36.0501 33.1236 32.8010 32.8458
35.7028 35.6640 35.6885 35.6656 35.6264 35.5984 35.5994 35.6090 35.5948 35.5782 35.4912 35.4244 35.4056 35.3902 35.4277 35.5599 35.7109 35.7894 35.8618 35.9236 36.0224 36.1060 36.1799 36.1706 36.2367 36.1514 36.0940 36.0128 35.9753 35.8484 35.7558 35.6894 35.6391 35.6486 35.6518 35.7493 35.8083 35.8156 35.8713 35.9140 35.9132 35.9379 35.8842 35.8406 35.7606 35.8152 35.8961 35.9476 36.0169 36.0568 36.0439 36.0570 36.0855 36.2119 36.3735 36.4948 36.9623 36.8216 37.0061 37.9707 38.1000 37.5892 36.5887 34.6262 32.7580 32.6729 32.6617
35.7118 35.6802 35.6568 35.6673 35.7114 35.7219 35.6958 35.6995 35.6767 35.6163 35.5031 35.4772 35.4497 35.4313 35.4831 35.6068 35.7919 35.8365 35.8989 35.9857 36.0707 36.1219 36.2138 36.2257 36.2182 36.1993 36.1150 36.0009 35.9379 35.7636 35.6907 35.7013 35.6692 35.7455 35.7054 35.7518 35.7667 35.7970 35.8117 35.9099 35.9412 35.9848 35.9559 35.9401 35.8807 35.8110 35.7835 35.7412 35.6767 35.8163 35.8622 35.8250 35.8171 35.7929 35.8678 36.1001 36.3673 36.5521 36.5442 36.6792 36.5533 36.5568 36.3740 36.7473 33.8933 33.8941 33.2802
35.7648 35.7127 35.6672 35.6689 35.6735 35.6129 35.5696 35.5764 35.6127 35.6344 35.6140 35.5717 35.5738 35.6020 35.5690 35.7034 35.7925 35.8365 35.9612 36.0242 36.0562 36.0952 36.1191 36.1098 36.0790 36.0745 36.0186 35.8745 35.8000 35.6791 35.6165 35.6794 35.6329 35.6950 35.6734 35.7292 35.8588 35.8938 35.9388 36.0078 36.0763 36.0882 36.0490 35.9967 35.8706 35.8427 35.7269 35.6935 35.6722 35.6077 35.6884 35.6020 35.5123 35.5640 35.6024 35.8174 36.0139 36.2441 36.2985 36.2564 36.4085 36.2162 36.1860 36.7549 34.1610 34.2139 32.7347
35.7145 35.6201 35.5897 35.5806 35.5730 35.5805 35.5575 35.5706 35.5930 35.6312 35.6421 35.5595 35.5421 35.5260 35.5944 35.6559 35.7773 35.8123 35.9839 36.0718 36.1026 36.0737 36.0338 36.0196 35.9929 35.9567 35.9236 35.8132 35.7460 35.6156 35.5537 35.5752 35.5358 35.6053 35.6098 35.6322 35.7380 35.8695 36.0071 36.0709 36.1080 36.2006 36.1791 36.1858 36.0889 35.9449 35.7734 35.7230 35.6592 35.5883 35.6287 35.5507 35.5194 35.5162 35.5653 35.6390 35.7471 35.8874 35.9816 35.9631 35.8833 35.9115 35.9573 36.2070 37.8553 37.7532 37.6648
35.7094 35.6293 35.6034 35.5791 35.5973 35.6030 35.5591 35.5760 35.5873 35.6178 35.5756 35.5316 35.5335 35.6246 35.7544 35.7934 35.8674 35.8525 35.9712 35.9921 36.0099 35.9478 35.9164 35.9179 35.8978 35.9306 35.9066 35.7455 35.6487 35.6185 35.5928 35.6019 35.5443 35.5627 35.5568 35.5629 35.6911 35.8446 35.9637 36.0530 36.1408 36.2407 36.3428 36.3736 36.2399 36.0779 35.8709 35.7657 35.6522 35.5216 35.5484 35.4400 35.4422 35.3552 35.4381 35.4428 35.4880 35.5463 35.6768 35.7331 35.7616 35.7884 35.8795 36.0063 36.3527 36.3111 36.4777
35.6993 35.6653 35.6153 35.5575 35.5740 35.6056 35.5981 35.6337 35.6740 35.6498 35.6437 35.6239 35.6419 35.8129 35.8973 35.9073 35.9100 35.8621 35.9173 35.8865 35.8490 35.7768 35.7581 35.7809 35.8169 35.8348 35.7898 35.7124 35.6197 35.5455 35.5721 35.6118 35.5835 35.6041 35.6269 35.6411 35.7326 35.8980 36.0266 36.0882 36.1438 36.1935 36.2697 36.2847 36.2001 36.0812 35.9277 35.8057 35.6052 35.3589 35.2782 35.1809 35.1830 35.1830 35.2690 35.3581 35.4330 35.4792 35.5296 35.5788 35.6651 35.7390 35.8554 35.9467 35.9533 35.8975 35.8989
35.6938 35.6526 35.6728 35.6612 35.6591 35.7134 35.6941 35.6996 35.7015 35.6678 35.6804 35.7170 35.7422 35.8693 35.9338 35.9227 35.8671 35.8711 35.8952 35.7601 35.6647 35.6656 35.6534 35.6652 35.7239 35.7849 35.7316 35.6605 35.5733 35.4884 35.5200 35.5518 35.5906 35.6914 35.7293 35.7882 35.7756 35.8558 35.9143 35.9347 36.0497 36.0626 36.1163 36.1659 36.0777 36.0034 35.8380 35.6971 35.4704 35.2801 35.2075 35.1040 35.0921 35.1002 35.2217 35.3226 35.4193 35.4479 35.4196 35.4549 35.5515 35.6652 35.8470 35.9511 35.9128 35.8557 35.8631
35.7787 35.7779 35.8184 35.8025 35.8206 35.8130 35.7786 35.7484 35.7022 35.6852 35.7053 35.7775 35.7505 35.7920 35.7882 35.7432 35.7248 35.7111 35.6903 35.5318 35.5664 35.6560 35.6780 35.7265 35.7667 35.7784 35.7264 35.7160 35.5960 35.5099 35.4987 35.5021 35.5587 35.6413 35.6612 35.7098 35.7371 35.7967 35.8719 35.8415 35.9476 35.8950 35.9869 36.0014 35.9032 35.8001 35.7030 35.5993 35.4242 35.1840 35.0499 34.9921 34.9790 34.9689 35.0252 35.2121 35.3118 35.4270 35.4516 35.5500 35.6293 35.6935 35.7786 35.9047 35.8747 35.8300 35.8226
35.7209 35.7780 35.8232 35.8730 35.9147 35.8460 35.8112 35.7733 35.7039 35.6278 35.7176 35.7521 35.7014 35.8481 35.8717 35.8023 35.6938 35.6293 35.5357 35.4755 35.5792 35.6802 35.7134 35.7323 35.7512 35.7351 35.6744 35.6105 35.5094 35.4396 35.4251 35.4589 35.4508 35.5755 35.5754 35.6838 35.6603 35.7126 35.7791 35.7965 35.8931 35.8850 35.9316 35.9339 35.8206 35.7718 35.6337 35.5101 35.3322 35.1264 34.9501 34.8501 34.9743 34.9188 35.0582 35.2062 35.4400 35.5640 35.6428 35.6760 35.7519 35.7186 35.7155 35.8070 35.8280 35.7773 35.8271
35.7616 35.7874 35.8249 35.8520 35.8513 35.7416 35.6943 35.6193 35.5100 35.4464 35.5456 35.6555 35.6790 35.7632 35.7736 35.7339 35.5588 35.5161 35.5203 35.5789 35.6586 35.7133 35.7755 35.7272 35.7081 35.6603 35.5404 35.4072 35.3486 35.3831 35.4269 35.4739 35.4669 35.5084 35.5066 35.6026 35.6245 35.6390 35.6872 35.7136 35.7144 35.7245 35.8019 35.8204 35.7508 35.6705 35.6164 35.5117 35.3090 35.1617 34.9761 34.9332 34.9969 34.9131 35.0236 35.1822 35.3268 35.4991 35.5698 35.6782 35.8117 35.7670 35.6494 35.6782 35.6496 35.5917 35.6288
35.7994 35.8636 35.8993 35.8780 35.8045 35.6506 35.6130 35.5325 35.3708 35.3718 35.3933 35.4931 35.5421 35.6015 35.6046 35.5513 35.4323 35.3841 35.4585 35.5271 35.5452 35.5570 35.6037 35.5859 35.5143 35.4353 35.3781 35.3522 35.3468 35.3732 35.4004 35.4437 35.4483 35.5117 35.5247 35.5450 35.5416 35.5912 35.5842 35.6127 35.6456 35.7138 35.7860 35.7694 35.7653 35.7364 35.6506 35.5300 35.3520 35.2123 35.0659 34.9434 35.0348 34.9391 34.9861 35.0454 35.2232 35.3434 35.4856 35.6235 35.6617 35.6627 35.5909 35.5575 35.4605 35.4719 35.4938
35.7181 35.8098 35.8209 35.7654 35.6392 35.5943 35.5555 35.5095 35.4315 35.4035 35.3623 35.4060 35.4210 35.4442 35.3783 35.3358 35.2796 35.2344 35.3343 35.4048 35.4510 35.5097 35.5909 35.5919 35.5359 35.4080 35.3189 35.2637 35.1935 35.1876 35.2638 35.3263 35.3482 35.4233 35.4530 35.5658 35.5631 35.6245 35.6845 35.6592 35.6840 35.7368 35.7891 35.7855 35.7408 35.6888 35.5822 35.5193 35.3145 35.2577 35.1869 35.1041 35.1414 34.9812 34.9227 34.9424 35.0844 35.2436 35.4244 35.5046 35.5588 35.5738 35.5375 35.4944 35.4172 35.3550 35.3977
35.6773 35.7307 35.6709 35.5833 35.4689 35.4126 35.3846 35.3353 35.3337 35.3034 35.3391 35.3525 35.4197 35.3700 35.3517 35.3600 35.3400 35.3174 35.3487 35.3752 35.4022 35.4038 35.4387 35.4260 35.3522 35.2724 35.2119 35.2186 35.2245 35.2458 35.2569 35.3163 35.3520 35.4145 35.4622 35.5277 35.5451 35.6294 35.7500 35.7446 35.7961 35.7475 35.7900 35.7354 35.6974 35.6487 35.5430 35.5054 35.3241 35.2428 35.2120 35.1596 35.2052 35.0878 35.0405 34.9667 35.0057 35.0872 35.1931 35.3356 35.3831 35.4095 35.4483 35.4886 35.4832 35.3182 35.2903
35.5635 35.5763 35.5143 35.4408 35.3640 35.3265 35.3014 35.2815 35.2804 35.2637 35.2580 35.2848 35.3317 35.3723 35.3943 35.4049 35.3659 35.3557 35.3464 35.3657 35.3578 35.3593 35.3567 35.3716 35.3231 35.2527 35.2079 35.2247 35.2234 35.2044 35.2086 35.2682 35.3372 35.4161 35.4793 35.5482 35.5524 35.6143 35.7452 35.7867 35.8147 35.8245 35.7985 35.7016 35.6733 35.6247 35.5915 35.6121 35.4870 35.3871 35.3301 35.2227 35.2941 35.1512 35.1133 35.0826 34.9933 35.0636 35.0753 35.1614 35.2188 35.2073 35.2331 35.2459 35.2722 35.1985 35.2760
35.5280 35.5178 35.4930 35.4641 35.4395 35.3942 35.3404 35.2975 35.2844 35.2797 35.2918 35.2893 35.2778 35.3127 35.3509 35.3388 35.3217 35.3222 35.3058 35.3455 35.3971 35.4169 35.4569 35.4064 35.4033 35.3654 35.3446 35.3520 35.3505 35.2922 35.2609 35.2646 35.3492 35.4099 35.4765 35.5028 35.5138 35.5739 35.7004 35.7869 35.8275 35.8147 35.8024 35.7975 35.7705 35.7573 35.7522 35.7467 35.6238 35.4893 35.3950 35.2807 35.3297 35.1803 35.1454 35.1000 35.0367 34.9789 34.9728 34.9550 35.0541 35.1205 35.1454 35.1902 35.2090 35.2125 35.2451
35.6348 35.5944 35.5920 35.5570 35.5044 35.4252 35.3400 35.2855 35.2069 35.2022 35.2751 35.3550 35.3695 35.4086 35.4242 35.4269 35.4155 35.3849 35.3690 35.3562 35.3295 35.3429 35.3772 35.3996 35.4172 35.4235 35.4092 35.3952 35.4047 35.3722 35.3077 35.3320 35.4074 35.4644 35.5555 35.6017 35.5491 35.5962 35.6978 35.7660 35.8239 35.8413 35.7719 35.7544 35.7698 35.7769 35.7541 35.7578 35.6629 35.4499 35.3042 35.2061 35.1836 35.0512 34.9679 34.9001 34.8560 34.8352 34.8586 34.9195 34.9318 34.9828 35.0312 35.0766 35.1186 35.1371 35.2172
35.6502 35.6126 35.6073 35.5917 35.5374 35.4909 35.4221 35.3384 35.2419 35.2039 35.2828 35.3183 35.3475 35.3980 35.4070 35.4082 35.3938 35.3614 35.3519 35.3237 35.2961 35.3205 35.3685 35.4186 35.4148 35.4093 35.4538 35.4492 35.4295 35.4084 35.3675 35.4074 35.4738 35.5545 35.5874 35.7318 35.7040 35.6894 35.7392 35.7764 35.9246 35.9745 35.8792 35.7935 35.7987 35.7314 35.6226 35.5423 35.4416 35.3378 35.2246 35.1022 35.0942 34.9316 34.8534 34.8435 34.7787 34.7508 34.7577 34.8084 34.8100 34.8566 34.9208 34.9388 34.9620 35.0155 35.1659
35.7354 35.7328 35.7081 35.6558 35.6229 35.5518 35.4947 35.3939 35.2921 35.2527 35.2691 35.3390 35.3672 35.3997 35.3971 35.3349 35.2881 35.2465 35.2227 35.2438 35.2827 35.3457 35.3823 35.4401 35.4140 35.5261 35.6010 35.5980 35.5911 35.5348 35.4861 35.4865 35.5259 35.5792 35.6235 35.7690 35.7917 35.7229 35.7553 35.7501 35.9184 36.0838 36.0517 35.9547 35.8720 35.8365 35.7406 35.6672 35.5507 35.3910 35.2294 35.0236 34.9762 34.8255 34.7236 34.7194 34.7194 34.6701 34.6765 34.6493 34.6586 34.7177 34.8341 34.9006 34.9425 34.9924 35.1367
35.6969 35.7028 35.7048 35.6951 35.6911 35.6539 35.5965 35.4708 35.3283 35.2352 35.2647 35.3737 35.3947 35.4847 35.4656 35.3928 35.3265 35.2905 35.2942 35.2727 35.3916 35.5009 35.5498 35.5803 35.5455 35.5865 35.7063 35.7270 35.6958 35.6382 35.5613 35.5472 35.5163 35.5444 35.5994 35.7022 35.7566 35.7370 35.7820 35.7380 35.8644 36.0092 36.0224 35.9875 35.9807 35.8391 35.7012 35.5514 35.3910 35.2405 35.1070 34.9653 34.8731 34.7812 34.7605 34.7231 34.7028 34.6531 34.6550 34.6446 34.6374 34.6569 34.7318 34.8024 34.8821 34.9860 35.1070
35.7515 35.7222 35.6953 35.6893 35.6746 35.6241 35.5786 35.4666 35.3760 35.3300 35.3701 35.4816 35.5236 35.5747 35.5667 35.4959 35.4399 35.3938 35.3917 35.3878 35.4433 35.5756 35.6511 35.7092 35.6599 35.6885 35.7459 35.7088 35.6512 35.5839 35.5410 35.5317 35.5260 35.5922 35.6069 35.7134 35.8029 35.7958 35.8393 35.8774 35.9556 36.0151 35.9534 35.8744 35.7947 35.6088 35.5988 35.5952 35.3533 35.2297 35.0627 34.8717 34.7583 34.7652 34.7614 34.7193 34.7021 34.6778 34.6735 34.5794 34.5862 34.6170 34.6384 34.7491 34.8454 34.9679 35.0196
35.7548 35.8038 35.8231 35.8292 35.8093 35.7245 35.6785 35.5601 35.5023 35.4520 35.4270 35.4749 35.4898 35.5442 35.5644 35.5001 35.4959 35.4517 35.4474 35.4304 35.4898 35.6140 35.7166 35.7704 35.7012 35.6910 35.7001 35.7163 35.6919 35.6118 35.5517 35.5669 35.5875 35.6369 35.6609 35.7480 35.7761 35.7787 35.7906 35.8193 35.8465 35.8391 35.8476 35.8522 35.7743 35.5641 35.5243 35.4378 35.3020 35.1254 35.0651 34.8434 34.7676 34.8627 34.6656 34.6387 34.6494 34.5897 34.6199 34.5402 34.4785 34.4567 34.5041 34.6506 34.7598 34.9123 35.0079
35.7941 35.8463 35.8452 35.8933 35.8798 35.8460 35.8008 35.7056 35.6087 35.5526 35.5271 35.5105 35.5212 35.5387 35.4869 35.3984 35.3745 35.3508 35.3859 35.3893 35.5022 35.6206 35.7632 35.8387 35.7481 35.7122 35.7096 35.6713 35.6293 35.5649 35.5553 35.5754 35.6068 35.6827 35.7309 35.8009 35.7968 35.7740 35.7664 35.7667 35.7760 35.7597 35.7168 35.7548 35.6154 35.4404 35.3714 35.2890 35.1833 35.0619 34.9515 34.8070 34.6753 34.6670 34.5742 34.5481 34.5548 34.4892 34.4357 34.3942 34.3265 34.3678 34.4059 34.5399 34.7075 34.8893 35.0357
35.7944 35.8187 35.8128 35.8436 35.8886 35.9097 35.8706 35.7889 35.7134 35.6441 35.5320 35.4638 35.4755 35.4567 35.4907 35.4952 35.4820 35.4531 35.4431 35.4408 35.4910 35.5809 35.6863 35.7530 35.7488 35.7071 35.6555 35.6253 35.6290 35.6316 35.6549 35.6747 35.7221 35.7932 35.8573 35.9132 35.8753 35.8155 35.7937 35.7639 35.6855 35.5735 35.5312 35.5860 35.4800 35.3413 35.2346 35.1369 35.0357 34.9634 34.8793 34.7313 34.6151 34.5403 34.4195 34.3773 34.3665 34.3216 34.3238 34.2949 34.3311 34.3011 34.4354 34.5503 34.7074 34.8747 35.0105
35.8275 35.8322 35.7821 35.7670 35.7987 35.8365 35.8015 35.7670 35.6722 35.5583 35.4716 35.4364 35.5018 35.5189 35.5889 35.5690 35.5657 35.5013 35.4734 35.4141 35.4623 35.5479 35.6128 35.6705 35.6828 35.6663 35.6655 35.6457 35.6459 35.6339 35.6671 35.6913 35.7349 35.7831 35.8002 35.8870 35.8440 35.7959 35.7520 35.7115 35.6219 35.5012 35.4076 35.3726 35.2932 35.2334 35.1354 35.0165 34.9100 34.8626 34.7865 34.6571 34.6063 34.5497 34.4408 34.3039 34.3043 34.2328 34.1902 34.1655 34.2307 34.3591 34.4979 34.5508 34.6704 34.8154 34.9251
35.7435 35.7781 35.7850 35.7460 35.7660 35.8223 35.7999 35.7596 35.6907 35.5867 35.4619 35.4301 35.4296 35.4865 35.5187 35.4789 35.4745 35.4527 35.4473 35.4376 35.4390 35.5477 35.6022 35.6636 35.6756 35.6932 35.6641 35.6364 35.6758 35.6889 35.7147 35.6916 35.6635 35.6804 35.6229 35.6908 35.6722 35.6331 35.5661 35.5715 35.5486 35.5069 35.3708 35.2909 35.2041 35.1667 35.0788 34.9907 34.8776 34.8387 34.7550 34.6507 34.5626 34.5121 34.4145 34.2862 34.2376 34.1743 34.1122 34.1553 34.1923 34.2277 34.3902 34.4731 34.6526 34.7729 34.8763
35.7307 35.8088 35.8312 35.7578 35.7461 35.7117 35.6569 35.5862 35.5446 35.4888 35.4485 35.4654 35.4895 35.5089 35.5450 35.5120 35.4900 35.4272 35.4102 35.3600 35.3583 35.4323 35.5111 35.6112 35.6847 35.7527 35.6836 35.6081 35.6403 35.6709 35.6977 35.6730 35.6088 35.6281 35.5338 35.5597 35.5566 35.4734 35.4306 35.4642 35.4738 35.5067 35.3858 35.3132 35.2222 35.0940 35.0620 35.0071 34.8802 34.8240 34.7111 34.5488 34.4563 34.3837 34.3206 34.2184 34.2511 34.1622 34.1021 34.1047 34.2887 34.4232 34.9051 34.8405 34.6482 34.7344 34.9232
