regresion/JUNIO_2003/MODIS/Composicion (B10).txt
ncols         167
nrows         127
xllcorner     -112.010
yllcorner     26.721
cellsize      0.00893
[rows 29 to 57 of 127, columns 0 to 66 of 167]
68.0452 67.8404 67.6419 67.4925 67.3470 67.2794 67.1824 67.0010 66.5281 66.3232 65.7383 65.2003 65.0605 65.0526 65.2709 65.4729 65.5450 65.4095 65.4288 65.4329 65.4505 65.6558 65.6002 65.4446 65.2915 65.2376 65.0419 64.7538 64.4286 64.5471 64.3546 64.0094 63.8276 64.2156 64.3581 64.3064 63.9800 63.6670 63.5340 63.4907 63.6177 63.6789 63.5589 63.8005 63.8991 64.0158 64.3056 64.6700 64.3476 63.5674 63.2014 63.0131 62.6374 62.4921 62.1718 61.9325 61.5895 61.7436 61.4244 61.2946 61.3224 61.3107 61.3401 61.3507 61.6562 62.1360 62.4121
68.0549 67.8641 67.7620 67.5782 67.4265 67.2133 67.2124 67.0807 66.7183 66.2135 65.4677 65.2305 65.0224 64.9000 65.2639 65.4228 65.5882 65.5237 65.4888 65.3369 65.3676 65.5734 65.6140 65.4276 65.3399 65.2091 65.0074 64.7045 64.5061 64.3576 64.0447 63.8234 63.6949 64.0815 64.3657 64.3950 64.1135 63.6805 63.1634 63.4099 63.4598 63.4729 63.5857 63.6339 64.7939 65.0077 64.6784 64.7326 64.9410 64.2123 63.6712 63.2095 62.7555 62.4110 62.1072 61.7807 61.4874 61.6354 61.5461 61.4273 61.1641 61.0943 61.1213 61.1586 61.3527 61.5983 61.8586
68.0988 67.8273 67.6934 67.5387 67.3578 67.2552 67.2165 67.0098 66.6995 66.1281 65.4897 65.2799 65.0761 65.0344 64.9980 65.2233 65.5669 65.5443 65.4410 65.2298 65.2942 65.4287 65.4464 65.2704 65.2164 65.1009 64.9521 64.7179 64.6334 64.4188 63.8607 63.5836 63.6007 63.9880 64.3895 64.4565 64.1071 63.6899 63.4494 63.2495 63.3647 63.3355 64.0314 65.2889 66.4161 65.8421 65.1745 64.6309 64.1752 63.5987 63.6722 63.4852 62.7324 62.3002 61.8049 61.5566 61.4783 61.5799 61.5546 61.4511 61.2112 60.9841 61.0230 60.9355 61.0471 61.2543 61.4805
68.2381 68.0132 67.7678 67.5923 67.3671 67.1406 67.1346 66.8874 66.6804 66.4146 66.0329 65.6629 65.4159 65.3918 65.2442 65.5250 65.6719 65.6394 65.5500 65.3314 65.1977 65.3419 65.2668 65.1187 64.9715 64.9134 64.7108 64.7314 64.5247 64.2357 63.6011 63.2824 63.5370 63.8253 64.2469 64.1829 63.9461 63.7609 63.4794 63.1818 63.2714 63.7451 64.5638 64.8239 64.8336 64.3629 64.3127 63.6167 63.5527 63.6511 63.8463 63.6383 62.8016 62.3399 61.8433 61.4686 61.2975 61.3662 61.5596 61.4768 61.2569 60.8537 60.9096 60.8611 60.8923 61.0464 61.2537
68.2729 68.1437 67.9108 67.7312 67.4834 67.2662 67.1824 66.7944 66.6795 66.7383 66.4186 66.0418 65.8218 65.5761 65.4655 65.6777 65.7947 65.7969 65.6722 65.4313 65.0747 65.2788 65.1625 64.9492 64.8088 64.6477 64.3820 64.4456 64.2691 63.9981 63.6041 63.2246 63.7223 63.9305 64.1574 64.0755 63.8326 63.7160 63.4668 63.1931 63.3280 63.8728 64.1879 63.8320 63.8966 63.6218 63.4491 63.6201 63.7875 63.6722 63.5945 63.2880 62.7050 62.2691 61.8541 61.4776 61.2402 61.3967 61.5449 61.4404 61.0166 60.5675 60.6226 60.6720 60.7981 61.0438 61.4205
68.1988 68.1094 68.0570 67.8427 67.7635 67.4860 67.3506 67.0845 66.9878 67.2332 66.7707 66.3795 66.0645 65.7191 65.5385 65.7027 65.8272 65.7254 65.5479 65.2169 64.8646 65.3038 64.9636 64.7982 64.6473 64.2972 64.1108 63.8124 63.5789 63.5833 63.5671 63.5612 63.7869 63.8118 64.0667 64.0319 63.9117 63.5351 63.1395 62.8952 63.0798 63.4053 63.8084 63.8041 63.8727 63.8822 63.7218 63.6996 63.5327 63.4222 63.3735 63.2339 62.6316 62.2713 61.8372 61.4043 61.2968 61.3160 61.5372 61.2325 60.8221 60.4870 60.5323 60.7684 61.0159 61.4332 61.6318
68.0872 68.0104 67.9575 67.7219 67.8224 67.6777 67.6122 67.5745 67.6407 67.7107 67.2720 66.7923 66.4083 65.9971 65.7883 65.7328 65.7898 65.6594 65.2456 64.8149 64.8047 65.1882 64.9233 64.7574 64.5226 64.0694 63.6403 63.6714 63.6253 63.4995 63.3211 63.5953 63.7503 63.6711 63.9257 64.0048 63.9133 63.5148 63.2322 62.7966 62.9206 63.5164 63.8394 63.3242 63.9752 63.6112 63.6010 63.9535 63.5612 63.3793 63.2358 63.0688 62.6012 62.2886 61.8422 61.3976 61.3083 61.3774 61.5227 61.0912 60.7514 60.7731 60.8056 61.0633 61.1754 61.5748 61.8359
68.0221 67.9860 67.9255 67.6424 67.5862 67.6734 67.5695 67.6259 67.6531 67.8391 67.6545 67.1892 66.7522 66.3382 65.8108 65.5454 65.3904 65.2807 64.9217 64.8917 64.7680 64.7762 64.5967 64.4878 64.2234 63.6608 63.4872 63.4922 63.6002 63.6035 63.3379 63.5500 63.6759 63.6277 63.8534 63.8704 63.7353 63.7356 63.5089 63.0955 63.2631 63.4720 63.4400 63.3504 63.9549 64.5977 63.7346 63.5400 63.6820 63.5174 63.3533 63.1943 62.8467 62.3652 61.7929 61.4680 61.3965 61.4882 61.4003 61.2766 61.0827 61.0925 61.1058 61.3338 61.3599 61.5069 61.3165
67.9522 67.8344 67.5923 67.4682 67.4877 67.5961 67.5842 67.6579 67.6995 67.8209 67.7936 67.5331 67.2474 66.7063 65.9758 65.5683 65.2098 65.0251 64.8458 64.8764 64.6529 64.4485 64.2481 64.1727 63.9246 63.4677 63.2608 63.5152 63.5507 63.5782 63.2029 63.1311 63.3525 63.6098 63.6940 63.6062 63.6493 63.7593 63.6432 63.1439 63.3657 63.3781 63.5513 63.6766 63.8719 64.0737 63.5144 63.5064 63.5141 63.3061 63.1942 63.1339 62.8667 62.4662 61.8781 61.3724 61.4932 61.4642 61.4963 61.5497 61.7325 61.6146 61.6046 61.5285 61.5514 61.6849 61.7326
67.7619 67.5634 67.2018 67.0189 67.2486 67.4295 67.4568 67.5685 67.6332 67.7112 67.5654 67.5299 67.3939 66.9152 66.2918 65.9496 65.5223 65.3870 65.1918 65.0260 64.5133 64.3609 63.9642 63.8695 63.6849 63.1339 63.0418 63.2091 63.2545 63.3779 62.9770 62.8406 63.1087 63.2896 63.3906 63.2965 63.5258 63.5266 63.4254 62.9285 63.1595 63.0194 63.1753 63.2915 63.5571 63.7013 63.3869 63.5309 63.4276 63.2659 63.2153 63.1103 62.9234 62.3829 61.8394 61.4036 61.4355 61.4666 61.6047 61.8008 61.7078 61.5766 61.5708 61.4711 61.4311 61.5457 61.8042
67.6550 67.5817 67.1318 66.9840 66.9592 67.1567 67.2917 67.3526 67.6912 67.8448 67.8391 67.6792 67.3642 67.0627 66.5389 66.1875 65.6198 65.4701 65.1091 65.0712 64.5754 64.1483 63.7782 63.6118 63.5688 63.1206 63.0866 63.2791 62.9223 62.9063 62.3839 62.3048 62.8452 62.7338 63.0039 63.2220 63.5547 63.5724 63.1870 62.5628 62.5790 62.4850 62.8599 63.0342 62.9285 63.3790 63.4174 63.5635 63.5710 63.3915 63.2383 63.0522 62.8486 62.3753 61.8219 61.5973 61.5449 61.5679 61.6235 61.6395 61.4551 61.4182 61.4127 61.3117 61.2238 61.3416 61.6371
67.6799 67.7370 67.4530 67.1760 66.9550 67.1665 67.3546 67.4983 67.7891 67.8270 67.7528 67.6033 67.3378 66.8744 66.5744 66.4560 65.9836 65.8689 65.3641 65.0676 64.5200 63.6970 63.5075 63.3688 63.5381 63.3813 63.3162 63.2732 62.6791 62.7496 62.2295 62.1909 62.6586 62.6502 62.7958 63.1028 63.3643 63.4857 63.3069 62.6002 62.7254 62.6067 62.5622 62.6096 62.6512 63.0417 63.2523 63.4411 63.3848 63.4038 63.1577 63.0028 62.6969 62.3841 61.9390 61.7102 61.7186 61.6252 61.5972 61.4509 61.2067 61.2429 61.2537 61.3427 61.2772 61.5152 61.6885
67.5692 67.6424 67.6237 67.2655 66.9797 67.2851 67.4026 67.4645 67.5668 67.5966 67.6423 67.4989 67.2302 66.8639 66.5849 66.2788 65.8509 65.7535 65.4112 65.2511 64.4766 63.3104 63.4311 63.3020 63.5744 63.5576 63.2473 63.1874 62.6380 62.6021 62.4005 62.3096 62.5045 62.7280 62.7567 62.9825 63.2416 63.3199 63.2677 62.8143 62.9494 62.7011 62.5462 62.4715 62.7048 62.8728 63.0300 63.1369 63.1381 63.1231 62.8702 62.7444 62.5472 62.3361 62.0772 61.7530 61.6851 61.5576 61.3946 61.2259 61.0371 61.0745 61.1177 61.2620 61.2402 61.3376 61.7523
67.6407 67.6686 67.3988 67.1842 67.1089 67.3177 67.4466 67.4151 67.5972 67.6028 67.4918 67.3983 67.0894 66.8621 66.7578 66.1381 65.6861 65.6063 65.3814 65.3762 64.3658 63.4708 63.0081 62.8116 63.4736 63.5769 63.2204 62.6691 62.3642 62.4547 62.6333 62.4445 62.4444 62.7959 62.8423 62.7945 62.8860 63.0863 62.8524 62.6229 62.6330 62.5193 62.5355 62.4672 62.6508 62.8436 62.9896 63.0993 63.0960 63.0539 62.8277 62.7952 62.5428 62.2765 62.0420 61.7362 61.6317 61.5631 61.3859 61.2609 61.1576 61.1790 61.1977 61.3692 61.1628 61.0831 61.3384
67.4137 67.4426 67.3746 67.1574 67.1332 67.4490 67.7336 67.6586 67.5604 67.6021 67.3228 67.0713 66.8919 66.6747 67.0065 66.5986 65.8766 65.7751 65.3927 65.4073 64.0884 63.4749 63.1562 63.0536 63.5514 63.7214 62.9908 62.7331 62.4162 62.5201 62.6555 62.4069 62.4601 62.9059 62.9280 63.0679 63.0808 62.8614 62.9411 62.8629 62.9023 62.7033 62.8530 62.6918 62.7743 63.1439 63.1355 63.1635 63.1538 63.0174 62.9032 62.8460 62.6304 62.2321 61.9358 61.6923 61.6493 61.6496 61.4947 61.3425 61.2773 61.3643 61.3529 61.3905 61.2409 61.0763 60.9480
67.2996 67.1794 67.0381 66.9831 66.9163 66.9410 67.1771 66.9959 67.1449 67.2277 67.0321 66.6850 66.4603 66.6861 67.1861 67.2404 67.3789 67.2499 66.3011 65.1015 64.0625 63.7005 63.4265 63.3981 63.6127 63.5020 62.6194 62.8082 62.4509 62.5856 62.5816 62.3440 62.3107 62.6006 62.6941 63.0003 63.1765 63.0563 63.1677 63.1382 63.1321 62.9870 63.2086 63.0195 63.0077 63.3277 63.1255 63.3205 63.1543 63.0424 63.0261 62.9768 62.8032 62.2123 61.9369 61.8036 61.6686 61.6315 61.3070 61.1954 61.1932 61.3794 61.3774 61.5064 61.4043 61.0293 60.6522
67.1459 66.9069 66.6489 66.6087 66.6544 66.5586 66.7552 66.4752 66.1237 66.1952 66.2574 66.0183 65.7622 66.5485 67.7888 68.8697 69.0789 69.6382 69.0643 66.0881 64.3198 63.8662 63.6808 63.6386 63.6149 63.3080 62.7822 63.0817 62.8296 62.9408 62.7840 62.3549 62.1716 62.5415 62.5655 62.9712 63.2266 63.2538 63.3559 63.2396 63.2451 63.2459 63.3672 63.2966 63.1483 63.3660 63.2120 63.5104 63.4213 63.2239 63.0454 63.0281 62.8348 62.3719 61.9876 61.7005 61.5135 61.4529 61.3269 61.1968 61.1765 61.3374 61.3046 61.4142 61.3615 60.9907 60.6131
67.2075 67.0807 66.9200 66.9464 66.9269 66.7701 66.6184 66.1552 65.6918 65.0450 64.7280 64.6394 65.1525 67.3436 67.8879 71.1722 70.4459 71.1481 72.9565 69.0097 65.2654 63.6994 63.6697 63.6157 63.7533 63.2096 62.9241 63.1116 62.8651 62.9720 62.8557 62.5862 62.2121 62.2668 62.3612 63.3385 63.5642 63.5809 63.6553 63.5407 63.3808 63.3636 63.3870 63.2462 62.9715 63.1336 63.0364 63.2829 63.3806 63.2554 63.2243 63.1775 62.9468 62.5781 62.2869 61.8889 61.5395 61.4467 61.3140 61.2141 61.1696 61.2246 61.1929 61.2773 61.2549 60.8393 60.4395
67.3011 67.2799 67.2629 67.4048 67.4551 67.2946 66.7664 66.2419 65.5961 65.1281 64.9721 64.8639 65.5406 67.5383 68.1642 69.9456 69.0448 69.9165 74.1455 71.7525 65.6219 63.6781 63.4983 63.3844 63.1988 63.0014 63.1322 63.0450 62.5378 62.7112 63.0158 63.0160 62.7119 62.4102 62.3650 62.6896 63.1776 63.5933 63.4604 63.3410 63.3420 63.5679 63.3695 62.9639 62.8622 62.9830 62.8134 63.0202 63.1525 63.0768 63.1640 63.1104 62.8591 62.6039 62.2909 61.9183 61.6470 61.5687 61.2248 61.1646 61.1704 61.2540 61.2224 61.1418 61.0400 60.8139 60.5502
67.0646 67.2704 67.3606 67.3799 67.3573 67.4042 67.1391 66.7259 66.3312 65.9929 65.7639 65.8062 66.0982 67.5692 67.7615 69.1993 67.9373 67.8493 68.6191 69.1454 64.9873 64.0971 63.4616 63.2555 62.8878 62.8716 62.9448 63.0235 62.6176 62.7727 63.2148 63.2112 62.8979 62.7575 62.7862 62.6990 63.1903 63.4339 63.3356 63.1757 63.2045 63.4123 63.4625 63.0178 62.9589 63.0369 62.8825 63.0242 63.1881 63.1259 63.2432 63.2072 63.0156 62.7240 62.3544 61.9918 61.6173 61.5411 61.2334 61.0429 61.0730 61.2320 61.2025 60.9553 60.7952 60.6807 60.5395
66.8646 67.0522 67.1737 67.1685 67.1615 67.2258 67.1797 66.9205 66.6344 66.5847 66.2877 66.3087 66.3415 66.6413 66.8218 66.2826 64.6438 64.3664 63.1792 63.1729 62.9241 63.4609 63.3058 63.2737 63.0421 62.6785 63.1712 63.0734 62.9576 63.1877 63.6472 63.5291 63.6981 63.4890 63.5008 63.2250 63.2807 63.4652 63.2146 63.1681 63.1612 63.2029 63.1866 62.9606 63.0617 63.1584 62.9938 63.2056 63.3936 63.2176 63.2435 63.1895 63.1439 62.8093 62.3507 61.9479 61.6610 61.5599 61.3022 60.9709 61.0322 61.0061 60.9727 60.7451 60.5573 60.6342 60.5471
66.8378 66.8126 66.8086 66.7564 66.6865 66.6581 66.7752 66.6819 66.3610 66.5628 66.5098 66.1522 66.2106 66.0267 65.8547 65.2277 64.4253 64.2053 63.8373 64.2139 63.6647 64.0121 64.0237 63.9522 63.6927 63.1631 63.4623 63.2308 63.2713 63.4642 64.0005 63.8750 64.2105 64.1182 64.1074 63.6481 63.3321 63.2577 63.2998 63.4194 63.3705 63.1693 62.8204 62.8495 62.9959 63.3286 63.2476 63.5326 63.4431 63.2746 63.3584 63.3593 63.1794 62.7799 62.1591 61.8560 61.6490 61.5563 61.4225 61.1911 61.2606 61.0409 60.9862 60.6485 60.5001 60.5452 60.5110
66.8133 66.7492 66.6682 66.4665 66.4539 66.3201 66.4606 66.3377 66.2860 66.2532 66.0473 65.7741 65.8502 65.9752 65.7785 65.3625 64.3076 64.0590 64.4857 65.3065 64.9217 64.8638 64.4484 64.2256 64.0287 63.5283 63.6623 63.4131 63.6121 63.7605 64.1493 63.9487 64.1500 63.9542 63.8747 63.4971 63.2855 63.1530 63.6183 63.5578 63.5353 63.1007 62.6576 62.8342 63.0031 63.4705 63.4313 63.6054 63.5334 63.3359 63.3892 63.4220 63.1664 62.7413 62.1375 61.8656 61.7507 61.6215 61.3438 61.1373 61.0383 60.9462 60.8857 60.4913 60.3096 60.5272 60.5114
66.7523 66.6648 66.4916 66.2928 66.2897 66.1674 66.2391 66.0250 66.0479 66.1723 65.9948 65.5675 65.5167 65.5646 65.8446 65.2959 64.5518 64.3795 64.9227 65.4118 65.0878 65.0183 64.6461 64.3993 64.1245 63.7159 63.5073 63.5812 63.8158 63.8752 64.3895 64.3026 63.9560 63.4070 63.3322 63.3800 63.3043 63.2232 63.5058 63.3709 63.4040 62.8825 62.6694 62.8250 62.9314 63.5355 63.4841 63.7014 63.6351 63.4637 63.5259 63.5791 63.3390 62.8771 62.3388 62.0862 61.7964 61.6265 61.3441 61.0871 60.9162 60.7749 60.7358 60.4389 60.3417 60.3521 60.4963
67.0721 66.7023 66.3390 66.2078 65.9591 65.7550 65.9277 65.7408 65.8537 65.7924 65.7011 65.5427 65.6158 65.6802 65.8041 65.4551 64.9390 64.8662 65.0478 65.4893 65.4912 65.0444 64.5832 64.2905 64.0768 63.7534 63.5526 63.8201 63.7985 63.8337 64.5313 64.4479 63.9825 63.4532 63.4026 63.0907 63.1929 63.1386 63.1386 62.9105 62.9412 62.7005 62.6956 62.7724 62.8603 63.6173 63.5626 63.7012 63.7492 63.5473 63.4394 63.5500 63.4328 62.9813 62.4402 61.9468 61.7410 61.6196 61.2348 60.9270 60.8006 60.6381 60.6107 60.4693 60.3662 60.2555 60.4605
66.9792 66.5881 66.1977 66.0753 65.7398 65.5438 65.7140 65.6265 65.6916 65.4838 65.0056 64.9096 64.9109 65.4084 65.7171 65.3235 64.9928 64.9932 64.6762 64.9675 65.3247 65.1758 64.8641 64.6298 64.4226 64.0947 63.6837 63.2217 63.4999 63.5389 64.2966 64.2475 63.8681 63.3704 63.3174 62.9496 62.9990 63.0319 62.8113 62.4954 62.5183 62.3110 62.7763 62.9407 63.0690 63.6789 63.5512 63.7397 63.7240 63.5125 63.3967 63.5032 63.5231 63.0598 62.4166 61.8254 61.7105 61.5795 61.1960 60.8888 60.6957 60.5156 60.4999 60.3731 60.4155 60.4316 60.6807
66.8820 66.4461 66.0454 65.8451 65.6734 65.5747 65.6916 65.5634 65.5036 65.1337 64.6493 64.5723 64.5385 65.0723 65.5627 65.4970 64.9252 64.9114 64.6725 64.8190 65.2978 65.0137 64.9510 64.7322 64.8804 64.5009 63.8108 62.6645 63.1109 63.1856 63.8546 63.7884 63.9229 63.7960 63.8288 63.2724 62.9927 63.0815 62.8364 62.3666 62.3626 62.1759 62.7482 63.0023 63.3167 63.6650 63.5672 63.8276 63.7820 63.4537 63.4769 63.5173 63.5287 62.8148 62.1080 61.6722 61.6458 61.5185 61.2030 60.9875 60.6653 60.4837 60.4828 60.3821 60.3884 60.5589 60.6821
67.0373 66.6020 66.1256 65.9440 65.7508 65.6272 65.6889 65.4275 65.3517 65.0965 64.7950 64.7611 64.7390 65.1292 65.3936 65.2720 64.9996 64.9547 64.7495 65.1023 65.0582 64.8505 64.4962 64.3034 64.7114 64.6333 63.9367 62.6948 63.1551 63.1635 63.7000 63.7089 63.6677 64.0148 64.0386 63.8439 63.4593 63.2686 63.0754 62.4938 62.4988 62.2074 62.4993 62.8758 63.1395 63.5003 63.4239 63.7300 63.8140 63.5395 63.4768 63.5379 63.3886 62.8766 61.9787 61.5803 61.5167 61.4289 61.1409 60.8751 60.5760 60.4291 60.4255 60.4219 60.4600 60.6135 60.7712
67.1738 66.7333 66.2015 66.0891 65.8113 65.7657 65.7295 65.4234 65.3634 65.1861 65.1648 65.0743 65.1643 65.2689 65.3036 65.2148 64.9373 64.9274 64.7338 65.1125 65.2699 65.3058 64.5554 64.3427 64.6615 64.6485 64.2144 63.6560 63.7331 63.6057 63.7872 63.5822 63.3699 63.6212 63.6249 63.9711 63.8460 63.7617 63.5119 62.8650 62.8845 62.3351 62.3201 62.5979 63.0236 63.5249 63.4771 63.6547 63.7043 63.4380 63.4348 63.4788 63.3363 62.9657 62.3210 61.5931 61.4603 61.3477 61.0626 60.8962 60.5760 60.4024 60.3963 60.4385 60.4779 60.6693 60.8221
