regresion/JUNIO_2003/MODIS/Composicion (B12).txt
ncols         167
nrows         127
xllcorner     -112.010
yllcorner     26.721
cellsize      0.00893
[rows 29 to 57 of 127, columns 67 to 133 of 167]
40.9207 41.0966 40.4007 39.6931 39.2008 39.0102 39.3287 39.2250 39.6100 39.3874 39.3230 39.4226 39.4075 39.4555 39.6731 39.6074 39.7474 39.9221 39.4607 39.4440 39.6192 39.6949 39.9794 40.2486 40.3088 40.2384 40.1369 39.9593 39.9067 39.8922 39.6835 39.5940 39.4483 39.4265 39.2837 39.1975 39.3210 39.4101 39.4678 39.5042 39.7046 39.7650 40.0288 40.6596 40.8897 40.8122 40.4722 40.1230 40.0998 40.2669 40.3468 40.4455 40.4068 40.2850 39.9716 40.0196 40.0236 40.1206 40.2071 40.2422 40.3510 40.4028 40.5318 40.6067 40.6630 40.7074 40.6177
40.3603 40.5430 40.5021 39.7758 39.1969 39.1524 39.5986 39.5052 39.6931 39.4376 39.4039 39.4534 39.5167 39.6310 39.6785 39.7716 39.8455 39.9000 39.6921 39.6648 39.7857 39.8809 40.0134 40.1464 40.1300 39.9960 39.8373 39.7625 40.0172 39.9501 39.6809 39.6056 39.5358 39.5422 39.5327 39.3722 39.3281 39.3832 39.4113 39.4561 39.5045 39.6716 39.8690 40.2653 40.5649 40.9244 40.4740 40.1457 39.9259 39.8592 39.9288 40.2265 40.3827 40.1791 39.8942 39.9565 39.8301 40.0123 40.1121 40.1663 40.2512 40.3777 40.4193 40.4787 40.6068 40.5150 40.4340
40.0126 40.2753 40.1601 39.6671 39.1586 39.3958 39.8170 39.6336 39.7060 39.5655 39.4555 39.5178 39.6303 39.7342 39.7289 39.9252 40.0675 40.0814 40.0943 40.0235 39.8189 39.7968 39.9615 40.0157 40.0172 39.8746 39.7601 39.7434 39.7509 39.7679 39.7390 39.6536 39.6173 39.6463 39.8511 39.5221 39.5248 39.5706 39.5749 39.6643 39.6396 39.6761 39.9726 40.1916 40.4916 40.2379 39.9543 39.8297 39.8055 39.7352 39.7244 39.8278 39.9416 40.0371 39.8340 40.0065 40.0347 40.1909 40.0501 40.1786 40.2607 40.4342 40.5766 40.5412 40.5317 40.5432 40.5160
39.6816 39.9113 40.1412 39.7572 39.5994 39.8319 40.0046 39.8403 39.5950 39.4855 39.6685 39.8024 39.7609 39.8281 39.8413 40.0230 40.0438 40.0338 39.9678 39.8510 39.7353 39.8073 39.8994 39.9127 39.9251 39.8896 39.8009 39.8094 39.7935 39.7744 39.7424 39.6981 39.5682 39.7158 40.0000 39.5862 39.5150 39.5899 39.4623 39.5130 39.5685 39.6544 39.7460 39.9425 40.3342 40.8759 40.9077 41.1136 40.6180 39.7849 39.6965 39.7540 39.8069 40.0783 39.6762 39.9026 39.8362 39.8327 39.9081 40.0893 40.3007 40.4980 40.6276 40.6584 40.6739 40.6315 40.6349
39.9004 40.0109 39.8253 39.2390 39.2352 39.5320 39.9069 39.7430 39.5602 39.5166 39.8661 40.1791 40.2313 40.3498 40.3348 40.3548 40.0801 39.8467 39.7320 39.7848 39.8311 39.8966 39.9603 39.8930 39.9260 39.8758 39.8459 39.8333 39.8265 39.8011 39.6655 39.6583 39.4424 39.7285 39.8301 39.4949 39.4351 39.5225 39.4078 39.4423 39.6048 39.6517 39.5623 39.7162 39.7713 39.9769 39.8502 39.5918 39.6034 39.7914 39.8552 40.0384 39.9667 39.7732 39.6640 39.8075 39.8741 39.9829 39.9672 39.9457 40.1788 40.4404 40.5997 40.6089 40.6515 40.6614 40.5881
40.2476 40.2550 39.8746 39.6796 39.7968 40.0080 39.9275 39.7973 39.6440 39.6043 39.9066 40.3047 40.2898 40.4756 40.2908 40.0923 39.9820 39.8325 39.7492 39.7716 39.7795 39.9060 39.8863 39.8999 39.9130 39.8549 39.8260 39.8484 39.8227 39.7379 39.5806 39.4438 39.2870 39.8265 39.8675 39.4750 39.1956 39.3052 39.3409 39.4757 39.6580 39.6817 39.6842 39.8426 39.9318 40.0239 39.8606 39.7149 39.6471 39.8089 39.9040 40.0989 40.1238 39.9799 39.6740 39.8716 39.8766 40.0552 40.1484 40.2241 40.4172 40.5256 40.6362 40.5875 40.5907 40.5362 40.4932
40.4006 40.5138 40.3299 40.1895 40.1729 40.3822 40.2056 40.0739 39.9262 39.9487 40.1396 40.4220 40.3434 40.2265 40.0410 39.9268 39.9060 39.6630 39.7126 39.6872 39.6505 39.7618 39.8575 39.8458 39.8689 39.8479 39.8417 39.7857 39.7373 39.6301 39.4522 39.4316 39.2945 39.7883 39.7717 39.4243 39.0185 39.1766 39.3142 39.6614 39.8709 39.8443 39.9804 40.1654 40.0422 39.9766 39.8135 39.7002 39.3979 39.5061 39.6341 39.8915 39.9932 40.1164 40.0320 40.2159 40.1331 40.1764 40.1310 40.2461 40.3443 40.4656 40.5517 40.4948 40.4941 40.4322 40.3449
39.8660 39.9354 39.9361 39.9658 39.9343 39.9802 40.2341 40.3066 40.1980 40.0411 40.1225 40.2805 40.2997 40.0343 39.8865 39.8540 39.8154 39.6992 39.6377 39.5971 39.5829 39.6470 39.6450 39.6158 39.7018 39.6689 39.6722 39.6179 39.5765 39.4515 39.3647 39.3469 39.2152 39.3980 39.4608 39.1792 38.9334 39.1310 39.2615 39.6541 39.9943 39.9233 39.9743 40.1615 40.0642 39.9624 39.7524 39.4981 39.3021 39.2792 39.3578 39.5234 39.3705 39.6730 39.8435 40.0517 40.2411 40.2969 40.3523 40.4209 40.4276 40.4729 40.4231 40.3434 40.3651 40.2933 40.2454
40.2491 40.3318 40.0185 39.6735 39.6824 40.0117 40.3326 40.2938 40.2030 40.1617 40.1348 39.9409 39.9215 39.8147 39.7778 39.7658 39.6595 39.5851 39.5585 39.6190 39.6450 39.6472 39.5767 39.5528 39.5455 39.5087 39.5353 39.4262 39.3824 39.3671 39.2272 39.1947 39.0773 39.1218 39.1613 38.9666 38.7509 38.8965 39.2078 39.5954 40.0179 40.0044 39.9877 40.2162 40.1861 40.0916 39.8764 39.7351 39.4781 39.4812 39.5410 39.4921 39.4642 39.5200 39.7521 39.9746 40.1515 40.2930 40.3760 40.4239 40.4012 40.4958 40.4329 40.4303 40.2974 40.1924 40.1500
40.2576 40.3793 39.8150 39.6351 39.8856 40.2478 40.4316 40.3608 40.1348 40.2100 40.1363 40.0010 39.8829 39.7492 39.6025 39.6705 39.6747 39.5649 39.5334 39.5957 39.6228 39.6083 39.6178 39.6488 39.5805 39.5343 39.4314 39.3427 39.2919 39.2486 39.1344 39.1130 38.9727 39.0168 39.0839 38.8912 38.8118 38.9529 39.3255 39.6900 40.0327 40.0547 40.0447 40.2288 40.1036 40.1843 40.0421 39.8621 39.5980 39.5296 39.4713 39.5428 39.5369 39.6547 39.6978 39.8090 40.0329 40.2653 40.3160 40.4229 40.4512 40.5051 40.5730 40.3950 40.0997 39.9905 40.0112
40.2104 40.3077 39.7945 39.4772 39.9882 40.0097 40.0195 40.0622 40.3733 40.7659 40.5401 39.9860 39.9389 39.8474 39.7079 39.6967 39.6589 39.4505 39.4828 39.5234 39.5399 39.5548 39.6151 39.5979 39.5507 39.5302 39.4394 39.3814 39.3526 39.2305 39.1179 39.0445 38.9389 38.9653 39.0571 38.9362 38.8851 39.0736 39.3626 39.7802 40.1563 40.1891 40.0950 40.2675 40.0584 40.0022 39.9006 39.8622 39.7441 39.7577 39.7155 39.5577 39.5988 39.6903 39.5945 39.7196 39.9353 40.1548 40.2412 40.2624 40.2636 40.3397 40.3675 40.3416 40.2494 40.0111 39.9147
40.4443 40.4880 40.0314 39.9086 39.9966 39.9494 40.0461 40.1214 40.5238 41.0057 40.9580 39.9872 39.9889 39.7044 39.6234 39.6118 39.5457 39.4622 39.4142 39.4101 39.4213 39.4753 39.5713 39.5785 39.5442 39.5432 39.5175 39.4440 39.5115 39.4337 39.3221 39.2876 39.0701 38.9732 39.0693 38.9497 39.1548 39.3805 39.5540 39.7879 40.2078 40.2687 40.1886 40.2897 40.0691 40.0462 39.8169 39.6593 39.4369 39.4885 39.3121 39.3131 39.5886 39.7414 39.8476 39.9559 39.9740 40.0173 40.0695 40.0030 40.0082 40.0965 40.0645 40.1626 40.1664 40.1017 39.9429
40.4363 40.4216 40.0003 39.7825 39.8154 39.7226 39.8480 39.8661 40.2152 40.8908 40.8510 39.8561 39.8077 39.5828 39.5798 39.6107 39.5262 39.3947 39.3289 39.3256 39.3465 39.4286 39.4407 39.4727 39.4885 39.5111 39.4973 39.4719 39.5680 39.5277 39.4537 39.4775 39.2813 39.2181 39.2394 39.1803 39.4469 39.6279 39.7413 40.0157 40.3813 40.2958 40.0520 40.0297 39.7242 39.5894 39.5360 39.5313 39.4197 39.5576 39.4385 39.2982 39.4283 39.7027 39.9069 40.0324 40.1432 39.8693 39.8350 39.8256 39.7977 39.9470 39.9446 40.0125 40.0982 40.1147 39.9878
39.9010 39.8879 39.7187 39.6210 39.4955 39.5361 39.7257 39.7374 40.1058 40.6103 40.6032 39.8982 39.8438 39.4043 39.4354 39.5506 39.4796 39.3480 39.3115 39.3166 39.3281 39.4234 39.4008 39.4033 39.4225 39.4867 39.4408 39.4840 39.5832 39.5627 39.5280 39.6138 39.4293 39.3915 39.4286 39.3239 39.4339 39.6690 39.9201 40.1856 40.3599 40.2154 39.9848 40.0554 39.7570 39.4184 39.2940 39.2105 39.1063 39.2299 39.0751 39.0843 39.3345 39.7558 39.8045 39.8925 39.8904 39.8446 39.7147 39.7192 39.7291 39.8135 39.8004 39.8036 39.7747 39.7541 39.8520
39.5121 39.4822 39.4512 39.4012 39.3071 39.2779 39.2736 39.3093 39.6840 40.3100 40.4780 39.7454 39.7160 39.3775 39.4078 39.4549 39.4033 39.3900 39.3680 39.3857 39.3525 39.3710 39.3609 39.4034 39.4234 39.5088 39.4901 39.5079 39.5869 39.5965 39.5064 39.5725 39.5473 39.5202 39.4663 39.3643 39.5219 39.7456 39.9905 40.2200 40.2578 40.2347 39.9880 39.9977 39.7174 39.5065 39.3674 39.2229 39.0853 39.2556 39.0991 39.3998 39.7697 40.2394 40.0626 40.1517 40.1577 39.8879 39.5472 39.6077 39.6663 39.7703 39.8068 39.7804 39.6884 39.5921 39.5918
39.3181 39.2920 39.2904 39.2464 39.0963 38.9729 38.9491 38.9787 39.3798 39.8295 40.4231 39.5549 39.5082 39.2845 39.3156 39.4145 39.2790 39.3080 39.3309 39.3423 39.2393 39.2454 39.3053 39.3408 39.3762 39.4490 39.4630 39.4963 39.6502 39.5561 39.5098 39.5637 39.5665 39.6325 39.6386 39.5353 39.6152 39.8890 40.0905 40.1107 40.0992 40.0963 40.0311 40.0491 39.8659 39.5924 39.4597 39.4185 39.2050 39.3185 39.2788 39.4925 39.7930 40.0883 40.0072 40.1216 40.1829 40.1058 39.8006 39.4531 39.5262 39.6045 39.7059 39.8220 39.7692 39.6386 39.6084
39.0749 39.0797 39.1906 39.2602 39.1321 39.0525 39.0621 39.0298 39.2167 39.7829 40.1424 39.4844 39.4269 39.3293 39.3346 39.4075 39.2294 39.2817 39.3542 39.3974 39.3223 39.2729 39.3959 39.5566 39.6063 39.7302 39.6184 39.6715 39.7242 39.6857 39.5341 39.5894 39.5541 39.5629 39.7308 39.5303 39.8108 40.0770 40.1445 40.1327 40.0776 40.0249 40.0512 40.0503 39.6391 39.5569 39.5199 39.5445 39.3846 39.4768 39.3597 39.3351 39.7072 40.0340 40.1614 40.2584 40.1927 40.1123 40.0136 39.5574 39.6077 39.7029 39.7047 39.7632 39.8899 39.9538 39.8705
39.0096 39.0382 39.1472 39.1551 39.0279 38.9243 38.9313 38.9863 39.3586 39.6752 39.7890 39.7157 39.7086 39.5507 39.4239 39.3147 39.1484 39.1753 39.2225 39.2997 39.2909 39.2608 39.4434 39.6809 39.8068 39.9616 39.9464 40.0400 40.0510 39.8847 39.7108 39.6628 39.5328 39.5896 39.7186 39.6045 39.6638 39.9463 40.0764 40.1728 39.9888 39.9326 39.9120 39.9497 39.8439 39.6849 39.5038 39.6184 39.3736 39.4547 39.3344 39.3155 39.5395 39.8698 40.0696 40.1793 40.0904 40.1052 40.0028 39.8767 39.9129 40.0524 39.9992 39.8420 39.9224 39.9132 40.0131
39.1220 39.1418 39.1375 39.0262 38.9108 38.8412 38.8887 38.9181 39.1290 39.4525 39.6923 39.6935 39.6710 39.5932 39.5406 39.5811 39.5745 39.7099 39.5985 39.5837 39.4236 39.4373 39.6692 39.8893 39.9831 40.0809 40.0951 40.1215 40.3099 40.2270 40.0424 39.9446 39.8359 39.8855 40.1272 39.9766 40.0985 40.1880 40.1694 40.1880 39.9327 39.8726 39.8431 39.8998 39.7900 39.6920 39.6443 39.6911 39.5036 39.5744 39.4374 39.3979 39.4885 39.7786 39.8500 39.9635 39.9549 39.8872 39.7928 39.8069 39.9018 40.1359 40.1491 40.1445 40.1460 40.1613 40.3065
39.1829 39.1526 39.0451 38.9776 38.8849 38.8923 39.0252 39.0089 39.2580 39.4696 39.6699 39.8325 39.8150 39.6873 39.4632 39.5113 39.7546 39.9240 39.9914 39.9995 40.0668 40.1081 40.0877 40.1641 40.3109 40.2786 40.3177 40.3880 40.4207 40.3624 40.1906 40.0927 40.0792 40.1770 40.2911 40.2664 40.3829 40.2907 40.2171 40.1902 40.0564 39.9919 39.9012 39.8682 39.7979 39.8296 39.8287 39.8336 39.4694 39.5746 39.3650 39.2317 39.3720 39.5327 39.5459 39.6919 39.6955 39.7793 39.7014 39.7146 39.7807 39.9528 40.1685 40.2734 40.3700 40.4690 40.6108
39.2263 39.1284 39.0723 38.9466 38.8747 38.9532 39.0638 39.0933 39.3230 39.6634 39.9490 39.8469 39.8225 39.5062 39.2566 39.3827 39.6004 39.8839 39.9392 40.1912 40.2547 40.2738 40.2442 40.3246 40.5529 40.5184 40.5771 40.4488 40.4328 40.3953 40.3182 40.4082 40.4253 40.4029 40.4507 40.3756 40.3170 40.2080 40.1348 40.1454 40.0629 39.9869 39.7976 39.8004 39.9068 40.0378 40.0270 40.0029 39.7131 39.8384 39.3901 39.2596 39.4395 39.4644 39.4634 39.5926 39.6519 39.6740 39.6402 39.7237 39.8250 39.9463 40.1797 40.2623 40.3244 40.4368 40.6232
39.2338 39.1024 39.0358 38.9912 38.8771 38.9081 39.0906 39.0961 39.5142 39.9438 40.0188 39.6767 39.7275 39.4680 39.1843 39.3146 39.3654 39.5989 39.6595 40.0142 40.2461 40.2905 40.2938 40.4164 40.6610 40.5749 40.7384 40.5442 40.4781 40.4637 40.5014 40.6175 40.5560 40.6271 40.5142 40.3874 40.2946 40.2743 40.1631 40.0643 40.0548 39.9817 39.7499 39.7957 39.8445 40.0577 40.0502 40.0746 39.8769 39.9291 39.4905 39.2628 39.3156 39.5219 39.3916 39.4632 39.4724 39.5024 39.4642 39.5125 39.6069 39.7479 40.0979 40.1621 40.1552 40.2765 40.4398
39.3432 39.1803 39.1511 38.9739 38.8520 38.8557 39.0020 38.9995 39.4966 40.0726 40.2431 39.9902 40.0394 39.9619 39.7222 39.6176 39.5259 39.6756 39.7858 40.0079 40.1393 40.2539 40.3932 40.6289 40.8810 40.8393 40.9861 40.7968 40.7188 40.6439 40.7758 40.9024 40.7699 40.6230 40.4064 40.3342 40.2992 40.2909 40.2888 40.2816 40.2259 40.0631 39.9505 39.9592 39.9758 39.9864 39.9666 39.9832 39.7295 39.7177 39.3536 39.2091 39.2947 39.3687 39.3514 39.4596 39.2581 39.2475 39.2659 39.2979 39.5103 39.6531 40.1126 40.0831 40.1740 40.2799 40.3833
39.3881 39.2638 39.1776 39.0177 38.8727 38.8223 39.0188 39.0159 39.5339 39.9753 40.0726 39.9191 39.9398 39.9056 39.8336 39.9138 39.9342 39.8649 39.9298 39.9659 39.9758 40.1159 40.3362 40.6235 40.9590 41.0541 41.1740 41.0663 40.9872 40.8907 40.9354 40.9586 40.8488 40.6695 40.4201 40.2333 40.2359 40.2486 40.2967 40.2691 40.2667 40.1900 40.1575 40.1379 40.2862 40.1416 39.8734 39.7758 39.7407 39.7378 39.3719 39.1230 39.1362 39.1762 39.2286 39.3132 39.0501 39.0739 39.0490 38.9195 39.1840 39.3886 39.7599 39.8121 39.8410 39.9761 40.2512
39.3852 39.3248 39.2783 39.2697 38.9500 38.8484 39.0298 39.0324 39.5628 39.9686 39.6236 39.4494 39.5073 39.5644 39.8309 40.0140 39.9332 39.7900 39.8182 39.9717 39.9280 40.0628 40.4589 40.6488 41.0225 41.0479 41.1564 41.2367 41.1986 41.1504 41.1209 40.9801 40.8032 40.5775 40.3512 40.2485 40.2319 40.2473 40.2896 40.3380 40.2687 40.1939 40.2554 40.2324 40.3382 40.2869 40.0148 39.8846 39.8110 39.7597 39.4631 39.3439 39.2461 39.1868 39.0990 39.1799 38.9530 38.8765 38.7657 38.7508 38.9360 39.0732 39.3867 39.3914 39.3705 39.5068 39.7571
39.5809 39.5114 39.4390 39.2760 39.0179 38.8331 39.0103 39.0344 39.3177 39.5622 39.0683 39.0914 39.1247 39.2883 39.7086 39.8577 39.9555 39.8855 39.8178 39.8268 39.8620 40.0729 40.3611 40.5308 40.8933 40.9796 41.0247 41.2015 41.2971 41.2440 41.1486 41.0541 40.6955 40.3926 40.2109 40.2026 40.1840 40.2147 40.2820 40.3221 40.2643 40.2181 40.2917 40.2108 40.2831 40.3087 40.0840 40.0173 39.8020 39.7423 39.4555 39.3430 39.3347 39.2586 39.0837 39.1646 38.9635 38.9203 38.6620 38.6379 38.8426 38.9435 39.1501 39.2299 39.0642 39.1210 39.3112
39.8233 39.7916 39.5914 39.3066 39.0064 38.8051 38.9250 38.9336 39.1077 39.0802 38.7380 38.8352 38.8473 39.1349 39.3108 39.3553 39.7238 39.7744 39.6852 39.7390 39.8726 40.1966 40.4035 40.6087 40.8908 40.9877 41.0206 41.0218 41.1902 41.0900 41.0261 40.8787 40.5966 40.2698 40.0806 40.1014 40.1867 40.1786 40.2868 40.3077 40.1976 40.1611 40.2427 40.2040 40.2978 40.2984 40.0922 39.8517 39.7213 39.6594 39.4770 39.4793 39.4888 39.3242 39.1619 39.2317 39.0209 38.8648 38.7680 38.5987 38.6284 38.6823 38.7513 38.7634 38.9047 39.0608 39.2432
40.0114 39.9486 39.7483 39.3218 38.9088 38.8270 39.0635 39.0949 39.0332 38.8698 38.7015 38.7493 38.7496 38.8493 38.9964 39.2960 39.4172 39.4631 39.3888 39.4956 39.7390 40.0010 40.2136 40.3932 40.6188 40.6600 40.8296 40.9643 41.1290 40.9245 40.8734 40.7301 40.5262 40.3368 40.2438 40.2899 40.2529 40.2380 40.2528 40.2068 40.1189 40.0617 40.0747 40.1063 40.1325 40.2130 40.0812 39.9167 39.7728 39.7391 39.4997 39.4799 39.3821 39.1324 39.0704 39.1906 39.0233 38.8541 38.6177 38.5851 38.5674 38.5958 38.6390 38.5671 38.6665 38.8067 38.8756
39.9818 39.9385 39.8488 39.3009 39.0102 38.8616 38.8655 38.8929 38.8775 38.8219 38.6912 38.6309 38.6549 38.8357 38.9994 39.1421 39.0402 39.1166 39.0816 39.2839 39.5411 39.8329 40.0400 40.1640 40.4371 40.5542 40.7739 40.9053 40.9095 40.7832 40.6421 40.4486 40.2113 40.2812 40.1405 40.1639 40.2858 40.2552 40.2357 40.2670 40.1041 40.1223 40.1219 40.0710 40.0989 40.1433 40.0181 39.8605 39.7886 39.8001 39.6460 39.4791 39.2629 38.9848 38.7862 38.9488 38.9153 38.7829 38.5805 38.5831 38.4765 38.4857 38.4654 38.3955 38.5319 38.6576 38.7842
