regresion/JUNIO_2003/MODIS/Composicion (B12).txt
ncols         167
nrows         127
xllcorner     -112.010
yllcorner     26.721
cellsize      0.00893
[rows 58 to 86 of 127, columns 67 to 133 of 167]
40.2120 40.1606 40.0516 39.4853 39.1642 39.0213 38.9934 38.9915 38.8671 38.7193 38.5722 38.5410 38.5476 38.6893 38.9074 38.9832 38.8922 39.1145 39.0582 39.2765 39.5204 39.5963 39.8174 40.0098 40.1834 40.3819 40.5142 40.7401 40.6291 40.5598 40.3730 40.2014 40.1506 40.1596 40.1728 40.1354 40.1191 40.1572 40.1850 40.2649 40.1583 40.0729 40.1023 39.9978 40.0976 40.0984 40.0004 39.8341 39.7069 39.7358 39.5959 39.5390 39.4549 39.1618 38.8630 39.0313 38.9083 38.7278 38.5797 38.5398 38.4279 38.4247 38.3515 38.3912 38.5047 38.6220 38.7042
40.2096 40.1460 40.0921 39.5908 39.3841 39.1891 39.0083 39.0303 38.8145 38.6992 38.6154 38.5880 38.6158 38.6680 38.9170 38.9818 39.0203 39.2441 39.2589 39.3602 39.3923 39.5220 39.6520 40.0032 40.1286 40.3607 40.4287 40.5900 40.4202 40.4170 40.2143 40.1514 40.1807 40.1814 40.0716 40.0573 40.0237 40.0408 40.0730 40.0820 40.1702 40.0401 40.0072 39.9175 40.0570 40.0030 39.8968 39.6934 39.5581 39.6258 39.6007 39.5937 39.5149 39.2040 38.9325 39.0709 39.0031 38.6654 38.4036 38.2174 38.3582 38.4740 38.5197 38.5529 38.6230 38.6866 38.7326
40.2970 40.2395 40.0371 39.5898 39.3436 39.1874 39.0150 39.0700 38.9133 38.8215 38.7036 38.6141 38.5741 38.6592 38.8780 39.0697 39.2197 39.2634 39.2884 39.4046 39.4158 39.4629 39.5267 39.8570 39.8045 40.0312 40.1061 40.3168 40.3359 40.2986 40.1912 40.1877 40.2274 40.0995 40.0872 40.0150 39.9863 40.0549 39.9941 40.0001 40.0976 39.9565 39.9989 39.9188 39.9034 39.8797 39.8082 39.5877 39.4324 39.4648 39.4424 39.4472 39.3502 39.1419 38.9484 39.0186 39.0755 38.5609 38.3467 38.2124 38.3192 38.4525 38.5494 38.5694 38.6223 38.6364 38.6812
40.0659 40.0315 39.7425 39.6563 39.3538 39.1577 39.0427 39.0863 38.9791 38.9629 38.8896 38.7397 38.7053 38.8228 39.1000 39.2510 39.3020 39.3008 39.3422 39.4851 39.4582 39.3973 39.4250 39.7950 39.7491 39.9611 39.9626 40.0799 40.1644 40.1634 40.1222 40.1229 40.1836 40.0523 39.9466 39.9918 39.9672 40.0144 39.9913 40.0104 40.1917 40.1271 39.8632 39.7780 39.6684 39.7082 39.6522 39.4822 39.2611 39.1939 39.1013 39.1102 39.0258 38.9486 38.7939 38.8868 38.7786 38.4688 38.2721 38.2746 38.4059 38.5914 38.3976 38.4862 38.6736 38.6960 38.8487
39.6816 39.6550 39.2567 39.1027 39.1665 39.0578 38.9963 39.0144 38.9555 38.9034 38.7945 38.7117 38.6915 38.8467 39.1638 39.3360 39.3864 39.3988 39.4101 39.5145 39.4444 39.4270 39.5360 39.8727 39.8545 39.9984 40.0110 40.1598 40.1383 40.0304 39.9667 39.9973 40.0255 40.0634 40.0905 40.0158 40.0034 39.9390 39.8211 39.9365 40.1089 40.0785 39.7592 39.7055 39.5982 39.5847 39.6140 39.4076 39.1927 39.1306 38.9254 38.9003 38.8855 38.8178 38.7732 38.9061 38.7228 38.3978 38.2111 38.3482 38.5473 38.7593 38.5604 38.5810 38.7474 38.8070 39.1369
39.2485 39.1922 38.9786 38.8057 38.7623 38.8270 38.7479 38.7578 38.7602 38.8166 38.8652 38.8570 38.8756 39.0049 39.1791 39.3455 39.3910 39.3990 39.4510 39.5703 39.3560 39.5021 39.7948 40.0424 40.0280 40.1430 40.0563 40.0589 40.0144 39.9443 39.8870 39.9138 39.9947 40.0572 40.0034 39.9065 39.8855 39.8087 39.7556 39.8833 39.9805 39.8823 39.6384 39.6187 39.5723 39.5179 39.4866 39.3034 38.9985 38.9750 38.6836 38.5568 38.5838 38.6526 38.6519 38.9337 38.7468 38.5568 38.3893 38.5054 38.5079 38.5878 38.5757 38.7427 38.7689 38.9365 39.3347
39.0899 39.0515 38.9709 38.8857 38.6803 38.6561 38.5718 38.5571 38.4523 38.5306 38.6673 38.8671 38.8759 39.0131 39.1673 39.1954 39.1866 39.3413 39.4533 39.5293 39.4553 39.4859 39.7427 40.0373 40.0137 40.1771 40.1741 40.0936 40.0465 39.9542 39.9166 39.9627 39.8928 39.7722 39.7100 39.6500 39.7830 39.7330 39.7523 39.8446 39.8044 39.6239 39.5595 39.5861 39.5277 39.5301 39.4927 39.3546 38.9906 38.9291 38.6277 38.6162 38.5963 38.5167 38.4211 38.6254 38.4354 38.3734 38.2976 38.3689 38.4021 38.5130 38.5686 38.5666 38.8146 39.0503 39.5810
39.2010 39.1969 39.0609 38.8711 38.6402 38.5483 38.5101 38.5029 38.4892 38.4826 38.5637 38.7407 38.7986 38.9164 38.9530 39.0107 38.8894 38.9125 39.0216 39.3018 39.5001 39.7871 40.1679 40.2660 40.2329 40.3091 40.2471 40.1203 40.0602 39.9084 39.8876 39.9425 39.7966 39.5399 39.4922 39.4553 39.7691 39.8720 39.9574 39.8523 39.6628 39.4971 39.4563 39.4824 39.4185 39.5145 39.4278 39.3656 39.1532 39.1048 38.6641 38.5138 38.5211 38.5035 38.4330 38.6202 38.3248 38.1553 38.2830 38.2507 38.3678 38.4528 38.5627 38.8066 39.0560 39.1010 39.3596
39.1263 39.1283 38.9906 38.8334 38.6450 38.6064 38.6193 38.6365 38.5940 38.5912 38.6458 38.7489 38.8103 38.8049 38.7950 38.8200 38.6823 38.7047 38.7889 38.9369 39.5782 39.9799 40.3958 40.5473 40.6716 40.6321 40.3981 40.1400 39.9246 39.7488 39.8410 39.9709 39.8314 39.6126 39.5875 39.5814 39.7467 39.8832 40.0124 39.9177 39.6213 39.5580 39.3505 39.3583 39.3850 39.4581 39.4020 39.3172 39.1105 39.0316 38.5340 38.4145 38.4118 38.5045 38.3273 38.3719 38.0438 37.9148 38.1294 38.2613 38.3179 38.3544 38.4269 38.5436 39.0665 39.2556 39.3016
39.1678 39.1679 39.0367 38.8502 38.7122 38.6589 38.7222 38.7117 38.7002 38.6777 38.6998 38.8053 38.8136 38.7712 38.7467 38.7675 38.6409 38.5582 38.6306 38.6965 39.1964 39.8583 40.3073 40.5176 40.5904 40.4673 40.2171 40.0651 39.8542 39.6735 39.9497 40.0600 39.9796 39.8445 39.6228 39.7160 39.7625 39.9179 39.9311 39.8626 39.5566 39.5296 39.2661 39.2582 39.3377 39.2993 39.1731 39.0774 38.8285 38.7474 38.3135 38.2570 38.2954 38.4904 38.2578 38.2317 37.8902 37.8000 37.9381 38.0737 38.1978 38.1251 38.3814 38.5341 38.8964 39.1303 39.4756
39.1729 39.1711 38.9363 38.7377 38.6605 38.6541 38.7345 38.7930 38.7820 38.6978 38.7114 38.8664 38.8544 38.8091 38.7884 38.7355 38.7410 38.6961 38.7696 38.8607 39.1607 39.8504 40.2147 40.3831 40.4029 40.1943 40.0722 40.0275 39.9150 39.7850 40.0384 40.1617 40.0820 39.9512 39.8710 39.8798 39.9887 39.9975 39.9165 39.7780 39.4833 39.4441 39.1670 39.1432 39.1242 39.1020 38.8719 38.6220 38.3702 38.2366 38.1050 38.1830 38.2226 38.3719 38.1125 38.0775 37.8386 37.7269 37.8348 37.9080 38.0549 38.1231 38.4941 38.7528 38.6893 38.8513 39.0681
39.0271 39.0189 38.8644 38.6945 38.6633 38.7132 38.8326 38.8377 38.7103 38.6983 38.7554 38.8737 38.8463 38.7894 38.7994 38.8340 38.8809 38.7347 38.7426 38.8559 39.2298 39.7718 40.0834 40.2080 40.2026 40.0547 40.1564 40.1302 39.9782 39.8356 39.9418 40.0563 40.0959 40.0482 39.9735 39.9306 39.9897 39.9019 39.5776 39.5050 39.2866 39.1281 38.8796 38.9269 38.9299 38.7324 38.4376 38.2013 37.9993 37.9977 37.8244 38.0972 38.1119 38.1050 37.7896 37.8729 37.7697 37.6791 37.7376 37.9373 38.1301 38.2079 38.4291 38.6992 38.7976 38.7107 38.8421
38.9130 38.9381 38.8619 38.6714 38.6211 38.7418 38.8894 38.9216 38.8449 38.7169 38.7388 38.8003 38.7579 38.7321 38.7509 38.8355 38.8281 38.6650 38.7115 38.9364 39.3316 39.7590 40.0616 40.0860 40.0736 40.0126 40.2122 40.1954 40.1405 39.9833 39.8496 39.9879 39.9902 39.9934 39.8317 39.8050 39.8004 39.6857 39.4761 39.3700 39.2243 39.0446 38.7581 38.7004 38.4152 38.1819 38.0814 37.9237 37.7422 37.8228 37.6674 37.9020 38.0343 37.8925 37.7637 37.8014 37.6925 37.6346 37.6807 37.8922 38.0001 38.0907 38.3365 38.6774 38.8950 39.0953 39.0818
38.8624 38.8787 38.8469 38.6340 38.5989 38.7974 38.8858 38.9034 38.9005 38.8548 38.8130 38.8278 38.7846 38.7508 38.7741 38.7577 38.7624 38.6181 38.6486 38.9701 39.3465 39.6617 40.0007 40.0036 40.0024 40.0325 40.2162 40.0022 39.9125 39.8224 39.8170 40.0340 40.0201 39.8697 39.5648 39.3625 39.5198 39.4415 39.2113 38.9006 39.0237 38.9549 38.6043 38.5366 38.5178 38.2798 37.9675 37.8317 37.5966 37.6513 37.4964 37.5521 37.7452 37.5838 37.4828 37.5821 37.6017 37.5775 37.5030 37.7367 37.8973 37.9987 38.2045 38.4596 38.7168 39.0523 39.2768
38.8941 38.9159 38.9556 38.7488 38.6845 38.7551 38.8652 38.8959 38.9466 38.7619 38.7320 38.8451 38.8079 38.7336 38.7846 38.6948 38.7592 38.7932 38.8322 39.1983 39.3555 39.5491 39.8247 39.9102 39.8869 39.9244 40.0262 39.7801 39.7309 39.6007 39.6666 39.8148 39.7873 39.5597 39.3027 39.0640 38.8548 38.9048 38.8436 38.3978 38.1911 38.2212 37.9670 38.0014 38.0615 37.9189 37.8939 37.7873 37.5245 37.5684 37.3793 37.3727 37.5194 37.4311 37.3921 37.4401 37.4467 37.5559 37.4572 37.6300 37.7817 37.8818 38.1156 38.5792 38.9193 39.0997 39.2655
38.9241 38.9284 38.9277 38.7825 38.7308 38.7615 38.9714 38.9986 39.1382 38.9738 38.7338 38.7146 38.7407 38.7258 38.6647 38.5823 38.6205 38.8036 38.8800 39.2699 39.3786 39.3546 39.4997 39.6409 39.6019 39.7274 39.8162 39.5977 39.7082 39.6023 39.6975 39.7832 39.5855 39.3039 39.1978 38.9462 38.7902 38.8106 38.4395 38.1734 37.9352 37.6965 37.6425 37.6979 37.7653 37.9288 37.8864 37.8608 37.7545 37.6897 37.3281 37.1391 37.2278 37.2524 37.2728 37.3799 37.4723 37.5734 37.4607 37.6215 37.7290 37.8605 38.0924 38.5106 38.9543 39.2224 39.2930
38.9704 38.9885 38.9009 38.8162 38.8397 38.8589 38.8719 38.9248 39.1404 39.1391 38.9560 38.8253 38.7974 38.7205 38.6037 38.5770 38.6681 38.8573 38.9479 39.1196 39.2907 39.2080 39.1464 39.4203 39.4012 39.5679 39.6217 39.5777 39.6737 39.5866 39.7767 39.8467 39.5882 39.2413 39.1317 39.0056 38.8190 38.8210 38.4816 38.3423 38.0741 37.9258 37.9460 37.9095 37.8562 37.9257 37.8835 37.8499 37.7323 37.6628 37.4856 37.4441 37.3755 37.3850 37.3733 37.5159 37.5535 37.6761 37.6018 37.6794 37.7228 37.8287 38.1530 38.4087 38.6238 38.7046 38.8399
38.8954 38.9066 38.8727 38.8650 38.9760 38.9255 38.9146 38.9790 39.0551 39.0877 39.0104 38.8004 38.7716 38.8149 38.6374 38.4723 38.6066 38.8221 38.9213 39.0777 39.1593 39.1403 39.1196 39.2200 39.2988 39.4804 39.5423 39.5214 39.7497 39.6844 40.0197 39.9584 39.6177 39.2076 39.0838 39.0418 38.8518 38.8345 38.6750 38.5574 38.4044 38.2553 38.1649 38.0550 37.8843 37.9278 37.8836 37.9746 37.8514 37.8442 37.6894 37.5357 37.3935 37.3915 37.4652 37.5812 37.5983 37.6659 37.6266 37.7017 37.7242 37.8024 38.0713 38.6299 38.8236 38.8831 38.8047
38.8281 38.8373 38.8493 38.8575 38.8455 38.8389 38.8686 38.9453 38.9544 39.0517 38.9504 38.8019 38.7759 38.7858 38.6068 38.4986 38.5164 38.6802 38.7362 38.8342 39.0656 39.0269 39.0318 39.2201 39.1293 39.2952 39.3782 39.4745 39.7361 39.7645 39.9775 40.0735 39.6769 39.2711 39.1669 39.0606 38.9620 38.9015 38.7479 38.6899 38.5997 38.4551 38.3101 38.1166 37.9719 37.8146 37.7091 37.6631 37.6890 37.6860 37.6349 37.4807 37.4040 37.4210 37.4607 37.5659 37.7161 37.7846 37.7262 37.6791 37.6830 37.7996 38.0471 38.3041 38.5320 38.7853 38.8053
38.8394 38.8323 38.7543 38.7671 38.7881 38.8680 38.8313 38.8720 38.9229 39.0456 38.9202 38.8327 38.7520 38.7559 38.6647 38.5408 38.5015 38.5890 38.6357 38.7828 38.9854 38.9236 38.8713 38.9382 38.8517 39.1408 39.2445 39.4101 39.8431 39.8644 39.8947 39.8073 39.5939 39.4213 39.3155 39.1439 39.0153 39.0017 38.8822 38.8741 38.7273 38.5477 38.3862 38.2843 38.0767 37.8807 37.7508 37.6562 37.6375 37.6867 37.6344 37.4756 37.4491 37.5420 37.6514 37.8100 37.8982 37.7367 37.6825 37.4941 37.4255 37.4570 37.5908 38.1549 38.5204 38.4346 38.3961
38.8149 38.8138 38.7474 38.7672 38.8064 38.8218 38.7684 38.7785 38.8741 38.9774 38.8429 38.7590 38.6893 38.6825 38.6807 38.5544 38.4698 38.5372 38.6088 38.7288 38.7748 38.7370 38.8039 38.7913 38.7129 38.9426 39.0965 39.4730 39.9229 39.8998 39.7770 39.6830 39.4865 39.4520 39.3807 39.2940 39.0180 39.0693 39.0667 39.2930 38.9878 38.8601 38.5246 38.3607 38.1498 38.1173 37.8933 37.7035 37.6763 37.6967 37.7415 37.6248 37.6462 37.7980 37.8001 37.8923 37.8840 37.6372 37.5813 37.3042 37.0934 37.1207 37.1236 37.3783 37.6529 37.8105 37.9936
38.6316 38.6686 38.7080 38.7604 38.8003 38.7528 38.7864 38.7840 38.8335 38.7978 38.7327 38.6056 38.5617 38.6154 38.6240 38.5688 38.4861 38.5109 38.4730 38.5363 38.6405 38.5927 38.6363 38.6836 38.5976 38.7168 38.9834 39.3792 39.7742 39.8048 39.6138 39.5744 39.5027 39.4495 39.3580 39.2309 39.2106 39.3557 39.2056 39.4935 39.4067 39.0130 39.2729 38.9049 38.6048 38.2011 38.2115 37.8295 37.6751 37.7591 37.8567 37.7861 37.7434 37.9082 37.8155 37.8752 37.7697 37.4323 37.3968 37.1954 36.9825 36.9118 36.8549 37.1089 37.3711 37.5192 37.7685
38.5148 38.5434 38.6602 38.7246 38.7383 38.6546 38.7455 38.7548 38.6905 38.7081 38.6093 38.4619 38.4400 38.5287 38.5430 38.5704 38.4544 38.4030 38.3749 38.4644 38.5861 38.4797 38.5247 38.6358 38.5319 38.6251 38.9602 39.3090 39.4747 39.4793 39.2727 39.3774 39.3035 39.3116 39.3684 39.3702 39.3205 39.4977 39.3909 39.5962 39.6302 39.5284 39.3864 39.3859 39.0193 38.3421 37.9756 38.2271 37.9617 37.9218 37.9619 37.7976 37.7760 37.8824 37.8913 37.8945 37.7244 37.4046 37.3413 36.9390 36.6994 36.6866 36.7912 37.0104 37.2845 37.2259 37.5654
38.4751 38.5217 38.6259 38.6646 38.7350 38.7211 38.7167 38.7096 38.5558 38.5437 38.5111 38.3237 38.2924 38.3036 38.3863 38.4363 38.3760 38.2967 38.3421 38.4251 38.4675 38.3886 38.5300 38.5958 38.4763 38.6331 38.9592 39.1280 39.1095 39.1626 39.0541 39.2758 39.2524 39.2735 39.2436 39.3646 39.5331 39.7368 39.6418 39.7056 39.8900 39.8993 39.7223 39.8784 39.5951 38.9758 38.3594 38.2179 38.1812 37.9901 37.7930 37.6949 37.7127 37.7678 37.8610 37.8579 37.7738 37.4482 37.3676 36.9931 36.7755 36.5235 36.3979 36.5147 36.6015 36.8386 37.1697
38.3873 38.4124 38.5434 38.7038 38.7697 38.6561 38.6496 38.6092 38.5315 38.5231 38.4449 38.3215 38.2475 38.1772 38.0539 38.2721 38.2633 38.2353 38.2719 38.3655 38.3609 38.2954 38.3136 38.3488 38.2826 38.5122 38.6915 38.7573 38.7344 38.7496 38.7361 38.9587 39.0212 39.1437 39.0831 39.2107 39.5100 39.8068 39.8329 39.9020 39.8471 39.9519 39.8291 39.8618 39.6652 39.1197 38.8031 38.6146 38.2247 38.0706 37.9941 37.7565 37.6426 37.6666 37.7701 37.7731 37.6470 37.2465 37.2201 36.7660 36.4343 36.3501 36.4411 36.5083 36.6654 36.7680 36.8589
38.2272 38.2526 38.3895 38.5542 38.6701 38.6128 38.5427 38.4949 38.4310 38.4077 38.4329 38.2872 38.2471 38.2099 38.0704 38.0935 38.1096 38.1574 38.2340 38.2957 38.2616 38.2045 38.1203 38.1750 38.1425 38.2652 38.3950 38.4870 38.5752 38.5866 38.6915 38.8530 38.8591 38.8547 38.8202 38.9837 39.2431 39.5012 39.5818 39.7356 39.5732 39.5196 39.5371 39.5174 39.4643 39.0788 38.6931 38.4696 38.3013 38.2169 38.0866 37.7705 37.5910 37.6275 37.7068 37.6364 37.4731 37.2867 37.1667 36.8465 36.5334 36.4681 36.3541 36.4442 36.5462 36.6138 36.7555
38.1413 38.1796 38.3120 38.4787 38.6351 38.5420 38.3960 38.3250 38.2849 38.2486 38.2282 38.1209 38.1132 38.1286 37.9379 37.9421 38.0638 38.0844 38.1275 38.2627 38.1869 38.0315 37.9166 37.8799 37.8946 38.0842 38.1117 38.1997 38.3825 38.3320 38.4785 38.6805 38.7307 38.7190 38.7155 38.8372 38.9253 39.2264 39.3612 39.4870 39.3915 39.3196 39.1662 39.1069 39.0624 38.9973 38.7390 38.5005 38.2189 38.1304 37.9628 37.7127 37.5522 37.6353 37.6943 37.6756 37.6069 37.3542 37.2936 37.0948 36.8638 36.8838 36.8114 36.8804 36.9300 36.8869 37.0278
38.0464 38.0441 38.1964 38.3866 38.5435 38.5155 38.3738 38.2940 38.1684 38.1606 38.1315 38.0646 38.0171 38.0124 37.8879 37.7771 37.9036 37.9953 38.0459 38.1491 38.0431 37.9662 37.8352 37.8148 37.8512 38.1001 37.9200 37.9765 38.0889 38.0511 38.3561 38.5832 38.6579 38.7328 38.5795 38.7230 38.7432 38.9987 39.0671 39.2224 39.2331 39.0982 38.9052 38.7995 38.7371 38.7542 38.5576 38.3417 38.1098 38.0081 37.8164 37.7064 37.5428 37.5180 37.4841 37.4456 37.3877 37.3871 37.2417 37.1595 37.1673 37.1349 36.9943 37.0238 36.9851 36.9888 37.2178
37.9666 37.9433 38.0023 38.1223 38.3726 38.4636 38.3557 38.2332 37.9986 38.0221 38.0539 38.0207 37.9899 37.9662 37.8201 37.7747 37.8206 37.9382 37.9176 37.9356 37.8197 37.7574 37.6617 37.6563 37.6255 37.7177 37.7442 37.7114 37.9339 37.8965 38.1670 38.4438 38.5282 38.7654 38.5910 38.7189 38.5963 38.7556 38.7959 38.9863 38.9748 38.8190 38.6792 38.5007 38.3760 38.4402 38.3134 38.1376 37.9242 37.8998 37.8634 37.7966 37.5988 37.5365 37.5013 37.4189 37.2828 37.2616 37.2349 37.2307 37.1755 37.1261 37.0349 37.0940 37.0148 37.1161 37.0753
