regresion/JUNIO_2003/MODIS/Composicion (B10).txt
ncols         167
nrows         127
xllcorner     -112.010
yllcorner     26.721
cellsize      0.00893
[rows 58 to 86 of 127, columns 67 to 133 of 167]
61.0498 60.9833 60.8526 60.3506 60.0543 59.9180 59.9029 59.8801 59.7727 59.6449 59.5070 59.4826 59.5148 59.6697 59.9479 60.0763 59.9937 60.1837 60.1195 60.3513 60.6100 60.7073 60.8831 61.0816 61.2806 61.5116 61.6671 61.8916 61.7887 61.7034 61.4969 61.2590 61.1905 61.1519 61.1317 61.0844 61.0820 61.1318 61.1741 61.3023 61.2311 61.1524 61.1844 61.1350 61.2422 61.2199 61.1268 60.9680 60.8547 60.8969 60.7944 60.7421 60.6658 60.3746 60.0901 60.2691 60.2117 60.0594 59.9190 59.8600 59.7690 59.7666 59.6783 59.6492 59.7427 59.8357 59.8674
61.0389 60.9729 60.9079 60.4375 60.2493 60.0665 59.8842 59.9094 59.7365 59.6554 59.5959 59.5948 59.6580 59.7374 60.0197 60.0902 60.1301 60.3453 60.3507 60.4524 60.5075 60.6517 60.7197 61.0562 61.1946 61.4401 61.5368 61.7247 61.5882 61.5870 61.3866 61.2674 61.2467 61.1694 61.0239 60.9869 60.9612 60.9929 61.0531 61.0923 61.2270 61.1201 61.0984 61.0455 61.1923 61.1247 61.0261 60.8325 60.7088 60.7576 60.7234 60.7031 60.6548 60.3663 60.1337 60.2740 60.2452 59.9509 59.7288 59.5512 59.7035 59.8248 59.8372 59.8363 59.9109 59.9693 59.9839
61.0693 61.0142 60.8515 60.4194 60.1730 60.0240 59.8706 59.9460 59.8160 59.7720 59.7108 59.6320 59.6403 59.7452 59.9834 60.1824 60.3217 60.3856 60.4157 60.5229 60.5715 60.6390 60.6605 60.9945 60.9518 61.1732 61.2349 61.4231 61.4507 61.4447 61.3594 61.3396 61.3350 61.1249 61.0814 60.9938 60.9209 60.9698 60.9772 60.9957 61.1336 61.0287 61.0890 61.0353 61.0150 61.0063 60.9726 60.7640 60.6010 60.6484 60.5819 60.5517 60.4643 60.2860 60.0928 60.1749 60.2680 59.8195 59.6540 59.5403 59.6510 59.7748 59.8684 59.8782 59.9576 59.9918 60.0378
60.8715 60.8370 60.5375 60.4625 60.1575 59.9489 59.8801 59.9400 59.8690 59.8917 59.9088 59.7627 59.7560 59.8770 60.1743 60.3557 60.4208 60.4489 60.4809 60.6226 60.6339 60.5885 60.6071 60.9351 60.8909 61.1142 61.1175 61.2011 61.3004 61.3001 61.2880 61.2567 61.2814 61.1298 60.9931 61.0200 60.9511 60.9611 60.9881 61.0351 61.2350 61.2105 60.9684 60.8947 60.7911 60.8403 60.7984 60.6290 60.4231 60.3837 60.2754 60.3019 60.2383 60.1511 59.9471 60.0048 59.9173 59.6681 59.4905 59.5363 59.6929 59.9159 59.7282 59.7801 59.9534 60.0168 60.1627
60.4960 60.4673 60.0905 59.9326 59.9682 59.8637 59.8401 59.8686 59.8246 59.8477 59.8073 59.7364 59.7197 59.8567 60.2100 60.3912 60.4785 60.5448 60.5677 60.6861 60.6431 60.6202 60.6967 61.0165 61.0094 61.1404 61.1607 61.2916 61.2638 61.1730 61.1081 61.1307 61.1260 61.1539 61.1548 61.0711 61.0271 60.9436 60.8493 60.9783 61.1674 61.1555 60.8748 60.8385 60.7451 60.7473 60.7764 60.5788 60.3629 60.2920 60.0567 60.0438 60.0592 59.9795 59.8999 60.0527 59.9091 59.6309 59.4489 59.5781 59.8610 60.0587 59.8665 59.8427 59.9980 60.0602 60.4035
60.0660 60.0033 59.7991 59.6479 59.6142 59.6703 59.6268 59.6426 59.6477 59.7604 59.8715 59.8940 59.9225 60.0197 60.2215 60.4318 60.5165 60.5560 60.6253 60.7750 60.5697 60.6808 60.9650 61.2067 61.1917 61.3136 61.2346 61.2281 61.1725 61.0879 61.0136 61.0500 61.1042 61.1451 61.0830 60.9906 60.9602 60.8880 60.8259 60.9604 61.0687 60.9698 60.7505 60.7413 60.7030 60.6734 60.6536 60.5088 60.2100 60.1528 59.8659 59.7199 59.7413 59.7558 59.7289 60.0036 59.8546 59.7096 59.5882 59.6885 59.7898 59.8735 59.8594 60.0284 60.0464 60.1997 60.5532
59.9472 59.8976 59.7890 59.6939 59.5226 59.5248 59.4421 59.4174 59.3555 59.4684 59.6561 59.8884 59.9156 60.0507 60.2098 60.2895 60.3388 60.5144 60.6333 60.7330 60.6463 60.6637 60.9127 61.2057 61.1921 61.3611 61.3738 61.2853 61.2119 61.0944 61.0328 61.0988 61.0416 60.9184 60.8312 60.7855 60.8974 60.8519 60.8641 60.9500 60.9184 60.7493 60.6824 60.7068 60.6542 60.6951 60.6743 60.5616 60.2175 60.1331 59.8210 59.7822 59.7678 59.6761 59.5465 59.7177 59.5102 59.4889 59.4480 59.5418 59.6494 59.8020 59.8847 59.8665 60.1040 60.3748 60.8215
60.0656 60.0594 59.9075 59.7077 59.5222 59.4423 59.4332 59.4356 59.4122 59.4141 59.5243 59.7371 59.8244 59.9497 60.0037 60.0959 60.0443 60.0969 60.2193 60.4684 60.6370 60.8987 61.2792 61.4099 61.4064 61.5074 61.4499 61.3253 61.2730 61.0996 61.0523 61.1132 60.9784 60.7340 60.6641 60.6293 60.8931 60.9944 61.0678 60.9564 60.7728 60.6364 60.5963 60.6349 60.5569 60.6747 60.6055 60.5634 60.3836 60.3309 59.8937 59.7058 59.7041 59.6775 59.5942 59.7400 59.4270 59.2450 59.4035 59.4270 59.6121 59.7304 59.8522 60.0856 60.3486 60.3954 60.6345
60.0394 60.0290 59.8752 59.7106 59.5433 59.4987 59.5441 59.5748 59.5632 59.5446 59.6199 59.7661 59.8260 59.8438 59.8598 59.8904 59.8010 59.8477 59.9494 60.0517 60.6444 61.0696 61.5043 61.6575 61.7953 61.8140 61.6133 61.3887 61.1566 60.9718 61.0358 61.1700 61.0513 60.8328 60.7639 60.7727 60.9169 61.0130 61.1340 61.0339 60.7364 60.7075 60.5093 60.5261 60.5289 60.6036 60.5480 60.4929 60.3317 60.2767 59.8103 59.6533 59.6412 59.7350 59.5568 59.5565 59.2050 59.0393 59.2403 59.3892 59.5170 59.6013 59.7100 59.8256 60.3353 60.5434 60.6109
60.1286 60.1057 59.9542 59.7660 59.6213 59.5619 59.6496 59.6471 59.6554 59.6404 59.6619 59.8000 59.8162 59.7867 59.7929 59.7930 59.7041 59.6757 59.7725 59.8204 60.2452 60.9155 61.3758 61.6153 61.7181 61.6608 61.4301 61.3079 61.1038 60.9325 61.1799 61.2992 61.2234 61.0966 60.8731 60.9431 61.0000 61.0840 61.0624 60.9846 60.7218 60.7508 60.4974 60.4655 60.5197 60.4927 60.3666 60.2907 60.0659 60.0071 59.6118 59.5406 59.5728 59.7583 59.5207 59.4724 59.1375 59.0094 59.1050 59.2228 59.3747 59.3488 59.6455 59.8087 60.1327 60.4201 60.7340
60.1479 60.1543 59.9111 59.7056 59.5862 59.5592 59.6784 59.7595 59.7551 59.6740 59.7001 59.8734 59.8602 59.8256 59.8476 59.7755 59.7891 59.7887 59.8874 59.9743 60.2373 60.9180 61.3072 61.4972 61.5678 61.4103 61.3002 61.2496 61.1490 61.0468 61.2801 61.4209 61.3427 61.2211 61.1425 61.1694 61.2497 61.2207 61.1318 60.9739 60.7065 60.7270 60.4318 60.3830 60.3510 60.3425 60.1314 59.9077 59.6903 59.5689 59.4019 59.4871 59.5475 59.6962 59.4549 59.4068 59.1632 59.0189 59.0927 59.1440 59.2557 59.3425 59.7522 60.0265 59.9861 60.1451 60.3672
60.0046 59.9977 59.8361 59.6428 59.6007 59.6433 59.7694 59.8114 59.7489 59.7371 59.7794 59.9066 59.8787 59.8233 59.8724 59.8993 59.9644 59.8451 59.8735 59.9641 60.3418 60.8728 61.2091 61.3567 61.3892 61.2776 61.3756 61.3671 61.2401 61.1042 61.2266 61.3370 61.3694 61.3234 61.2600 61.2309 61.2973 61.2030 60.9050 60.8021 60.5960 60.4499 60.1670 60.1953 60.2066 60.0079 59.7210 59.4645 59.2830 59.2830 59.1262 59.4154 59.4845 59.5017 59.2067 59.2932 59.1987 59.0887 59.1143 59.2802 59.4070 59.4666 59.6939 59.9923 60.1153 60.0634 60.2027
59.9174 59.9580 59.8843 59.6427 59.5947 59.6816 59.8228 59.8791 59.8651 59.7401 59.7813 59.8430 59.8339 59.8195 59.8603 59.9514 59.9722 59.8028 59.8662 60.0721 60.4514 60.8735 61.2165 61.2674 61.2974 61.2478 61.4419 61.4588 61.4361 61.2800 61.1707 61.2915 61.2722 61.2963 61.1453 61.1315 61.1094 60.9966 60.8119 60.7031 60.5511 60.3947 60.1071 60.0356 59.7475 59.5070 59.3847 59.1915 59.0303 59.1276 58.9839 59.2419 59.4175 59.2942 59.1753 59.2176 59.1430 59.0925 59.1233 59.3082 59.3899 59.4403 59.6515 59.9974 60.2132 60.4056 60.4218
59.8568 59.8630 59.8252 59.6064 59.5421 59.7309 59.8413 59.8813 59.9085 59.8804 59.8329 59.8956 59.8822 59.8672 59.8850 59.8667 59.8775 59.7608 59.7938 60.1035 60.4812 60.8346 61.1749 61.1980 61.2292 61.2858 61.4715 61.2879 61.2324 61.1459 61.1494 61.3294 61.3005 61.1736 60.9033 60.7242 60.8440 60.7568 60.5896 60.2735 60.3874 60.3349 59.9687 59.9110 59.8693 59.6389 59.3250 59.1526 58.9132 58.9637 58.8321 58.9133 59.1294 59.0073 58.9234 58.9960 59.0186 58.9721 58.9016 59.1041 59.2479 59.3266 59.5285 59.8090 60.0723 60.4202 60.6471
59.9060 59.9304 59.9418 59.7277 59.6476 59.7265 59.8487 59.8934 59.9603 59.7770 59.7336 59.8801 59.8828 59.8338 59.8979 59.7876 59.8461 59.8834 59.9534 60.3018 60.5141 60.7225 61.0046 61.1287 61.1460 61.2121 61.3191 61.1066 61.0777 60.9573 61.0079 61.1192 61.1017 60.8808 60.6511 60.4410 60.2323 60.2839 60.2441 59.8709 59.6432 59.6844 59.4177 59.4517 59.4775 59.3262 59.2736 59.1536 58.8816 58.9094 58.7323 58.7313 58.8787 58.8429 58.8317 58.8888 58.8759 58.9702 58.8745 59.0367 59.1808 59.2828 59.5037 59.9901 60.2882 60.4560 60.5898
59.9498 59.9499 59.9311 59.7700 59.6834 59.7267 59.9252 59.9609 60.1165 59.9655 59.7219 59.7151 59.7668 59.7894 59.7557 59.6808 59.7031 59.8867 59.9695 60.3360 60.5279 60.5699 60.6974 60.8721 60.8641 61.0336 61.1374 60.9465 61.0795 60.9829 61.0642 61.1305 60.9499 60.6874 60.6008 60.3813 60.2130 60.2287 59.8835 59.6541 59.4376 59.2273 59.1351 59.1717 59.2233 59.3445 59.2942 59.2390 59.1047 59.0342 58.6751 58.5128 58.5977 58.6441 58.6768 58.7870 58.8717 58.9485 58.8460 59.0238 59.1488 59.2853 59.5482 59.9870 60.4118 60.6584 60.7164
59.9899 59.9862 59.8934 59.7871 59.7926 59.7936 59.8127 59.8612 60.0833 60.0844 59.9258 59.8017 59.7933 59.7556 59.6624 59.6449 59.7300 59.9167 60.0221 60.1978 60.4100 60.3959 60.3757 60.6514 60.6720 60.8713 60.9356 60.9057 61.0392 60.9475 61.1255 61.2135 60.9862 60.6610 60.5832 60.4873 60.3121 60.2890 59.9613 59.8262 59.5686 59.4322 59.4418 59.3906 59.2919 59.3245 59.2893 59.2429 59.0987 59.0178 58.8515 58.8372 58.7671 58.7575 58.7527 58.8840 58.9237 59.0448 58.9748 59.0713 59.1273 59.2480 59.5813 59.8850 60.1353 60.2006 60.2913
59.9199 59.9195 59.8642 59.8159 59.9123 59.8540 59.8355 59.8867 59.9639 60.0024 59.9367 59.7583 59.7643 59.8407 59.7017 59.5458 59.6585 59.8820 59.9994 60.1687 60.3024 60.3278 60.3319 60.4526 60.5515 60.7570 60.8605 60.8553 61.0865 61.0359 61.3337 61.3121 61.0078 60.6569 60.5600 60.5226 60.3333 60.3161 60.1443 60.0081 59.8549 59.7321 59.6432 59.5360 59.3473 59.3491 59.3015 59.3714 59.2293 59.1969 59.0814 58.9451 58.8021 58.7955 58.8423 58.9196 58.9492 59.0372 58.9959 59.0812 59.1245 59.2223 59.5299 60.0873 60.3504 60.4344 60.3264
59.8260 59.8315 59.8503 59.8296 59.7823 59.7551 59.7813 59.8475 59.8542 59.9567 59.8513 59.7362 59.7220 59.7645 59.6342 59.5533 59.5852 59.7589 59.8329 59.9341 60.1904 60.1952 60.2301 60.4578 60.3960 60.5911 60.6720 60.7729 61.0325 61.0852 61.2905 61.4118 61.0567 60.7039 60.5966 60.5247 60.4431 60.3899 60.2272 60.1566 60.0527 59.9117 59.7674 59.5855 59.4395 59.2599 59.1516 59.0937 59.0774 59.0750 59.0266 58.9089 58.8281 58.8151 58.8212 58.8886 59.0445 59.1256 59.0915 59.0755 59.0825 59.2193 59.4730 59.7278 59.9946 60.3005 60.3573
59.8061 59.8000 59.7358 59.7522 59.7185 59.7553 59.7304 59.7603 59.8282 59.9255 59.8216 59.7602 59.6960 59.7185 59.6576 59.5695 59.5517 59.6524 59.7068 59.8599 60.0584 60.0363 60.0333 60.1612 60.1360 60.4394 60.5410 60.6988 61.1033 61.1308 61.1795 61.1267 60.9400 60.8015 60.7571 60.5888 60.4878 60.4903 60.3554 60.3269 60.1996 60.0289 59.8657 59.7570 59.5341 59.3347 59.2007 59.0846 59.0387 59.0937 59.0534 58.9121 58.8613 58.9175 58.9858 59.1006 59.1842 59.0496 59.0177 58.8627 58.8164 58.8806 59.0224 59.5483 59.9920 59.9605 59.9152
59.7699 59.7485 59.6898 59.7156 59.7217 59.7091 59.6629 59.6703 59.7451 59.8399 59.7224 59.6399 59.5872 59.6037 59.6471 59.5560 59.4941 59.5919 59.6701 59.7714 59.8052 59.8005 59.9199 59.9982 59.9585 60.2081 60.3368 60.6791 61.1441 61.1521 61.0626 60.9890 60.8041 60.8114 60.7642 60.6880 60.4554 60.5273 60.5207 60.7338 60.4562 60.3543 60.0056 59.8290 59.5952 59.5760 59.3531 59.1777 59.1302 59.1450 59.1556 59.0361 59.0124 59.1275 59.0914 59.1563 59.1707 58.9617 58.9207 58.6882 58.4950 58.5499 58.5609 58.8213 59.1428 59.3313 59.5115
59.5717 59.5938 59.6626 59.6976 59.7253 59.6476 59.6664 59.6747 59.7165 59.6890 59.6142 59.4934 59.4437 59.5133 59.5531 59.5207 59.4779 59.5244 59.5016 59.5496 59.6454 59.6230 59.7215 59.8357 59.7824 59.9212 60.1739 60.5682 60.9757 61.0213 60.8740 60.8398 60.7841 60.7953 60.7427 60.6248 60.6189 60.7759 60.6418 60.9098 60.8490 60.4671 60.7141 60.3665 60.0468 59.6078 59.6447 59.2814 59.1366 59.2135 59.2819 59.1691 59.0932 59.2113 59.1154 59.1443 59.0612 58.7636 58.7664 58.6049 58.4009 58.3507 58.3384 58.6112 58.8928 59.0534 59.3247
59.4501 59.4750 59.5862 59.6500 59.6263 59.5247 59.5988 59.6094 59.5508 59.5771 59.4891 59.3459 59.3364 59.4204 59.4553 59.5272 59.4573 59.4198 59.3980 59.4679 59.5695 59.5151 59.5938 59.7313 59.6859 59.8034 60.1216 60.4779 60.6713 60.6614 60.4689 60.5935 60.5634 60.6211 60.6928 60.7152 60.6838 60.8701 60.7708 60.9789 61.0218 60.9382 60.7778 60.8103 60.4401 59.7178 59.3794 59.6721 59.4123 59.4041 59.4189 59.2159 59.1245 59.1837 59.2015 59.1989 59.0451 58.7740 58.7492 58.4051 58.1717 58.1630 58.3136 58.5476 58.8204 58.7971 59.1346
59.3589 59.3913 59.5194 59.5647 59.6243 59.5621 59.5273 59.5257 59.3843 59.3486 59.3746 59.2050 59.1867 59.2011 59.2949 59.3940 59.3753 59.2996 59.3511 59.4299 59.4737 59.4212 59.5736 59.6761 59.5977 59.7712 60.0570 60.2572 60.2553 60.3180 60.2165 60.4595 60.4735 60.5245 60.5254 60.6580 60.8543 61.0797 61.0235 61.0830 61.2634 61.2618 61.0818 61.2152 60.9352 60.3292 59.7484 59.6476 59.6332 59.4146 59.2260 59.0942 59.0944 59.1053 59.1905 59.1597 59.0954 58.8260 58.7893 58.4480 58.2380 58.0200 57.9471 58.0986 58.2157 58.4469 58.7570
59.2594 59.2661 59.4162 59.5760 59.6015 59.4614 59.4302 59.3924 59.3249 59.3270 59.2745 59.2008 59.1302 59.0654 58.9451 59.1787 59.2421 59.2201 59.2487 59.3595 59.3601 59.3055 59.3141 59.3769 59.3277 59.5594 59.7376 59.8272 59.8319 59.8897 59.9058 60.1082 60.2082 60.3980 60.3659 60.5288 60.8425 61.1511 61.1941 61.2726 61.2162 61.3205 61.1956 61.2261 61.0437 60.5401 60.2156 60.0571 59.6902 59.5110 59.4376 59.1816 59.0519 59.0419 59.1245 59.1041 58.9831 58.6131 58.6091 58.2258 57.9057 57.8504 57.9955 58.0996 58.2420 58.3470 58.4515
59.0942 59.0953 59.2674 59.4198 59.5056 59.4312 59.3133 59.2496 59.1833 59.1931 59.2473 59.1294 59.0821 59.0459 58.9216 58.9713 59.0288 59.1114 59.1845 59.2553 59.2412 59.1855 59.1108 59.1789 59.1581 59.3108 59.4443 59.5468 59.6714 59.7175 59.8568 60.0398 60.0796 60.0872 60.0660 60.2651 60.5438 60.8128 60.9128 61.0816 60.9676 60.9087 60.9268 60.9108 60.8404 60.5000 60.1439 59.9494 59.7724 59.6655 59.5167 59.2227 59.0285 58.9945 59.0466 58.9765 58.8215 58.6482 58.5235 58.2398 57.9643 57.9403 57.8682 57.9858 58.1013 58.1953 58.3487
58.9979 59.0066 59.1755 59.3142 59.4572 59.3571 59.1813 59.1007 59.0462 59.0424 59.0496 58.9727 58.9453 58.9420 58.7869 58.7701 58.9311 58.9955 59.0478 59.1980 59.1588 59.0143 58.9286 58.8992 58.9237 59.1232 59.1830 59.2534 59.4563 59.4579 59.6472 59.8796 59.9554 59.9641 59.9790 60.1238 60.2317 60.5444 60.6865 60.8304 60.7563 60.6802 60.5410 60.4923 60.4644 60.4094 60.1467 59.9203 59.6426 59.5343 59.3564 59.1277 58.9841 59.0426 59.0795 59.0411 58.9562 58.7062 58.6282 58.4409 58.2599 58.3197 58.2799 58.3919 58.4869 58.4554 58.5876
58.8850 58.8750 59.0344 59.2181 59.3750 59.3274 59.1704 59.0886 58.9188 58.9298 58.9435 58.8898 58.8407 58.8361 58.7076 58.5720 58.7364 58.8512 58.9199 59.0542 58.9980 58.9382 58.8373 58.8053 58.8571 59.1008 58.9711 59.0383 59.1529 59.1652 59.5266 59.7766 59.8787 59.9805 59.8342 59.9912 60.0469 60.3104 60.4137 60.5974 60.6048 60.4737 60.2940 60.1831 60.1278 60.1420 59.9523 59.7671 59.5360 59.4108 59.2338 59.1350 58.9660 58.9341 58.8821 58.8247 58.7390 58.7123 58.5541 58.4869 58.5019 58.5195 58.4238 58.4744 58.4828 58.5122 58.7505
58.8035 58.7584 58.8426 58.9734 59.1974 59.2603 59.1379 59.0271 58.7631 58.7895 58.8285 58.8213 58.8044 58.7523 58.5916 58.5332 58.5766 58.7313 58.7457 58.8278 58.7567 58.6992 58.6133 58.6345 58.6398 58.7348 58.7853 58.7910 58.9889 59.0144 59.3224 59.6283 59.7339 59.9690 59.8322 59.9832 59.8907 60.0888 60.1786 60.3969 60.3919 60.2361 60.0997 59.9219 59.7686 59.8503 59.7375 59.5775 59.3795 59.3158 59.2547 59.1857 59.0052 58.9179 58.8734 58.7781 58.6188 58.5685 58.5216 58.5402 58.5129 58.5112 58.4565 58.5582 58.5134 58.6151 58.6040
