regresion/JUNIO_2003/MODIS/Composicion (B10).txt
ncols         167
nrows         127
xllcorner     -112.010
yllcorner     26.721
cellsize      0.00893
[rows 58 to 86 of 127, columns 0 to 66 of 167]
67.0602 66.7414 66.4376 66.2934 65.8658 65.7879 65.8978 65.6211 65.3096 65.2088 65.3309 65.1366 65.2793 65.2109 65.1306 65.0669 65.1122 65.0643 64.7890 65.0281 65.2704 65.5011 65.2432 65.0019 64.4881 64.3446 64.0317 63.7481 63.5113 63.4556 63.4973 63.1968 62.9683 63.1605 63.1351 63.9638 64.0010 64.0095 63.6414 63.2420 63.2413 62.8334 62.4389 62.5094 62.9250 63.7599 63.7530 63.7928 63.6772 63.4331 63.3085 63.3363 63.1683 62.8403 62.2624 61.5338 61.2888 61.1776 60.9052 60.7906 60.5586 60.4496 60.4551 60.5034 60.6396 60.8827 60.9998
66.8614 66.7876 66.5210 66.4240 66.0304 65.8034 65.7350 65.6815 65.5759 65.3883 65.2800 65.1382 65.2302 65.1374 64.8485 65.0773 65.1645 65.0824 65.0318 64.9554 65.4458 65.5657 64.8858 64.7989 64.2624 64.5086 64.0623 63.7271 63.5214 63.4046 63.2863 63.1134 63.0377 63.3039 63.1967 63.5595 64.0369 63.9673 63.8142 63.4986 63.4963 63.0786 62.6987 62.6038 62.9948 63.6805 63.6754 63.8379 63.7143 63.3792 63.2539 63.2635 63.1275 62.6487 62.3123 61.8050 61.2237 61.1312 60.8501 60.6774 60.5592 60.2748 60.2838 60.4259 60.6655 60.9624 61.1044
66.7250 67.1080 67.3540 67.1895 66.6585 66.0009 65.7425 65.4858 65.2886 65.2615 65.1661 64.8248 64.7748 64.6220 64.2259 64.4106 64.6741 64.6153 64.7117 65.2021 65.3338 65.1732 64.5508 64.5060 64.4095 64.5924 64.0532 63.7767 63.4695 63.3839 63.3363 62.7164 62.2266 62.5853 62.4955 63.1266 63.9895 64.0425 63.7713 63.4435 63.4357 63.1039 62.7494 62.5490 63.1369 63.6689 63.6669 63.7888 63.5559 63.2786 63.1788 63.1633 63.0171 62.7401 62.3378 62.0126 61.6048 61.4610 60.9776 60.6249 60.5158 60.3035 60.2635 60.3946 60.7056 60.8488 60.9285
66.1680 67.1763 67.4254 67.3652 67.3032 66.8482 66.2482 65.5259 65.1763 64.9354 64.5138 64.4716 64.2908 64.1213 63.8647 63.8648 64.0226 63.9893 64.4116 64.9503 64.9949 65.2700 64.1733 64.0658 63.9754 64.2369 63.7317 63.5759 63.4635 63.4645 63.3943 62.6825 62.1183 62.4052 62.4108 63.0692 63.7497 63.7958 63.7809 63.5353 63.5273 63.2329 62.8827 62.9132 63.3704 63.6694 63.7098 63.7366 63.4821 63.3149 63.2023 63.1736 63.0490 62.8176 62.3556 61.9824 61.6884 61.5732 61.2394 60.7828 60.3365 60.2096 60.1544 60.3071 60.7783 60.9596 60.8640
66.2039 66.8495 67.1856 67.2536 67.2861 67.1321 66.6832 65.7870 65.0613 64.6503 64.0552 64.3263 64.0730 63.5207 63.3512 63.3688 63.7606 63.7772 64.0922 64.3500 64.6978 64.9939 63.9544 63.8911 63.7262 63.9978 63.4351 63.1243 63.2711 63.2962 63.0725 62.3800 61.9493 62.3134 62.2464 62.9522 63.5100 63.6287 63.6124 63.4773 63.4556 63.2221 63.0608 63.2104 63.6760 63.7700 63.7652 63.5853 63.3183 63.1774 63.0721 63.0907 62.9820 62.8136 62.3466 61.9947 61.7140 61.5668 61.2988 60.9563 60.5808 60.2846 60.2901 60.2368 60.6997 60.7924 60.6817
66.4397 66.8914 67.4397 67.3991 67.1575 67.4199 67.2289 66.1488 65.3737 64.9395 64.2742 63.9906 63.7700 63.2068 62.9788 63.4221 63.9567 63.9545 64.0072 63.9499 63.5225 63.8403 63.9623 63.8457 63.5224 63.6974 63.3121 62.7824 62.8988 62.9362 62.4318 62.0414 61.8930 62.1109 62.0490 63.0421 63.3563 63.3765 63.4728 63.6665 63.7022 63.3186 63.1119 63.2240 63.7807 63.7418 63.7429 63.5049 63.2217 63.0364 63.0283 63.0343 62.9419 62.7126 62.3091 61.9025 61.7303 61.6317 61.4306 61.1362 60.8008 60.3426 60.3387 60.3415 60.5852 60.5983 60.3745
67.2444 67.5439 68.0290 68.1095 68.0798 67.5938 67.6617 66.8837 66.4238 66.1839 65.0732 63.8900 63.6557 62.9603 62.8181 63.4191 63.7870 63.7254 63.9123 64.1328 63.5607 63.2267 63.3716 63.2828 63.4209 63.7512 63.4977 62.9030 62.6596 62.6349 62.3172 61.9195 61.6377 61.8949 61.8446 62.7802 63.2552 63.2710 63.3202 63.7380 63.6970 63.3599 62.7134 62.6938 63.3701 63.5830 63.5648 63.4714 63.2392 63.0335 63.0191 63.0139 62.8677 62.6297 62.2566 62.0030 61.7754 61.6524 61.5220 61.2174 60.9054 60.4975 60.4788 60.3276 60.3521 60.4271 60.1155
67.3128 67.7696 68.1980 68.2625 68.1925 67.9812 67.9460 67.3084 66.9900 66.2746 64.9175 64.1521 64.0452 63.4600 62.9768 63.3695 63.6971 63.6508 64.0701 64.1992 64.0145 63.8156 63.4593 63.2797 63.1359 63.2094 63.1248 63.1657 62.6864 62.7322 61.8684 61.7298 61.9513 61.8124 61.8121 62.4024 63.2757 63.1547 63.2473 63.4299 63.3808 63.1608 62.6917 62.2207 62.6286 63.2428 63.1947 63.4929 63.4099 63.1862 63.0778 62.9865 62.9240 62.5770 62.1636 61.7800 61.7494 61.6574 61.5071 61.3502 61.0873 60.7239 60.6962 60.2989 60.1678 60.1391 60.1452
67.2968 67.9735 68.5802 68.5214 68.8693 68.3677 68.2649 67.5489 66.6910 66.3841 65.2565 64.7083 64.7358 64.2684 63.6749 63.6934 63.8345 63.6894 63.8809 63.8325 63.6861 63.7278 63.4098 63.3409 63.1161 63.0711 62.7182 63.1619 62.9413 62.9786 61.9573 61.4105 62.2207 62.2520 62.2381 62.2350 62.9411 63.4297 63.1932 63.1420 63.1113 63.2247 62.7712 62.1104 62.2979 62.8842 62.8086 63.2496 63.4518 63.3846 63.2133 63.1671 62.8275 62.4923 62.0798 61.6246 61.6292 61.5506 61.4944 61.2738 61.0317 60.7310 60.6942 60.2825 60.0786 60.0336 60.1981
67.0774 68.0738 68.7375 68.7486 68.6748 68.2738 68.1285 67.4480 66.8997 66.5933 65.7239 65.2131 65.1706 64.6881 64.0390 63.8366 63.9185 63.7816 63.8011 63.7409 63.7885 64.2027 63.4853 63.2795 63.1786 62.9877 62.5853 62.8488 62.8558 62.9313 62.0616 61.4764 61.7393 61.9437 61.8683 62.3682 62.9041 63.2870 63.0998 62.6832 62.6830 62.9081 62.8873 62.5886 62.3457 62.7271 62.6444 62.9908 63.2959 63.3230 63.1740 63.1187 62.7417 62.2890 61.9957 61.5251 61.3111 61.1900 61.3349 61.2041 61.0004 60.7696 60.7242 60.4308 60.0688 60.0539 60.1300
66.7669 67.8177 68.6851 68.7320 69.0138 68.6644 68.3821 67.6896 67.0348 66.7328 66.0598 65.3017 65.2628 64.6994 64.0842 64.1842 64.0120 63.9430 63.8257 63.5279 63.5820 64.0567 63.4839 63.1661 63.1194 62.9588 62.8084 62.7034 62.9578 62.8919 61.8719 61.3418 61.1157 61.3973 61.4903 61.9411 62.6048 63.0966 63.2356 62.8247 62.8397 62.9911 62.8134 62.5686 62.4592 62.7820 62.6679 62.6656 62.6032 63.0487 63.0241 63.0356 62.6858 62.1886 61.9456 61.5066 61.1623 61.0310 61.0441 61.0091 60.9091 60.7561 60.7079 60.5146 60.2105 59.9561 60.0632
66.3254 67.5488 68.4833 68.8845 69.0854 68.6695 68.4248 68.1275 66.9322 66.9752 66.4732 65.6706 65.5838 64.8075 64.6080 64.6928 63.9673 63.8915 64.2723 63.6304 63.5447 63.5506 63.4447 63.2068 62.8634 62.7738 62.5302 62.5005 62.7522 62.7621 62.0993 61.5319 61.3139 61.5197 61.5150 61.6000 62.2628 62.7925 63.2220 63.1378 63.2213 63.1113 62.7290 62.4009 62.2444 62.3086 62.1496 62.4383 62.2986 62.0674 62.5414 62.5438 62.4244 62.1740 61.7062 61.3302 61.0233 60.8725 60.9230 60.9044 60.8073 60.6803 60.6475 60.4950 60.2091 60.0854 59.9229
66.2046 67.4687 67.9014 68.0204 67.9634 67.7930 67.6105 67.4186 66.7188 66.6390 66.8356 66.0521 65.9768 65.5518 65.2733 65.3231 64.8854 64.6321 64.0016 63.9110 63.0515 63.3220 63.2627 63.0172 62.5969 62.5640 62.1703 62.2620 62.2956 62.4674 62.5007 61.9371 61.5741 61.4222 61.3601 61.2144 61.2430 61.5175 61.9794 62.2984 62.3522 62.7516 62.5084 62.1880 61.9196 61.7340 61.5891 61.7824 61.7178 61.6194 61.5947 61.5487 61.8890 61.8536 61.5172 61.1210 60.9533 60.8472 60.5946 60.7168 60.6154 60.6923 60.6144 60.5240 60.2037 59.9606 59.8463
65.8627 67.0934 67.2321 67.1081 67.1214 66.9715 67.0891 66.9458 66.7391 66.1648 66.1766 65.6937 65.6628 65.3156 65.3735 65.6497 65.3070 64.9752 64.6731 64.1006 62.9426 63.0909 63.1366 62.9229 62.4122 62.1322 61.9881 61.8014 61.9410 62.2473 62.8777 62.3720 61.7274 61.4661 61.3952 61.0629 60.9634 61.1377 61.3953 61.7157 61.7805 62.1363 62.2491 62.0697 61.7865 61.5256 61.4009 61.2353 61.0251 60.9546 61.0243 60.9577 61.0990 61.3183 61.1185 60.9380 60.8025 60.7637 60.5140 60.6132 60.5986 60.4838 60.4267 60.6860 60.2918 59.9433 59.8751
66.0269 67.0518 67.0969 66.4427 66.0213 66.1735 65.8141 66.1992 66.0520 65.8215 66.1614 66.1707 66.0956 65.7981 65.5138 65.6104 65.2534 64.8756 64.3989 63.8792 62.9472 62.9008 63.0694 62.7857 62.4121 62.0896 62.0585 61.6497 62.0331 62.4399 62.8964 62.8257 62.3566 61.7615 61.7522 61.2087 60.9346 60.8974 61.0364 61.1220 61.1660 61.4474 61.7047 61.7010 61.4849 61.2207 61.1188 60.8147 60.6515 60.4695 60.5381 60.4417 60.8028 61.0887 60.9394 60.7030 60.5273 60.5224 60.4467 60.6022 60.5345 60.5106 60.4687 60.4791 60.4296 60.0483 59.8796
66.6131 67.7329 68.0824 67.7775 67.0344 66.2184 65.9661 66.2846 66.1949 66.2081 66.4893 66.9819 66.9748 66.3196 65.6793 65.5034 65.4141 65.1580 64.4989 64.1042 63.5166 63.0308 63.2255 62.8613 62.1142 62.1256 62.3708 61.4476 61.8228 62.0266 62.6635 62.9774 62.8378 62.4585 62.4232 61.8532 61.2456 60.8927 60.7781 60.7142 60.7368 60.9478 61.0880 61.1978 61.1375 60.9277 60.8137 60.6541 60.6348 60.2991 60.3165 60.1505 60.3014 60.5791 60.7610 60.5215 60.3725 60.3238 60.3341 60.5270 60.5341 60.4890 60.4568 60.3828 60.4073 60.1528 60.0060
67.1895 67.1740 67.2262 67.1926 67.0106 66.5194 66.0823 65.6091 65.9205 65.9119 66.3593 67.4659 67.6287 67.2816 66.3658 65.8341 65.3696 65.2811 64.6260 63.7542 63.3889 63.5444 63.5729 63.3121 62.5543 62.5887 62.7193 62.1702 61.8985 61.9060 62.3176 62.7310 62.8938 62.7467 62.6949 62.4267 62.0140 61.3015 60.8426 60.6515 60.6897 60.7446 60.7764 60.8533 60.8685 60.8998 60.8055 60.7013 60.5087 60.2391 60.1642 59.9607 59.9641 60.2135 60.4705 60.2603 60.2396 60.2026 60.2614 60.3985 60.4255 60.3859 60.3544 60.3431 60.3503 60.2278 60.0832
66.4011 66.5982 66.6027 66.5521 66.5650 66.5431 66.1834 65.6063 65.6919 65.2839 65.5227 66.3262 66.8070 66.8406 66.3049 65.8796 65.4798 65.5436 64.8461 63.9243 63.6833 63.1363 63.0945 63.0011 63.0436 62.9736 63.0975 63.0866 62.5959 62.5908 62.4414 62.5831 62.6468 62.5981 62.5703 62.1573 62.0317 61.6555 61.1640 60.9396 60.9456 60.8556 60.7945 60.8357 60.8647 60.8120 60.6984 60.5610 60.4083 60.1447 59.9224 59.7042 59.7163 59.9516 60.2041 60.1408 60.1866 60.1182 60.1950 60.3005 60.3827 60.3310 60.2857 60.2580 60.2456 60.1960 60.0310
66.1093 66.1828 66.2100 66.1497 65.8646 65.7627 65.6580 65.6418 65.4851 65.1547 65.4083 65.7852 65.9596 66.4068 66.2481 65.8860 65.6290 65.6672 65.1082 64.1849 63.7967 63.0608 62.7511 62.6814 62.9691 63.2308 63.0575 62.7685 62.5355 62.5447 62.7326 62.4485 62.1159 62.0436 62.0637 62.1700 62.1336 61.7754 61.2853 60.9900 60.9682 60.7707 60.7738 60.8037 60.7798 60.6740 60.5456 60.3839 60.2364 60.1039 59.8437 59.6008 59.5238 59.7173 60.0019 60.0406 60.0004 59.9070 60.0275 60.1180 60.2926 60.2396 60.2173 60.1981 60.1592 60.0506 59.8635
65.5151 65.5522 65.5831 65.6747 65.4739 65.2538 65.0279 64.5797 64.0122 64.0548 63.9137 64.8196 65.3688 66.1974 66.6112 66.4395 65.9333 65.9056 65.5840 64.9556 64.1696 63.4318 63.5442 63.4533 64.0805 64.3088 63.7079 63.1881 62.5200 62.4812 62.3576 62.1871 62.0803 61.8089 61.8191 61.5759 61.5785 61.7114 61.8595 61.4716 61.3437 61.1968 61.1572 60.8384 60.6861 60.5805 60.5138 60.3324 60.0886 59.9638 59.8052 59.6256 59.4273 59.5020 59.7880 59.9001 59.7144 59.6143 59.8519 59.9988 60.1812 60.1566 60.1605 60.1168 60.0447 59.8979 59.7420
65.4153 65.0392 64.9470 65.0353 64.7922 64.7026 64.5091 63.9996 63.3789 63.3486 63.0850 64.0282 65.6080 65.9244 65.8481 65.8238 65.7298 65.9435 65.8919 65.3276 64.3894 64.1432 64.5837 64.5626 64.8595 64.7322 64.1453 63.4990 63.2635 63.2039 62.9863 62.5988 62.1394 61.9188 61.9422 61.6157 61.4215 61.2771 61.4357 61.3749 61.3152 61.2074 60.9498 60.9198 60.7336 60.5539 60.5880 60.2970 59.9883 59.8310 59.7465 59.6123 59.4880 59.4776 59.6297 59.6600 59.7218 59.6395 59.6671 59.8546 59.9876 59.9800 60.0047 60.0198 59.8368 59.7705 59.7189
65.5443 65.1397 64.7115 64.7459 64.0180 63.7690 63.2338 62.8304 62.5577 62.7586 63.2509 64.0440 64.7315 65.5327 66.2018 66.3160 66.5060 66.4937 66.4259 65.5561 64.9745 64.8227 64.9516 64.9157 64.7982 64.5098 64.0681 63.6038 63.1989 63.1731 63.3943 63.2838 63.0202 62.5252 62.5425 62.1935 62.0464 61.8452 61.6082 61.3247 61.2271 61.0114 60.7801 60.5894 60.4880 60.4173 60.4608 60.2771 59.9450 59.6996 59.5849 59.4789 59.3903 59.3186 59.3979 59.5434 59.5895 59.5404 59.5653 59.7079 59.7982 59.8274 59.8585 59.7608 59.7254 59.5921 59.5461
66.2622 65.4546 64.9423 64.8345 64.2466 63.9683 63.9635 63.5038 63.5792 63.7069 64.0113 64.4220 64.7469 65.3697 66.1162 66.2278 66.6888 66.8591 66.6686 66.3516 66.0005 65.8051 65.6010 65.3510 64.9284 64.3997 63.9356 63.5589 63.2623 63.2279 63.2226 63.1402 62.9131 62.8396 62.8476 62.6665 62.5011 62.2148 61.8590 61.5700 61.4872 61.2685 60.8780 60.6818 60.5994 60.5108 60.5591 60.2647 59.9083 59.7072 59.6142 59.4804 59.3746 59.2802 59.2201 59.3324 59.4161 59.3775 59.4484 59.4973 59.6545 59.7096 59.7109 59.6637 59.6290 59.4685 59.4158
69.0818 67.3065 66.6064 65.8159 65.2119 65.0624 65.2628 65.0307 64.9172 64.8096 64.5148 64.6273 65.1268 65.1884 65.7754 65.9507 66.1616 66.3620 66.2448 66.2088 66.2977 66.1713 65.6540 65.3860 64.7991 64.1492 63.8063 63.5578 63.3946 63.3640 63.2554 62.7984 62.6486 62.7467 62.7793 62.8723 62.7120 62.3937 62.0096 61.8310 61.7244 61.6043 61.0978 61.0115 61.0554 60.8946 60.9129 60.3368 59.9272 59.6631 59.5476 59.4310 59.3620 59.3092 59.1892 59.1835 59.2738 59.2797 59.3022 59.3646 59.3975 59.4255 59.3708 59.4698 59.3580 59.3966 59.2822
75.2132 76.2287 73.9884 68.1684 66.5961 65.6389 65.0724 64.7671 64.9908 64.9689 64.8618 64.3556 64.6508 65.0690 65.5432 65.7700 65.9620 66.1763 65.9109 65.7789 65.8685 66.1796 65.5934 65.3335 64.5828 63.9845 63.7906 63.8062 63.4610 63.4439 63.2730 62.8956 62.8476 62.7135 62.7446 62.4268 62.5742 62.2822 62.0150 61.8380 61.7575 61.5884 61.0693 61.0061 61.0163 60.7975 60.7747 60.2558 59.8873 59.7005 59.6413 59.5436 59.3560 59.2692 59.1209 59.0527 59.1198 59.1237 59.1853 59.1973 59.2268 59.2289 59.1714 59.2747 59.2255 59.0779 59.1578
71.3706 78.0731 71.6732 71.3940 67.4757 66.5061 66.0240 65.1005 65.3578 65.3237 65.4911 65.1695 65.1624 65.4599 65.8470 65.8527 66.2163 66.3103 66.3425 65.8656 65.6161 65.6757 65.3252 65.1091 64.3986 63.8557 63.2128 63.3223 63.3984 63.4015 63.3359 63.0377 63.2141 63.0780 63.0975 62.5680 62.3871 62.1884 61.5650 61.4881 61.4039 61.3283 61.0606 60.9490 60.8414 60.4927 60.4706 60.0693 59.8452 59.7334 59.7133 59.6400 59.4045 59.3093 59.0970 59.0120 59.0454 59.0647 59.1630 59.0684 59.1043 59.1240 59.1073 59.1574 59.1220 58.9858 58.9452
66.0209 69.0185 79.1152 79.1706 70.7358 68.5031 67.8475 67.1659 66.9787 66.1394 66.0213 65.3735 65.5652 65.9255 66.0492 66.0329 66.1534 66.1459 66.2409 66.2624 65.8792 65.4819 65.0576 64.9821 64.7075 64.2254 63.4716 63.0018 62.7158 62.7117 62.9329 63.2168 62.1921 61.9793 62.0374 62.4946 62.3855 61.8413 61.6185 61.7016 61.5809 61.4465 61.0433 61.1741 60.9777 60.5159 60.5270 60.1293 59.8795 59.7982 59.6879 59.6285 59.4497 59.3470 59.0985 58.9696 59.0510 59.0350 59.1202 59.0367 58.9633 58.9892 59.0031 59.0557 59.0060 58.8875 58.8943
63.5110 70.1869 81.6643 80.2375 73.2357 75.2935 76.1444 74.2928 70.2377 67.9666 66.5585 66.0331 65.8251 65.7828 65.9184 65.9685 66.3243 66.3955 66.2208 65.9517 65.6790 65.5763 65.2613 65.2111 65.1984 65.0909 64.5220 64.0313 63.6520 63.6427 62.7526 62.8067 62.4557 61.6070 61.6211 61.8814 62.0171 61.7704 61.4426 61.6651 61.5426 61.6610 61.2632 60.8748 60.6741 60.3753 60.3603 60.0785 59.8008 59.6664 59.5731 59.5135 59.4196 59.2857 59.0808 58.9568 59.0051 58.9761 59.0264 58.9707 58.8429 58.8866 58.9065 58.9354 58.9637 58.9066 58.8447
61.8031 65.6115 62.1187 72.8180 70.5889 66.1444 64.7259 83.3035 78.1714 70.9402 67.5305 66.2886 65.7860 65.5159 65.6819 65.8105 66.0012 66.0521 66.1835 65.9889 65.7909 65.6333 65.2842 65.1117 65.0723 64.9916 64.7514 64.4958 64.1439 64.1539 63.7170 63.6741 62.9764 62.1693 62.1495 61.8475 62.1040 61.8576 61.3342 61.3242 61.1682 61.5227 61.3106 61.0090 60.8435 60.3656 60.3752 60.0053 59.8181 59.5518 59.5593 59.4804 59.3873 59.2966 59.1293 59.0446 59.0529 59.0021 58.9971 58.9301 58.8501 58.7865 58.7908 58.8202 58.8883 58.9292 58.8346
