regresion/JUNIO_2003/MODIS/Composicion (B12).txt
ncols         167
nrows         127
xllcorner     -112.010
yllcorner     26.721
cellsize      0.00893
[rows 0 to 28 of 127, columns 67 to 133 of 167]
45.9096 44.4061 43.6867 43.5423 43.5476 43.5051 43.5505 43.5956 43.5357 43.5602 43.5253 43.5598 43.7371 43.9469 43.8881 43.7112 43.4922 42.5693 42.4535 42.4580 42.3507 42.3848 42.3152 42.1367 41.8712 41.9122 41.9171 41.8574 41.7356 41.7253 41.7852 42.0525 42.2516 42.5184 42.6598 42.6669 42.7672 42.8242 42.9395 43.9188 44.2655 44.2989 43.7427 44.0973 44.3193 44.4623 43.5125 42.8606 42.7956 43.4467 44.2744 45.2697 46.2206 46.1531 46.5413 46.7291 47.0738 49.1206 41.5993 44.7827 44.1217 46.3988 43.7912 41.7163 40.5888 38.8713 38.4911
43.2670 46.1878 43.4672 41.1989 42.7039 44.3980 44.1149 43.9857 43.8352 43.6019 43.5874 43.7402 43.8748 44.0807 43.8580 43.6293 43.4110 42.5095 42.5483 42.5928 42.5914 42.6611 42.6062 42.2867 42.0965 42.1633 41.9668 41.7715 41.6150 41.6834 41.8638 42.0881 42.1844 42.4026 42.7636 42.7687 42.7998 42.7166 42.8427 43.2654 43.5356 43.5376 44.1906 43.8174 43.7463 43.3033 42.9709 42.8422 42.8709 43.0872 43.6458 44.5161 45.0688 45.2760 45.7144 45.9261 46.2225 47.2644 49.4703 49.2296 51.4960 46.9497 41.1199 39.2974 38.1939 37.7539 37.1994
43.0286 46.3666 44.7981 40.7445 40.3563 43.6370 46.1540 45.9850 45.6895 44.7624 44.5341 44.0210 44.0278 44.2939 44.1315 43.8230 43.4052 42.7916 42.9411 42.9533 42.9255 43.0264 42.8582 42.5311 42.2920 42.2895 42.1219 41.8999 41.8916 41.9087 41.9532 42.1673 42.4702 42.9625 43.2690 43.3638 43.0986 42.9158 43.0012 44.2095 43.5001 43.3971 42.7974 42.9867 43.5072 43.6926 42.7553 43.1338 43.6800 44.3156 45.3011 45.2985 44.9053 45.0860 45.4742 45.9221 46.5733 46.9843 46.4949 47.4286 47.3452 44.4678 38.2511 37.0182 36.3099 36.1078 35.9866
45.6653 46.7472 45.8183 45.1045 46.3149 44.0909 41.9939 43.3371 45.7620 45.0910 45.5498 45.0889 44.2969 44.5432 44.4956 44.1104 43.2817 42.9729 43.5876 43.9147 43.7440 43.5685 43.1421 42.8056 42.5957 42.6052 42.2840 42.1360 42.0998 42.0854 42.1644 42.1944 42.4649 42.9420 43.4211 43.4540 43.1775 43.0666 42.8091 42.6420 42.2094 42.1518 42.2208 42.1083 41.8334 41.8943 42.0352 42.5779 43.0095 43.6810 44.2689 44.8269 45.4599 45.3934 45.2430 39.9531 39.5475 38.9540 37.9233 38.8305 39.1957 38.2043 36.6954 35.8733 35.5425 35.3218 35.1864
46.3661 46.4398 46.5753 46.5491 44.4251 40.3851 40.9212 43.7165 45.3197 45.8646 46.3622 45.3316 44.1576 44.0985 44.0546 43.8425 43.0736 42.9165 43.6555 43.7730 44.0256 43.8566 43.4580 43.1636 42.9221 42.9936 42.6574 42.4774 42.1812 42.3111 42.4490 42.5553 42.6869 43.0851 43.2584 43.6669 43.6033 43.3182 42.8956 42.5130 42.3060 42.1654 42.0085 41.8223 41.4815 41.8622 41.9519 42.9628 43.3405 43.5371 43.9948 44.6112 45.2462 44.9139 45.3797 43.8581 43.3782 41.5905 41.3430 36.1201 37.0437 35.6116 35.2753 34.7435 34.5771 34.5867 34.6574
45.5937 45.4471 45.5717 45.7088 44.6237 43.5317 44.4409 44.3050 44.3628 44.5561 44.3582 43.6612 43.7176 44.0686 43.7354 43.7549 43.5664 43.5107 43.8017 43.8476 43.9819 43.5094 43.1423 42.6916 42.5773 42.7050 42.6098 42.5009 42.3141 42.4859 42.6499 42.6110 42.7465 42.9223 43.0276 43.5780 44.4964 44.6342 43.7279 42.9786 42.1100 41.9790 41.9976 42.0386 41.9454 42.2441 42.6485 43.7272 44.4519 44.2286 44.2519 44.5321 45.0210 44.9919 45.0281 44.3664 43.5298 43.0297 42.7570 41.1221 38.5723 35.3509 37.2735 38.9552 39.7457 34.2796 34.5693
45.6890 45.3677 44.9503 44.8698 44.7226 44.5994 44.4327 44.4219 44.0173 43.6885 43.4667 43.5748 43.4791 43.6349 43.3620 43.3332 44.0876 44.4368 44.7843 44.4936 43.9342 43.6230 43.0931 42.8837 42.7533 42.4302 42.1935 42.0362 42.1390 42.2368 42.2188 42.1054 42.0928 42.2626 42.5255 43.1726 43.6261 43.6525 43.6146 43.2754 42.4015 42.3306 42.1747 42.3963 42.3541 42.8006 43.5101 44.2663 44.6906 44.7079 44.8058 45.0314 44.7462 44.2034 44.1438 43.8010 43.1166 42.7049 42.5642 42.5725 41.6971 42.6029 42.7067 42.7865 40.8536 41.0997 42.7935
42.5681 45.0553 45.5566 44.7877 44.7702 45.8042 45.4767 45.1087 44.5095 44.2313 44.5324 44.1724 44.0495 44.3080 44.5911 44.6198 44.6972 44.9102 44.2379 43.8985 43.0760 42.3594 42.7083 42.5282 42.4837 42.5184 42.0351 41.7506 41.6590 41.7525 41.6301 41.5302 41.7909 41.9007 42.0862 42.4851 42.7243 42.7291 42.6165 42.5836 42.0941 42.0101 42.0525 42.2293 42.4050 42.5455 43.2245 43.8289 43.8949 44.1872 44.6507 44.9139 44.6954 43.9494 43.9971 43.4599 42.8610 42.5981 42.5722 42.6145 42.6375 42.6911 42.7070 42.7580 42.8696 42.8651 42.8678
39.9776 44.3055 45.0248 44.4779 44.4739 44.9627 44.5474 44.1537 45.2306 43.1306 43.6436 43.5371 44.2541 44.3339 44.7181 45.6654 44.4817 43.5965 43.2581 42.6244 42.3904 42.1139 42.3852 42.5472 42.7669 42.7565 42.4465 41.7424 41.2734 41.3747 41.1770 40.9434 41.4380 41.7621 42.2732 42.5896 42.7663 42.7544 42.6454 42.1971 41.7461 41.6048 41.6658 41.8120 41.8416 42.0218 42.2757 42.2398 42.6999 43.3437 43.4226 43.1375 42.9195 42.6393 42.7362 42.3875 42.4744 42.5390 42.5303 42.5331 42.5947 42.6446 42.6413 42.6318 42.7599 42.7949 42.8047
45.3434 44.5500 43.4646 43.8250 43.8018 43.9386 44.4201 44.6816 44.2814 43.1658 43.1492 43.3680 43.4500 44.0453 45.1096 43.6210 38.5859 43.1996 43.1679 42.7284 41.7611 41.3961 41.4953 42.2360 42.5603 42.5018 42.1145 41.7039 41.0312 40.8041 40.3597 40.1296 40.3860 40.7404 41.0250 41.3763 41.5139 41.7520 41.6315 41.4894 41.3581 41.4071 41.6280 41.7745 41.8590 41.9089 41.8989 41.8168 42.3640 42.5518 42.2510 42.6744 42.5571 42.6960 42.9594 43.0308 42.9545 42.8310 42.6127 42.5643 42.5498 42.6256 42.6247 42.5730 42.4911 42.4636 42.4273
43.8765 43.9102 43.4970 43.6153 43.7310 44.2570 44.4660 44.4744 45.0747 44.5380 43.6619 42.0208 39.0845 39.1779 39.9019 43.3832 43.1842 42.5044 42.1040 41.8802 41.6802 40.8724 40.7358 41.8343 42.1270 42.0382 42.2008 41.7690 41.1163 40.8572 40.2130 39.8383 40.0239 40.6649 40.9857 41.0786 41.4295 41.3872 40.9246 40.6710 40.5798 40.5519 40.5274 40.4554 40.4327 40.4630 40.6900 41.0743 41.5031 41.7234 41.8900 41.8349 42.7851 43.6783 43.5489 43.1745 42.7337 42.7276 42.5164 42.5404 42.5782 42.7336 42.6752 42.6320 42.5240 42.4700 42.4066
43.9274 43.6589 43.5288 43.1963 43.3295 44.0096 44.4990 44.5311 44.3260 43.6581 42.7093 43.2764 43.4777 43.7111 41.2974 41.4804 43.0840 42.2962 42.0164 41.9673 41.8616 41.3296 41.1452 41.3771 41.6712 41.5606 41.9057 41.6883 41.3123 41.0181 40.6197 40.5253 40.6890 41.0204 41.3640 41.5254 41.6518 41.7612 41.9521 41.4879 41.0071 41.0544 40.7047 40.1694 39.7982 39.7697 39.7345 40.2482 40.6946 40.9763 40.9367 41.6480 42.0426 42.7891 43.2217 43.2129 43.1146 42.6227 42.2308 42.1058 42.1786 42.3517 42.6070 42.6663 42.5840 42.4956 42.2879
43.8864 43.6574 43.4711 42.9445 42.8717 43.2535 43.4760 43.6438 43.4827 43.5589 43.1086 42.6307 43.0564 43.3430 43.4692 43.0171 43.2749 42.5121 41.5240 41.5947 41.3978 41.3352 41.4526 41.8308 42.0978 42.5637 42.3437 41.0539 40.6614 40.4162 40.3316 40.7508 40.9291 41.3429 41.6142 41.5850 41.6053 41.5875 41.5439 41.5967 40.9993 40.9716 40.5910 40.0905 39.8213 39.6424 39.6688 40.1449 40.5382 40.7704 41.2280 41.7065 42.6109 42.5354 42.6760 42.5342 42.3697 42.4746 42.2545 42.2049 42.3128 42.4100 42.4987 42.5512 42.5132 42.3635 42.2841
43.6231 43.6339 43.4074 42.8366 42.7704 42.8074 42.4037 42.5310 42.2341 42.4002 42.6943 42.6437 42.1026 42.2411 42.3919 41.8371 41.5271 41.9401 41.0754 42.1203 41.9405 41.5541 41.2960 41.5358 41.7531 41.8323 42.0876 41.3860 40.3060 39.9444 40.1599 40.8428 41.0614 41.6362 42.7437 42.5802 41.3508 41.6237 41.9954 42.2272 41.4807 41.4371 40.7100 40.3664 39.8212 39.8519 39.8121 39.8960 40.3231 40.8711 41.3075 41.5988 42.0638 42.2028 42.4890 42.7111 43.1116 42.1161 41.8456 41.8964 41.8664 41.9867 42.0606 42.3662 42.6061 42.6017 42.5154
43.4715 43.3559 42.8189 42.3038 42.2364 41.7958 41.7522 41.5517 41.1772 41.6660 42.1166 42.6777 43.2562 43.1110 43.4448 43.1486 42.7046 41.5603 40.4226 41.3165 41.6513 41.3270 41.3143 41.5263 41.3527 41.4678 41.9027 41.5191 40.6687 39.9792 39.8326 40.5026 41.1218 41.7761 42.3317 43.0573 42.1504 41.3239 41.7012 41.9770 41.7689 41.6785 41.3174 40.9039 40.5830 40.6410 40.6539 41.1127 40.8925 41.1666 41.6578 42.2674 42.8328 42.6664 42.8372 42.7259 42.7166 43.2607 42.9386 42.3864 42.2372 42.1578 42.1489 42.1133 42.1596 42.2408 42.1326
43.1410 42.7501 42.0980 41.7842 41.5688 41.8663 42.0972 41.7306 41.2649 41.6624 41.8792 42.8283 42.8407 42.8236 42.4859 43.0447 42.1319 40.6374 40.4108 40.6929 40.6128 40.4052 40.3140 40.7262 40.7067 41.1054 41.0691 40.9698 41.0933 40.7023 40.3413 40.6226 40.9209 41.1629 41.4360 41.4486 41.1703 40.9016 41.5398 41.8125 42.0116 41.8034 41.7804 41.1558 40.8339 40.9501 41.0749 42.1265 42.9002 42.1238 42.0168 42.3190 42.8017 42.6588 42.9681 42.6523 42.5948 42.5852 42.3708 41.9187 41.8158 41.9962 42.0726 42.1369 42.0985 42.0516 42.1376
42.6495 42.6898 42.5465 42.8286 42.4800 41.8180 41.8240 41.4503 41.1702 41.4844 41.7527 41.3157 41.0600 41.1249 40.9748 41.1222 40.8212 40.2803 40.2244 40.6448 40.4059 40.5787 40.1730 40.6444 40.3535 40.6502 40.5517 41.0533 41.2394 40.6755 40.4929 40.6763 41.5712 42.0188 42.1446 42.0857 41.5581 40.9768 41.4391 41.8098 42.2792 42.1454 42.3650 41.5598 40.8301 40.6151 40.6183 41.1142 41.9838 42.6698 42.3746 42.1074 42.3701 42.1800 42.5353 42.2705 42.0781 41.9284 41.9510 41.7615 41.6053 41.7543 41.8913 41.9707 41.9844 41.9849 42.0407
42.1258 41.8869 41.7029 41.4867 41.7300 41.4149 41.2053 41.0228 40.7710 41.0414 41.3993 41.3481 41.0870 41.2581 40.9792 40.6408 40.4809 40.7642 40.5966 41.0621 40.9813 40.7162 40.5589 40.8048 40.7770 40.9720 40.9411 40.7753 40.6226 40.7919 40.7086 41.0436 41.7144 42.1388 42.4568 41.8984 41.2403 40.7984 41.0053 41.3992 42.2552 42.0960 42.5439 41.8451 41.1625 40.9512 40.9454 41.2852 41.8318 42.1191 42.4144 41.9758 41.7485 41.4263 41.6076 41.4277 41.2514 41.1807 41.4040 41.3847 41.3421 41.5493 41.8728 41.8863 41.8993 41.8982 41.8730
41.8850 41.7419 41.3952 42.0963 41.1320 41.7450 41.5306 41.1825 41.3295 41.2670 41.2575 40.9972 40.5258 40.8683 40.8881 40.7296 40.5484 40.6967 40.7236 40.8882 40.6837 40.3845 40.5149 40.7044 40.5394 40.5334 40.9283 40.7887 40.7928 40.7642 40.7890 40.9088 41.5351 41.2009 40.9903 40.5510 40.3120 40.2448 40.4554 40.8606 41.3570 41.1211 41.2472 40.9906 41.1275 40.9020 41.0074 41.4831 41.7514 42.0695 42.3406 42.1256 41.7152 41.0720 41.0507 40.8165 40.6213 40.6740 40.9379 40.8806 41.0602 41.2069 41.6516 41.6444 41.8535 41.8609 41.8651
42.5923 42.5396 41.7310 41.1154 40.9150 40.7976 40.5447 40.6207 40.4753 40.3061 40.6527 40.7755 40.7072 40.8427 40.8917 40.9449 40.6628 40.7180 40.5939 40.8894 41.1979 41.0299 40.4282 40.4066 41.1849 42.0948 41.6290 41.8288 41.8114 41.8857 41.6242 41.3966 41.5036 41.3989 41.3873 41.0595 40.8597 40.5078 40.3189 40.1090 40.3257 40.1808 40.2885 40.4696 40.5980 40.9027 40.9698 40.6446 40.7083 41.6172 41.9189 42.0450 41.5934 41.2885 41.2281 40.6670 40.3664 40.2193 40.3831 40.6301 40.8743 41.1299 41.3335 41.3290 41.5671 41.7492 41.8345
42.4415 42.4532 41.6294 41.0328 40.8626 40.6867 40.5459 40.2271 40.1623 40.4024 40.4938 40.6820 40.2076 40.2869 39.9482 40.0098 39.9966 40.2467 39.9812 40.3103 40.2279 40.3102 40.0653 40.7931 41.2489 40.7528 41.2408 41.6109 41.1633 40.8713 40.8137 41.3225 41.0940 42.4087 41.9655 41.1761 40.9514 40.6323 40.1770 39.7684 39.5953 39.6178 39.8016 39.5953 39.9891 40.9912 40.7436 40.4653 40.1671 40.9508 41.7836 42.2865 42.2424 41.8076 41.7939 41.1850 40.7168 40.6338 40.7280 40.6171 40.6774 40.8624 41.1147 41.1239 41.4233 41.6737 41.7578
43.0510 42.6058 41.7055 41.0096 40.4538 39.9507 40.1376 40.1109 40.2378 40.2982 40.3506 40.5800 40.4972 40.4499 40.0762 39.9790 39.7806 39.5070 39.1576 39.4076 39.3088 39.6628 39.7050 40.0059 40.5997 41.1855 41.1129 41.2249 41.0379 41.4995 41.3923 41.5058 41.7372 42.4162 43.8948 41.9460 40.5787 40.1900 39.5119 39.5049 39.3423 39.2248 39.3654 39.5903 40.3713 41.7274 41.6848 41.5343 41.1457 41.0826 40.8883 41.4203 41.3240 41.0950 41.3134 40.9243 40.5570 40.5911 40.7150 40.8265 40.7289 40.8906 40.9983 41.0251 41.2428 41.6795 42.0659
43.5157 43.0947 42.0476 41.3869 40.6527 39.5341 39.0453 39.1252 40.4143 40.3405 40.3337 40.3284 40.3672 40.4502 40.2806 40.0389 39.6218 39.1621 38.9755 39.1207 39.2604 39.4840 39.6959 39.6128 39.5683 39.7706 40.0403 39.9234 40.3553 40.4574 40.7172 40.9532 41.1250 41.9636 42.1541 41.9619 40.4574 39.6204 39.3022 39.3722 39.3917 39.1932 39.5200 39.7232 40.6419 41.4300 41.0471 40.8441 40.5219 40.7919 41.3046 41.2899 41.1851 41.2580 41.3275 40.8941 40.7052 40.6486 40.7416 40.7582 40.8515 40.9089 41.0666 41.1480 41.3109 41.7037 42.1783
43.3674 42.8947 41.7254 41.0140 39.9047 38.8898 38.9421 39.0648 39.8091 40.1652 40.1452 40.2476 39.8256 39.9344 39.6920 39.7341 39.2209 38.6144 39.0394 39.0167 39.1989 39.5839 39.8759 39.8831 39.9475 39.9312 39.8489 39.8784 40.1250 40.1575 40.3460 40.4969 40.4981 41.0449 40.9413 40.8365 40.5023 40.1584 39.7954 39.5505 39.6579 39.4395 39.6190 40.0352 40.8230 41.3588 41.8274 42.1281 41.3162 41.1794 41.2774 41.0316 41.1248 41.4560 41.3558 40.7917 40.3264 40.3700 40.5721 40.7314 40.8434 40.9466 41.1011 41.2098 41.3237 41.6449 42.0197
42.7551 42.3592 41.4724 40.4039 39.3312 38.6858 39.4041 39.2229 39.7238 40.0718 40.1253 40.0652 39.6015 39.7247 39.3513 39.2321 38.9597 38.7739 38.9165 38.8790 39.2957 39.3959 39.7916 39.6664 39.6786 39.8203 39.9326 40.0002 39.9960 40.0283 40.1991 40.2008 40.3014 40.6035 40.5714 40.4610 40.2646 40.0778 40.0434 39.8866 39.6587 39.5444 39.6117 40.0780 40.5700 41.2716 41.1146 40.9127 40.4048 40.4986 40.6313 40.8007 40.8179 40.9347 40.8984 40.5568 40.3770 40.4579 40.5416 40.6675 40.7823 40.8542 41.0126 41.1442 41.2466 41.4899 41.7887
42.1294 42.4523 41.6987 40.6623 39.8848 39.3704 39.7059 39.5363 40.1335 40.3138 40.0507 39.6640 39.2131 39.2159 39.0740 39.0657 39.0466 38.5400 38.4538 38.4632 39.1617 39.5445 39.5293 39.7304 39.7807 39.8856 39.9749 40.1086 40.1395 40.0372 40.0382 40.2524 40.3016 40.3931 40.5015 40.2750 40.4099 40.2523 39.7400 39.7390 39.6627 39.5287 39.5222 40.1218 40.6139 40.8971 41.1437 41.0116 40.5012 40.2689 40.0724 40.4102 40.4561 40.7371 40.6884 40.5594 40.3723 40.2928 40.3529 40.4038 40.5442 40.6422 40.9078 41.0626 41.2381 41.2761 41.4459
41.4890 41.7533 40.8787 39.6981 39.0747 39.2119 39.4565 39.5213 40.0727 39.9217 39.5839 39.3753 39.1047 39.1407 39.1307 39.3449 39.5289 39.2443 39.0034 38.9055 39.1602 39.3417 39.5447 39.4739 39.5545 39.6501 39.9326 40.1249 40.2941 40.1990 40.0324 40.2286 40.2424 40.2373 40.2977 40.0529 40.1992 39.9403 40.0177 39.8937 39.8618 39.7758 39.6090 40.1643 40.5250 40.9061 41.1888 40.9663 40.4961 40.4329 40.0892 40.1478 40.2164 40.4528 40.4953 40.4921 40.3652 40.2762 40.5123 40.5517 40.5948 40.7090 40.8523 40.9883 41.1611 41.1675 41.2129
41.5007 41.8295 40.7867 39.5178 38.7031 38.7302 39.1095 39.0582 39.8249 39.7472 39.3743 39.0981 38.9462 38.9937 39.2539 39.4953 39.6764 39.5336 39.2600 39.2423 39.2807 39.5508 39.7635 39.8424 39.9089 39.9979 40.0865 40.1216 40.1306 40.0607 39.9599 39.8441 39.7280 39.7092 39.6968 39.6652 39.6509 39.5685 39.5909 39.6623 39.8170 39.6951 39.6239 40.0525 40.1783 40.5488 40.6567 40.3881 40.3756 40.3343 40.1733 40.2036 40.1987 40.2077 40.2160 40.3593 40.3430 40.3596 40.6403 40.7284 40.6094 40.7470 40.8234 40.9655 41.0047 40.9934 40.9381
40.9815 41.0758 40.4716 39.3276 39.4227 39.0559 39.8812 39.1470 40.0936 39.5838 39.3620 39.3127 39.4241 39.4727 39.4428 39.4605 39.6390 39.5880 39.3841 39.3263 39.3625 39.5620 39.9189 40.1165 40.0881 40.2059 40.3122 40.2573 40.1511 40.0779 39.7192 39.5751 39.4531 39.3583 39.3993 39.4030 39.4423 39.4848 39.5956 39.6372 39.7856 39.7866 39.9557 40.2703 40.2387 40.1811 39.9957 40.1208 39.9680 40.2451 40.2725 40.1367 40.2349 40.3104 40.0212 40.0033 40.0430 40.2363 40.4712 40.5940 40.5765 40.5907 40.7041 40.8042 40.8865 40.8954 40.7846
