regresion/JUNIO_2003/MODIS/Composicion (B10).txt
ncols         167
nrows         127
xllcorner     -112.010
yllcorner     26.721
cellsize      0.00893
[rows 87 to 115 of 127, columns 67 to 133 of 167]
58.7612 58.7013 58.7209 58.8449 59.0177 59.1193 59.0794 59.0255 58.7592 58.6517 58.6927 58.6506 58.6971 58.6183 58.5559 58.5636 58.5491 58.5865 58.6014 58.6594 58.6221 58.5155 58.4204 58.5153 58.5256 58.5964 58.5514 58.6273 58.6377 58.6890 58.8556 59.3245 59.5885 59.9692 59.5291 59.5744 59.6231 59.6710 59.8129 60.0533 60.0729 60.0130 59.9051 59.7379 59.4973 59.5457 59.5645 59.5677 59.5726 59.4838 59.4267 59.2816 59.1403 59.1008 59.0132 58.8819 58.6149 58.5020 58.5094 58.5805 58.5778 58.5310 58.4802 58.5785 58.6716 58.7079 58.6717
58.6795 58.6183 58.6718 58.8303 58.9469 59.0936 59.0767 59.0299 58.8137 58.6086 58.5707 58.5721 58.6017 58.5927 58.5182 58.4333 58.4187 58.4537 58.4497 58.4993 58.4098 58.2888 58.2713 58.4129 58.4400 58.5026 58.4386 58.4823 58.5523 58.5238 58.5258 58.7864 59.1490 59.5426 59.4717 59.3744 59.3960 59.3342 59.4110 59.5262 59.7126 59.7889 59.7154 59.7258 59.5043 59.5347 59.4910 59.5429 59.5722 59.6135 59.4283 59.3513 59.2333 59.2824 59.1126 59.0766 58.6688 58.5595 58.5644 58.5901 58.5549 58.4926 58.4586 58.6152 58.4273 58.3736 58.5004
58.5994 58.5664 58.6191 58.7220 58.7678 58.8368 58.8668 58.8465 58.8100 58.6021 58.5757 58.5573 58.6045 58.6242 58.4899 58.4553 58.4077 58.3952 58.3477 58.3863 58.3146 58.2310 58.2282 58.2736 58.3179 58.3705 58.2897 58.2121 58.3072 58.3728 58.4781 58.6235 58.7229 58.9371 59.0067 58.9564 59.0466 59.3142 59.5464 59.6937 59.7621 60.2653 59.5349 59.6236 59.4150 59.3260 59.4069 59.6159 59.8096 59.8235 59.7079 59.5059 59.3907 59.3048 59.0715 59.0984 58.7284 58.5228 58.5559 58.5290 58.4650 58.3636 58.3382 58.4955 58.2349 58.1140 58.2288
58.6171 58.5499 58.5766 58.6888 58.7346 58.7202 58.8043 58.7866 58.8062 58.6438 58.5375 58.5399 58.5237 58.5179 58.4687 58.4348 58.3519 58.3597 58.3318 58.2908 58.1755 58.1357 58.0742 58.1347 58.1331 58.2344 58.2210 58.1915 58.2119 58.1948 58.2876 58.3918 58.4173 58.5281 58.5874 58.5272 58.7007 58.5984 58.6751 58.8209 59.1194 59.5581 59.6771 59.7419 59.5772 59.0993 59.5103 59.6909 59.9521 60.0596 59.9879 59.8566 59.7845 59.7173 59.3707 59.4283 58.8161 58.2817 58.2365 58.2439 58.3650 58.3149 58.3787 58.4753 58.2319 58.1652 58.1837
58.5316 58.4683 58.4914 58.6288 58.6614 58.6259 58.5832 58.6011 58.7037 58.6503 58.4936 58.4510 58.4452 58.5312 58.4881 58.4851 58.4108 58.3239 58.2894 58.2150 58.0778 57.9579 57.8705 57.9354 57.9586 58.0291 58.0095 57.9627 58.0259 58.0817 58.1734 58.2464 58.1139 58.0774 58.2472 58.2137 58.3450 58.4860 58.4295 58.6326 58.7627 58.7576 58.8700 58.9849 58.9769 59.2789 59.5700 59.8289 59.9442 59.8896 59.8599 59.8808 59.8822 59.9624 59.9041 59.8387 59.3464 58.6828 58.7027 58.5475 58.7009 58.5735 58.6980 58.6372 58.4547 58.2462 58.2911
58.4507 58.3871 58.4976 58.5731 58.5613 58.5723 58.5500 58.5738 58.6341 58.5659 58.4179 58.2974 58.3041 58.3703 58.4419 58.4183 58.3656 58.2341 58.2253 58.2013 58.0122 57.8962 57.8574 57.8258 57.8558 57.8802 57.8352 57.8514 57.9453 58.0313 58.0288 58.0726 57.8374 57.8089 57.8943 57.8890 58.1078 58.2880 58.2477 58.3271 58.5529 58.6670 58.7093 58.9752 59.1498 59.1995 59.2662 59.4710 59.7207 59.7405 59.8031 59.8070 59.8618 59.8747 59.8084 59.6213 59.5134 59.3093 59.2377 58.8485 59.0559 59.0438 58.9731 58.8932 58.6401 58.4263 58.4239
58.5022 58.4509 58.4385 58.4662 58.4560 58.4667 58.3786 58.4207 58.4575 58.4478 58.3344 58.2561 58.2792 58.3106 58.2147 58.2352 58.1854 58.1245 58.1278 58.1287 57.9254 57.7875 57.6970 57.6739 57.6228 57.6653 57.6946 57.7815 57.8933 57.9731 57.8946 57.9112 57.7130 57.6480 57.6693 57.7483 57.8406 57.9019 58.0415 58.0794 58.2514 58.5977 58.7694 59.1271 59.4531 59.5774 59.5388 59.4516 59.6847 59.7663 59.7487 59.6077 59.6188 59.5932 59.6459 59.6441 59.6434 59.6808 59.5880 59.4115 59.2008 59.3269 59.0636 58.8913 58.6926 58.5609 58.6089
58.4195 58.3935 58.3803 58.4003 58.3864 58.3792 58.2933 58.3071 58.3446 58.3216 58.2056 58.1061 58.1379 58.1254 58.0667 58.1424 58.0904 58.0381 57.9566 57.9910 57.8928 57.6965 57.5942 57.5060 57.5170 57.5428 57.5430 57.6035 57.7681 57.8350 57.7891 57.7990 57.6948 57.6044 57.6386 57.6551 57.7118 57.7660 57.7801 57.9388 58.0981 58.5914 58.9963 59.1701 59.4117 59.5149 59.5623 59.5751 59.7317 59.7881 59.7522 59.5280 59.5184 59.5294 59.5937 59.6960 59.5733 59.4249 59.3174 59.3380 59.1181 59.1253 58.9529 58.7707 58.7462 58.6720 58.6685
58.4088 58.3944 58.4100 58.3730 58.3184 58.2731 58.1996 58.1932 58.2024 58.2201 58.0987 58.0167 58.0537 57.9991 57.9193 57.8112 57.8254 57.7652 57.7374 57.7949 57.7667 57.7605 57.5443 57.3823 57.3746 57.3916 57.4326 57.5370 57.6273 57.7312 57.6437 57.6329 57.4856 57.3196 57.4246 57.5399 57.6201 57.6496 57.6176 57.7271 58.0336 58.6273 58.9942 59.1237 59.3700 59.4734 59.5155 59.5492 59.5499 59.6178 59.4573 59.2705 59.3077 59.3511 59.3957 59.4841 59.4080 59.4369 59.3348 59.2346 59.1735 59.1808 58.8988 58.7471 58.5589 58.5495 58.6673
58.3704 58.3689 58.3116 58.3223 58.2799 58.2096 58.1609 58.1303 58.1330 58.0939 58.0703 57.9645 57.9356 57.8623 57.7604 57.7021 57.5733 57.5209 57.5129 57.5800 57.5512 57.5493 57.4495 57.3886 57.3381 57.4582 57.4136 57.3145 57.4037 57.4988 57.4363 57.4045 57.2815 57.1501 57.3843 57.4415 57.5234 57.5526 57.5762 57.6817 58.1022 58.6031 58.8976 59.0305 59.2894 59.3802 59.4415 59.4379 59.4202 59.4443 59.3555 59.2819 59.2810 59.3498 59.3164 59.2988 59.2003 59.1246 59.1202 59.0968 59.0410 59.0896 58.8832 58.6899 58.6142 58.5756 58.5300
58.3447 58.3187 58.2249 58.2105 58.2081 58.2021 58.1341 58.1324 58.1206 58.0446 57.9730 57.8101 57.8064 57.7708 57.7124 57.6258 57.5082 57.4323 57.3777 57.3852 57.3250 57.3592 57.3214 57.2720 57.2602 57.3102 57.2662 57.1413 57.0599 57.2506 57.3408 57.2189 57.1726 57.1045 57.2995 57.3732 57.4927 57.5627 57.6317 57.7827 58.2607 58.6885 58.9204 59.0396 59.2491 59.3073 59.3501 59.3596 59.3430 59.3776 59.3582 59.3744 59.3553 59.3318 59.2127 59.2523 59.1880 59.1884 59.1537 59.1379 59.0489 59.0285 58.9968 58.8674 58.7465 58.7207 58.7805
58.3169 58.2702 58.1887 58.1483 58.1963 58.1941 58.1421 58.1293 58.1273 58.0818 57.9150 57.7155 57.5480 57.4925 57.3676 57.3512 57.3799 57.3036 57.2182 57.1853 57.2138 57.2120 57.2047 57.1691 57.1410 57.1653 57.1330 57.0542 56.9546 56.9339 56.9972 56.9971 57.0063 56.9367 57.0978 57.2490 57.3840 57.4354 57.5856 57.9215 58.4277 58.8169 59.0024 59.0750 59.2405 59.3046 59.3186 59.3111 59.2747 59.3121 59.3234 59.3217 59.2787 59.2672 59.2173 59.2520 59.1519 59.1562 59.1059 59.0401 58.9307 58.8716 58.8378 58.7094 58.6882 58.7185 58.8391
58.2357 58.1865 58.1228 58.1190 58.1234 58.1181 58.0713 58.1003 58.1110 58.0649 57.8980 57.6294 57.4809 57.5317 57.3719 57.2737 57.2625 57.2616 57.1261 57.0600 57.0247 57.0255 57.0993 57.1263 57.1114 57.1381 57.1533 56.9986 56.8148 56.8357 56.8493 56.9106 56.9154 56.8137 56.8590 57.1095 57.1960 57.2401 57.5690 58.0090 58.6057 58.9038 59.0762 59.1545 59.2662 59.3260 59.3407 59.2821 59.2878 59.3765 59.3203 59.1984 59.1444 59.1530 59.0687 59.1173 59.0517 59.1079 59.1009 59.0125 58.9269 58.9479 58.8438 58.7574 58.7348 58.7655 58.8839
58.2293 58.1730 58.0681 58.0570 58.0318 57.9809 57.9087 57.9782 58.0196 58.0179 57.8214 57.6054 57.4446 57.5934 57.4192 57.3537 57.3789 57.2479 57.1293 57.0616 57.0000 57.0809 57.0364 57.0590 57.0681 57.0857 57.0658 56.9725 56.8280 56.7030 56.6610 56.7345 56.7933 56.7615 56.8668 57.0435 57.0871 57.1107 57.3664 58.1046 58.8495 58.9822 59.0494 59.0974 59.2137 59.1883 59.1809 59.1894 59.2647 59.2917 59.2708 59.3185 59.2440 59.0764 58.9115 58.9702 58.9166 59.0008 59.0024 58.9328 58.7889 58.8930 58.8041 58.6781 58.6609 58.7480 58.8736
58.2034 58.1754 58.0233 57.9725 57.9145 57.8591 57.8623 57.9923 58.0953 58.0390 57.8538 57.6963 57.6472 57.7293 57.6237 57.5373 57.4330 57.2474 57.0472 57.0220 56.9401 56.9757 57.0446 57.0985 57.0718 57.0635 57.0461 56.9356 56.8247 56.6952 56.6699 56.7673 56.6983 56.7074 56.6707 56.7353 56.9067 56.9668 57.1931 57.9008 58.5010 58.8374 59.0041 59.0887 59.1834 59.1749 59.1714 59.1793 59.2233 59.2345 59.1202 59.0274 58.9816 58.9271 58.9080 58.9351 58.9154 58.9200 58.8835 58.8172 58.7102 58.7936 58.7063 58.5904 58.5300 58.6091 58.7471
58.2438 58.1948 58.0529 58.0034 57.9168 57.8810 57.9051 58.0656 58.1111 58.0599 57.8952 57.8148 57.7397 57.7957 57.6994 57.6233 57.4614 57.3080 57.0842 57.0873 57.0256 57.0616 57.1734 57.1376 57.0044 57.0032 56.8302 56.8336 56.7115 56.5502 56.5142 56.5796 56.5574 56.5555 56.5345 56.5426 56.6264 56.6573 56.9079 57.8891 58.5601 58.7978 58.8588 58.9612 59.0345 59.0381 59.0510 59.0995 59.1401 59.1710 59.1400 59.0119 58.9388 58.8233 58.7611 58.8043 58.7565 58.7365 58.6676 58.6990 58.6360 58.7266 58.6152 58.5240 58.4380 58.5340 58.6940
58.2230 58.1932 58.0798 58.0083 57.8931 57.9055 57.9126 58.0873 58.1126 58.0896 58.0300 57.9101 57.8428 57.8623 57.6897 57.5648 57.4479 57.3346 57.2375 57.2247 57.1770 57.2189 57.1284 57.0811 56.9723 56.9612 56.8177 56.6945 56.5459 56.5160 56.6011 56.6506 56.5672 56.5081 56.4886 56.4273 56.5013 56.5017 56.8433 57.7837 58.4081 58.7028 58.8069 58.8988 58.9451 58.9451 58.9505 58.9783 58.9943 59.0597 59.0315 58.9342 58.8904 58.8086 58.7510 58.7743 58.7061 58.6142 58.4982 58.4224 58.3387 58.5004 58.5040 58.4680 58.4144 58.5757 58.7120
58.1906 58.1228 58.1522 58.1906 58.1541 58.1053 58.0190 58.1408 58.0898 58.0111 57.9956 57.9707 57.8710 57.8684 57.7077 57.6185 57.4705 57.2673 57.1546 57.3559 57.3127 57.2158 57.1141 56.9554 56.8910 56.8473 56.7407 56.5813 56.4763 56.4956 56.6088 56.6719 56.6309 56.5847 56.5097 56.4151 56.4200 56.3938 56.7318 57.3854 58.2520 58.5601 58.6381 58.6633 58.7415 58.8193 58.8638 58.8593 58.8927 58.9477 58.9370 58.8932 58.8501 58.8269 58.7768 58.7968 58.7074 58.5809 58.4420 58.3855 58.3247 58.4338 58.5076 58.4971 58.5525 58.6953 58.7603
58.2394 58.1471 58.2254 58.3493 58.4322 58.3735 58.3147 58.4423 58.2807 58.0689 58.0563 58.0314 57.9240 57.8640 57.6293 57.5194 57.4283 57.3761 57.3240 57.4006 57.4008 57.3849 57.3081 57.0175 56.9762 56.9182 56.7522 56.5433 56.4415 56.4982 56.5527 56.6344 56.6230 56.5398 56.4814 56.3952 56.4091 56.3781 56.6040 57.1352 58.2579 58.4601 58.5576 58.6167 58.6515 58.7357 58.7768 58.7968 58.7618 58.8266 58.7527 58.6603 58.5908 58.6261 58.6694 58.6664 58.5764 58.5217 58.4100 58.3028 58.3079 58.4093 58.3449 58.3817 58.5621 58.7268 58.8272
58.1707 58.1036 58.1396 58.3261 58.5185 58.5882 58.5521 58.6977 58.5177 58.3060 58.1769 58.0359 58.0640 58.0119 57.7835 57.5860 57.4834 57.7945 57.7172 57.9058 57.6789 57.4682 57.3998 57.1298 56.9328 56.8806 56.6807 56.4957 56.4211 56.4667 56.4878 56.5683 56.5809 56.5598 56.5376 56.4842 56.4047 56.3720 56.4432 57.0343 57.9988 58.3055 58.3930 58.4565 58.5463 58.6259 58.6695 58.6705 58.5963 58.5993 58.5348 58.4577 58.4487 58.4507 58.4395 58.4805 58.4407 58.4369 58.4088 58.3953 58.4354 58.5300 58.5612 58.5536 58.5636 58.5905 58.6651
58.1186 58.0321 58.0358 58.2438 58.4680 58.7001 58.7319 58.7959 58.6418 58.5378 58.5099 58.3344 58.3030 58.2705 57.9972 57.8169 57.5837 57.5585 57.7511 57.9264 57.8481 57.5889 57.4314 57.1299 56.7932 56.7869 56.5023 56.4876 56.5625 56.5314 56.4434 56.5514 56.5517 56.6468 56.6398 56.5463 56.4498 56.4398 56.3696 56.8512 57.5698 58.1125 58.2614 58.3182 58.4006 58.4711 58.5062 58.5350 58.5297 58.5288 58.4377 58.4088 58.4149 58.4170 58.4448 58.4845 58.4800 58.4540 58.4921 58.4978 58.5275 58.5762 58.5863 58.6445 58.7004 58.7199 58.7337
58.0006 57.9084 57.8634 58.0719 58.4045 58.6073 58.6753 58.7306 58.6636 58.7063 58.6470 58.4154 58.3372 58.2834 58.0379 57.9368 57.7551 57.6272 57.6837 57.7447 57.8165 57.5747 57.4608 57.1889 56.9481 56.8968 56.7078 56.7348 56.7703 56.7364 56.7220 56.6789 56.6444 56.6690 56.6566 56.5707 56.5211 56.5785 56.4567 56.8428 57.3152 57.9271 58.0273 58.1213 58.2494 58.3299 58.4391 58.4584 58.4580 58.4703 58.4056 58.4141 58.4392 58.4376 58.4785 58.5026 58.5033 58.5071 58.4909 58.4929 58.5116 58.5896 58.6380 58.6594 58.6979 58.7157 58.7513
57.8847 57.7992 57.7987 57.8542 58.2796 58.5350 58.7675 58.7061 58.7547 58.8073 58.7188 58.3581 58.2124 58.2912 58.0183 58.0140 57.8527 57.7896 57.9847 58.0048 57.7878 57.7393 57.6029 57.3002 57.1102 57.0835 56.7535 56.7228 56.7777 56.7865 56.7814 56.7492 56.6886 56.6413 56.6491 56.5624 56.5939 56.6099 56.6437 56.7028 57.1481 57.7161 57.8916 57.9630 58.0583 58.1724 58.3728 58.4335 58.4221 58.4082 58.3211 58.3255 58.3711 58.4004 58.4268 58.4738 58.4851 58.4941 58.4462 58.4676 58.5209 58.6165 58.6569 58.6748 58.7168 58.7615 58.7610
57.8329 57.7412 57.7381 57.7530 57.9894 58.4607 58.7916 58.7184 58.7090 58.7406 58.5872 58.4723 58.4151 58.5239 58.3010 58.2358 58.0237 57.8398 57.9243 57.9591 57.8174 57.6910 57.5162 57.3746 57.3610 57.3508 57.0269 56.9846 57.0528 56.9159 56.8153 56.7506 56.6033 56.5711 56.5641 56.4927 56.5390 56.5770 56.6037 56.6603 57.0061 57.5568 57.7539 57.7930 57.8030 57.9750 58.2550 58.4048 58.3324 58.3394 58.2748 58.2599 58.2748 58.3246 58.3905 58.4493 58.4769 58.4640 58.4222 58.4936 58.5582 58.6216 58.7016 58.7335 58.7599 58.7843 58.7767
57.8708 57.8134 57.7386 57.8210 57.7883 57.9494 58.2814 58.2439 58.4788 58.5798 58.4541 58.4787 58.4455 58.5728 58.4130 58.3373 58.0177 57.8050 57.8376 57.8058 57.7310 57.6406 57.5711 57.5162 57.5536 57.4354 57.1857 57.1014 57.1358 57.0847 57.0915 57.0183 56.8471 56.6516 56.4929 56.4144 56.4082 56.4612 56.5157 56.6146 56.8436 57.3811 57.7352 57.8107 57.7052 57.9368 58.1151 58.4107 58.2695 58.2611 58.2014 58.2286 58.2546 58.2882 58.3503 58.4075 58.4531 58.4715 58.4673 58.4883 58.5655 58.6294 58.6999 58.7277 58.7766 58.8005 58.7795
57.7742 57.6927 57.6194 57.6854 57.6394 57.5874 57.5992 57.5508 57.8899 58.0546 58.0868 58.1290 58.1776 58.4349 58.4027 58.3707 58.2063 57.9142 57.8661 57.7975 57.6994 57.6456 57.6331 57.5343 57.5662 57.5085 57.3846 57.4064 57.3353 57.1913 57.1930 57.1175 56.9988 56.8015 56.5609 56.4005 56.3669 56.3857 56.4746 56.5224 56.7956 57.3702 57.6287 57.6758 57.5735 57.7316 58.0936 58.4104 58.3511 58.3099 58.2435 58.2137 58.2735 58.2430 58.3583 58.4453 58.4933 58.5073 58.5470 58.5568 58.5870 58.6564 58.6993 58.7048 58.7600 58.7799 58.7433
57.7243 57.7065 57.5364 57.4671 57.4995 57.3767 57.2972 57.2437 57.7786 57.9358 57.7479 57.7081 57.9481 58.0853 58.1615 58.2220 58.1596 58.0267 57.9295 57.9373 57.8718 57.7038 57.6267 57.6220 57.6771 57.5517 57.5009 57.4745 57.4095 57.2048 57.1471 57.0731 56.9583 56.7721 56.5436 56.3888 56.3156 56.3456 56.3610 56.4743 56.7111 56.9635 57.3246 57.3662 57.5232 57.6536 58.0344 58.2501 58.2653 58.2591 58.2255 58.2203 58.3002 58.3576 58.4500 58.4938 58.5219 58.5309 58.5727 58.6063 58.6223 58.6674 58.7131 58.7402 58.7758 58.7886 58.7588
57.6956 57.7121 57.6664 57.5553 57.4247 57.2195 56.7785 56.6713 56.7124 57.1557 57.1810 57.4257 57.8010 57.9674 58.1740 58.2070 58.1021 57.9567 57.8636 57.8899 57.8225 57.6410 57.5284 57.5123 57.6019 57.4896 57.4626 57.3994 57.2431 57.0650 57.0418 56.9807 56.8958 56.7613 56.5246 56.3339 56.2116 56.2306 56.1368 56.2517 56.5112 56.7774 56.9271 56.9711 57.2123 57.5052 57.9097 58.0441 58.1570 58.2098 58.2106 58.2696 58.3259 58.3470 58.4424 58.5142 58.5824 58.6459 58.6761 58.7214 58.6958 58.6954 58.7161 58.7723 58.8153 58.8298 58.7957
57.6944 57.6799 57.6316 57.4133 57.3252 57.2016 56.6192 56.4862 56.2731 56.3567 56.5667 56.8522 57.1903 57.4976 57.8686 57.9988 57.9826 58.0005 57.8075 57.8554 57.7903 57.5558 57.3739 57.3205 57.3493 57.2458 57.3228 57.2718 57.1502 57.0267 56.9617 56.9541 56.9421 56.7862 56.5041 56.2567 56.0818 56.0671 56.0280 56.1344 56.4389 56.6939 56.8241 56.8809 57.0918 57.5200 57.9461 58.0726 58.1301 58.1973 58.1993 58.3134 58.3821 58.4530 58.5162 58.5896 58.6128 58.6738 58.7106 58.6919 58.7235 58.7591 58.7772 58.7997 58.8352 58.9144 58.8176
