regresion/JUNIO_2003/MODIS/Composicion (B12).txt
ncols         167
nrows         127
xllcorner     -112.010
yllcorner     26.721
cellsize      0.00893
[rows 87 to 115 of 127, columns 67 to 133 of 167]
37.9289 37.8761 37.8798 37.9628 38.1575 38.2936 38.2821 38.2204 37.9820 37.8988 37.9210 37.8704 37.9069 37.8335 37.7888 37.8273 37.8124 37.8435 37.8381 37.8199 37.7325 37.6025 37.5046 37.5822 37.5558 37.6078 37.5105 37.5489 37.5505 37.5759 37.7272 38.1870 38.4232 38.7659 38.2077 38.2643 38.3007 38.2947 38.4160 38.6443 38.6478 38.5846 38.4863 38.3200 38.0730 38.1215 38.1562 38.1528 38.1592 38.0716 38.0442 37.9200 37.7640 37.7400 37.6455 37.5027 37.2247 37.1342 37.1615 37.2451 37.2337 37.1542 37.0683 37.1397 37.2017 37.2337 37.1796
37.8376 37.7800 37.8110 37.9038 38.0169 38.1956 38.2198 38.2042 38.0324 37.8350 37.8028 37.7904 37.7993 37.7764 37.7318 37.6737 37.6839 37.7121 37.6866 37.6876 37.5315 37.3648 37.3457 37.4806 37.4537 37.4887 37.3794 37.3896 37.4708 37.4168 37.3760 37.6544 38.0040 38.3484 38.1984 38.0726 38.0710 37.9833 38.0207 38.1203 38.3020 38.3765 38.3047 38.2939 38.0771 38.1339 38.0973 38.1468 38.2008 38.2390 38.0596 38.0214 37.8933 37.9332 37.7521 37.7020 37.2715 37.1758 37.2013 37.2573 37.2182 37.1345 37.0691 37.1963 36.9659 36.9051 37.0146
37.7458 37.6978 37.7479 37.8235 37.8351 37.9201 37.9861 37.9880 37.9665 37.7758 37.7824 37.7547 37.7864 37.7810 37.6492 37.6372 37.5980 37.6008 37.5509 37.5546 37.4307 37.3071 37.2770 37.3016 37.3303 37.3596 37.2234 37.1076 37.2084 37.2383 37.3161 37.4436 37.5450 37.7149 37.7119 37.6193 37.6961 37.9846 38.2366 38.3677 38.4242 38.8909 38.1531 38.2162 38.0236 37.9418 38.0457 38.2633 38.4651 38.4787 38.3883 38.1794 38.0658 37.9930 37.7297 37.7653 37.3591 37.1591 37.1980 37.1936 37.1248 36.9958 36.9430 37.0674 36.7607 36.6309 36.7642
37.7654 37.6993 37.7209 37.8279 37.8371 37.7840 37.9065 37.8864 37.9136 37.7725 37.7159 37.6955 37.7084 37.6976 37.6298 37.6089 37.5336 37.5575 37.5119 37.4264 37.2623 37.1874 37.1064 37.1488 37.1263 37.2334 37.1897 37.1152 37.1060 37.0453 37.1026 37.1982 37.2148 37.2891 37.2946 37.2095 37.3803 37.2368 37.3070 37.4687 37.7653 38.1857 38.3198 38.3764 38.2265 37.7722 38.1784 38.3761 38.6632 38.7844 38.7109 38.5740 38.5015 38.4190 38.0315 38.1003 37.4553 36.9162 36.8809 36.9033 37.0355 36.9667 36.9879 37.0538 36.7424 36.6751 36.7196
37.7009 37.6384 37.6724 37.7992 37.8026 37.7131 37.6880 37.6784 37.7875 37.7452 37.6182 37.5896 37.5752 37.6357 37.5806 37.5705 37.4908 37.4322 37.3880 37.3130 37.1473 37.0021 36.8888 36.9344 36.9381 36.9776 36.9490 36.8823 36.9253 36.9692 37.0244 37.0901 36.9330 36.8332 36.9585 36.9041 37.0184 37.1309 37.0806 37.2908 37.4146 37.4059 37.5228 37.6331 37.6467 37.9827 38.2408 38.4992 38.6570 38.6328 38.6103 38.6369 38.6350 38.6851 38.6131 38.5367 38.0137 37.2994 37.3649 37.2261 37.3822 37.2629 37.3546 37.2608 37.0316 36.7836 36.8623
37.6257 37.5709 37.6734 37.7564 37.7608 37.7447 37.6965 37.6904 37.7343 37.6821 37.5141 37.4046 37.4038 37.4686 37.4981 37.4412 37.3735 37.2576 37.2260 37.2092 37.0171 36.8824 36.8044 36.7454 36.7681 36.7656 36.7283 36.7410 36.8387 36.8895 36.8631 36.8852 36.6072 36.5445 36.6201 36.5890 36.8060 36.9608 36.8835 37.0009 37.2181 37.3328 37.3776 37.6578 37.8577 37.8732 37.9479 38.1473 38.4357 38.4931 38.5717 38.6014 38.6657 38.6630 38.5864 38.3736 38.2430 38.0262 37.9580 37.5444 37.7458 37.7271 37.6357 37.5353 37.2430 36.9913 37.0103
37.6653 37.6171 37.6113 37.6437 37.6541 37.6712 37.5740 37.5957 37.5787 37.5703 37.4393 37.3464 37.3650 37.4090 37.2567 37.2460 37.1836 37.1068 37.0992 37.0867 36.8670 36.7119 36.5907 36.5337 36.4959 36.5117 36.5456 36.6447 36.7407 36.7875 36.6833 36.7014 36.4574 36.3693 36.3837 36.4559 36.5351 36.5757 36.6843 36.6879 36.8997 37.2628 37.4502 37.8325 38.1449 38.2776 38.2197 38.1544 38.4242 38.5257 38.5361 38.4311 38.4557 38.4203 38.4719 38.4332 38.4195 38.4570 38.3317 38.1297 37.8787 38.0171 37.7255 37.5282 37.2869 37.1366 37.2145
37.6116 37.5972 37.5802 37.5729 37.5677 37.5666 37.4813 37.4934 37.4839 37.4226 37.3001 37.1801 37.1920 37.1912 37.1124 37.1645 37.0895 37.0308 36.9159 36.9369 36.8403 36.6253 36.4604 36.3479 36.3519 36.3765 36.3928 36.4698 36.6324 36.6535 36.5557 36.5632 36.4598 36.3201 36.3579 36.3533 36.3662 36.4050 36.3997 36.5504 36.7340 37.2629 37.6934 37.9005 38.1271 38.2337 38.2727 38.2867 38.4989 38.5771 38.5431 38.3316 38.3525 38.3670 38.4224 38.4926 38.3356 38.1725 38.0435 38.0411 37.7939 37.8142 37.6113 37.4130 37.4022 37.3314 37.3667
37.5799 37.5843 37.5990 37.5413 37.4831 37.4602 37.3725 37.3662 37.3693 37.3252 37.1833 37.0549 37.0745 37.0330 36.9547 36.8253 36.8208 36.7531 36.7265 36.7870 36.7528 36.6995 36.4183 36.2204 36.2193 36.1984 36.2570 36.3730 36.4649 36.5161 36.3785 36.3591 36.1993 36.0257 36.1163 36.2219 36.2718 36.2840 36.2107 36.3270 36.6692 37.2889 37.6740 37.8257 38.1010 38.1960 38.2356 38.2909 38.3228 38.4130 38.2541 38.0823 38.1379 38.1557 38.1980 38.2978 38.1885 38.1918 38.0407 37.9026 37.8478 37.8676 37.5526 37.4053 37.2299 37.2336 37.3809
37.5101 37.5163 37.4827 37.4658 37.4200 37.3338 37.2824 37.2643 37.2455 37.2001 37.1621 37.0033 36.9557 36.8947 36.7972 36.7437 36.6074 36.5249 36.5274 36.5858 36.5570 36.5347 36.3883 36.2720 36.1748 36.2821 36.2416 36.1367 36.2381 36.3098 36.1723 36.1373 35.9881 35.8284 36.0575 36.1119 36.1705 36.1818 36.1852 36.3130 36.7426 37.2532 37.5615 37.7031 37.9942 38.1174 38.1752 38.1827 38.1968 38.2603 38.1948 38.1174 38.1142 38.1671 38.1083 38.0842 37.9626 37.8759 37.8494 37.7832 37.7220 37.7635 37.5340 37.3428 37.2923 37.2940 37.2547
37.4393 37.4504 37.3805 37.3485 37.3292 37.3011 37.2121 37.2170 37.2142 37.1468 37.0562 36.8472 36.7984 36.7770 36.7570 36.6572 36.5572 36.4742 36.4262 36.4363 36.3508 36.3694 36.2887 36.1966 36.1503 36.1684 36.0819 35.9213 35.8344 36.0079 36.0885 35.9691 35.8813 35.8032 35.9848 36.0367 36.1332 36.1926 36.2467 36.4197 36.9208 37.3424 37.5861 37.6993 37.9325 38.0282 38.0822 38.1109 38.1314 38.1981 38.1949 38.2241 38.2146 38.1876 38.0313 38.0703 37.9953 37.9619 37.9198 37.8630 37.7530 37.7264 37.6905 37.5594 37.4567 37.4539 37.5032
37.3802 37.3817 37.3329 37.2838 37.3156 37.2794 37.2049 37.2056 37.2020 37.1463 36.9703 36.7370 36.5505 36.4935 36.3685 36.3687 36.4306 36.3251 36.2327 36.2169 36.2681 36.2405 36.2161 36.1352 36.0796 36.0756 35.9956 35.8274 35.6611 35.6367 35.7171 35.7275 35.7089 35.6264 35.7707 35.9036 36.0154 36.0565 36.2341 36.5758 37.0926 37.4651 37.6420 37.7151 37.8995 37.9905 38.0302 38.0708 38.0742 38.1434 38.1940 38.2024 38.1685 38.1547 38.0880 38.1025 37.9742 37.9833 37.9182 37.8086 37.6672 37.5978 37.5502 37.3920 37.3745 37.4174 37.5484
37.3084 37.3088 37.2564 37.2748 37.2803 37.2240 37.1243 37.1454 37.1531 37.0955 36.8929 36.6080 36.4646 36.5353 36.3865 36.2868 36.3084 36.2955 36.1592 36.1316 36.1095 36.0902 36.1636 36.1596 36.1042 36.1152 36.0626 35.8220 35.5851 35.6042 35.5915 35.6462 35.6267 35.4914 35.5136 35.7594 35.8107 35.8516 36.2285 36.7072 37.2598 37.5658 37.7119 37.7684 37.8951 37.9969 38.0244 38.0137 38.0786 38.1872 38.1758 38.0919 38.0622 38.0575 37.9535 37.9696 37.8987 37.9493 37.9232 37.7772 37.6505 37.6857 37.5229 37.4046 37.3790 37.4324 37.5639
37.2955 37.2785 37.1790 37.1813 37.1355 37.0598 36.9588 37.0391 37.0571 36.9995 36.7846 36.5580 36.4046 36.5663 36.3867 36.3464 36.3920 36.2713 36.1296 36.1106 36.0640 36.1646 36.0842 36.0808 36.0564 36.0618 35.9899 35.8294 35.6298 35.4641 35.3971 35.4362 35.5028 35.4368 35.5416 35.7154 35.7239 35.7291 36.0211 36.8008 37.5109 37.6330 37.7107 37.7565 37.8713 37.8594 37.8691 37.9089 38.0279 38.1079 38.1457 38.2089 38.1452 37.9753 37.8058 37.8510 37.7724 37.8520 37.8476 37.7417 37.5498 37.6143 37.4844 37.3477 37.3350 37.4319 37.5696
37.2367 37.2405 37.1245 37.0643 37.0159 36.9354 36.9337 37.0586 37.1318 37.0247 36.7994 36.6282 36.5847 36.6730 36.5621 36.4884 36.4029 36.2177 36.0046 36.0507 35.9854 36.0383 36.0972 36.1159 36.0628 36.0239 35.9816 35.8183 35.6392 35.4660 35.3790 35.4185 35.3505 35.3658 35.3155 35.3859 35.5728 35.6190 35.8636 36.5807 37.1795 37.4923 37.6593 37.7627 37.8823 37.8748 37.8774 37.8966 37.9782 38.0359 37.9832 37.9335 37.8731 37.8323 37.8102 37.8084 37.7567 37.7531 37.7144 37.6613 37.5246 37.5619 37.4547 37.3338 37.2581 37.3335 37.4675
37.2364 37.2404 37.1552 37.1366 37.0351 36.9968 36.9880 37.1362 37.1605 37.0682 36.8503 36.7376 36.6702 36.7235 36.6346 36.5434 36.3487 36.2195 35.9684 36.0291 35.9838 36.0465 36.1754 36.1035 35.9625 35.9309 35.7392 35.7052 35.5490 35.3394 35.2542 35.2850 35.2307 35.2185 35.1813 35.1725 35.2648 35.2865 35.5421 36.5730 37.2505 37.4335 37.5102 37.6388 37.7419 37.7524 37.7592 37.8211 37.8875 37.9682 37.9522 37.8260 37.7933 37.6937 37.6462 37.6787 37.6341 37.5934 37.5432 37.5668 37.4621 37.5148 37.3740 37.2643 37.1510 37.2573 37.4348
37.1946 37.1932 37.1201 37.0793 37.0095 37.0095 37.0099 37.1716 37.1634 37.1078 36.9932 36.8286 36.7712 36.8052 36.6053 36.4525 36.3069 36.1914 36.0795 36.1193 36.0883 36.1599 36.0763 35.9956 35.8753 35.8409 35.6786 35.5271 35.3444 35.2942 35.3423 35.3577 35.2260 35.1325 35.1044 35.0444 35.1466 35.1365 35.5151 36.5466 37.1142 37.3815 37.4619 37.5643 37.6156 37.6280 37.6360 37.6831 37.7198 37.8341 37.8528 37.7910 37.7621 37.6819 37.6250 37.6383 37.5537 37.4597 37.3450 37.2819 37.1638 37.3063 37.2919 37.2457 37.1533 37.3015 37.4569
37.1459 37.1125 37.1888 37.2495 37.2520 37.1954 37.0912 37.2220 37.1441 37.0260 36.9669 36.8789 36.7636 36.7955 36.6158 36.4960 36.3239 36.1452 36.0066 36.2215 36.1800 36.1124 36.0059 35.8025 35.7374 35.6768 35.5659 35.3707 35.2589 35.2761 35.3448 35.3673 35.2865 35.2189 35.1289 35.0324 35.0426 35.0051 35.3935 36.1157 36.9694 37.2566 37.3044 37.3513 37.4708 37.5487 37.5794 37.5751 37.6293 37.7126 37.7388 37.7099 37.7169 37.7147 37.6639 37.6706 37.5689 37.4105 37.2584 37.1712 37.0570 37.1688 37.2652 37.2596 37.3097 37.4325 37.4943
37.2214 37.1778 37.2943 37.4158 37.5292 37.4725 37.3836 37.5031 37.3299 37.0842 37.0463 36.9615 36.8031 36.7557 36.5026 36.3731 36.2749 36.2432 36.1780 36.2722 36.3164 36.2956 36.1854 35.8704 35.8224 35.7384 35.5480 35.3158 35.2451 35.2925 35.3020 35.3651 35.3111 35.2194 35.1173 35.0154 35.0000 34.9552 35.2573 35.8279 36.9901 37.1474 37.2130 37.2716 37.3094 37.4208 37.4707 37.5085 37.5012 37.5930 37.5811 37.5344 37.4730 37.5080 37.5394 37.5069 37.3926 37.3136 37.1904 37.0678 37.0665 37.1557 37.0886 37.1310 37.3419 37.4586 37.5303
37.1731 37.1554 37.2353 37.4254 37.6353 37.6917 37.6516 37.7912 37.5739 37.3415 37.1998 37.0251 37.0063 36.9324 36.6567 36.4077 36.3082 36.6842 36.6178 36.7793 36.5309 36.3482 36.2722 35.9666 35.7507 35.6881 35.4918 35.3003 35.2633 35.2868 35.2622 35.3344 35.3105 35.2562 35.1907 35.1163 35.0076 34.9549 35.0475 35.6976 36.7377 36.9930 37.0484 37.0923 37.1832 37.2871 37.3398 37.3657 37.3322 37.3691 37.3402 37.2988 37.2887 37.3025 37.2944 37.3148 37.2561 37.2251 37.1847 37.1574 37.1960 37.2926 37.3065 37.3064 37.3252 37.3668 37.4242
37.1315 37.0901 37.1266 37.3507 37.5981 37.8461 37.8705 37.9247 37.7284 37.5917 37.5530 37.3636 37.3005 37.2369 36.9336 36.6988 36.4287 36.4342 36.6670 36.8185 36.6552 36.3835 36.2314 35.9316 35.5735 35.5686 35.3301 35.3598 35.4420 35.3770 35.2684 35.3562 35.3126 35.3837 35.3141 35.1983 35.0734 35.0387 34.9524 35.5202 36.2908 36.7828 36.9001 36.9458 37.0351 37.1271 37.1785 37.2254 37.2571 37.2982 37.2369 37.2232 37.2385 37.2473 37.2793 37.3051 37.2801 37.2408 37.2685 37.2799 37.2918 37.3512 37.3780 37.4330 37.4715 37.5025 37.5316
37.0646 36.9915 36.9850 37.2240 37.5699 37.7579 37.8144 37.8525 37.7896 37.7861 37.6897 37.4223 37.3248 37.2333 36.9862 36.8489 36.6324 36.5025 36.5605 36.6104 36.6736 36.3878 36.2563 35.9642 35.7170 35.6831 35.5431 35.6133 35.6476 35.5874 35.5609 35.5113 35.4604 35.4470 35.3733 35.2596 35.1552 35.1534 35.0397 35.5013 35.9932 36.5991 36.6646 36.7508 36.8866 36.9720 37.1006 37.1427 37.1863 37.2282 37.1888 37.2276 37.2679 37.2659 37.3051 37.3190 37.2883 37.2735 37.2567 37.2726 37.3091 37.3909 37.4465 37.4829 37.5063 37.5270 37.5551
36.9060 36.8478 36.8985 36.9851 37.4093 37.6652 37.8953 37.8307 37.8741 37.8778 37.7236 37.3143 37.1685 37.2351 36.9434 36.9179 36.7397 36.6873 36.9016 36.9158 36.6315 36.5716 36.4182 36.0831 35.8825 35.8694 35.5656 35.5963 35.6439 35.6315 35.6059 35.5572 35.4848 35.4154 35.3793 35.2936 35.2763 35.2214 35.2164 35.3047 35.8305 36.3989 36.5680 36.6349 36.7324 36.8427 37.0698 37.1441 37.1695 37.1774 37.1176 37.1453 37.1719 37.2155 37.2586 37.2963 37.2875 37.2652 37.2189 37.2457 37.3181 37.4196 37.4651 37.4912 37.5211 37.5448 37.5434
36.8721 36.8190 36.8678 36.8897 37.1399 37.6107 37.8971 37.8099 37.7836 37.7696 37.5901 37.4469 37.4037 37.4959 37.2686 37.1895 36.9415 36.7291 36.8129 36.8321 36.6386 36.4832 36.3223 36.2004 36.1803 36.1730 35.8557 35.8440 35.9043 35.7516 35.6274 35.5566 35.4057 35.3506 35.3164 35.2326 35.2378 35.2187 35.2116 35.2741 35.6916 36.2873 36.4208 36.4300 36.4598 36.6797 36.9787 37.1342 37.1085 37.1333 37.0963 37.0994 37.1257 37.1824 37.2433 37.2930 37.2927 37.2635 37.2221 37.2818 37.3608 37.4377 37.5041 37.5221 37.5242 37.5437 37.5301
36.9115 36.8843 36.8505 36.9159 36.8870 37.0809 37.4209 37.3763 37.5637 37.6131 37.4716 37.4705 37.4189 37.5187 37.3553 37.2567 36.8844 36.6587 36.7044 36.6658 36.5501 36.4530 36.3926 36.3100 36.3421 36.2318 35.9573 35.8993 35.9666 35.9177 35.9044 35.8057 35.6264 35.4277 35.2580 35.1592 35.1260 35.1499 35.1934 35.2888 35.5538 36.1003 36.4197 36.4856 36.3797 36.6559 36.8622 37.1664 37.0595 37.0765 37.0385 37.0821 37.1106 37.1661 37.2172 37.2579 37.2848 37.2901 37.2684 37.2991 37.3720 37.4348 37.4896 37.5087 37.5519 37.5577 37.5199
36.8257 36.7658 36.7022 36.7896 36.7313 36.6736 36.6835 36.6238 36.9791 37.0966 37.0775 37.0938 37.1133 37.3737 37.3136 37.2684 37.0730 36.7266 36.7029 36.6209 36.5012 36.4404 36.4401 36.3123 36.3363 36.2808 36.1641 36.1864 36.1042 35.9584 35.9560 35.8836 35.7759 35.5769 35.3257 35.1456 35.1031 35.1120 35.2124 35.2729 35.5424 36.1403 36.3432 36.3793 36.2734 36.4555 36.8722 37.1488 37.1111 37.0778 37.0476 37.0772 37.1213 37.1385 37.2447 37.2952 37.3424 37.3417 37.3600 37.3783 37.4014 37.4666 37.4976 37.5087 37.5649 37.5616 37.5018
36.7769 36.7775 36.6073 36.5568 36.5725 36.4277 36.4045 36.3279 36.8980 36.9637 36.7529 36.6206 36.8715 37.0102 37.0939 37.0861 37.0166 36.8749 36.7989 36.8063 36.6966 36.5185 36.4407 36.4192 36.4682 36.3247 36.2971 36.2397 36.1800 35.9881 35.9182 35.8392 35.7291 35.5538 35.3111 35.1621 35.0805 35.1016 35.1141 35.2028 35.4299 35.6889 36.0606 36.0937 36.2344 36.3783 36.7951 36.9950 37.0116 37.0310 37.0552 37.0952 37.1587 37.2435 37.3505 37.3775 37.3672 37.3812 37.4229 37.4543 37.4601 37.4901 37.5391 37.5662 37.5984 37.5641 37.4793
36.7620 36.7811 36.7441 36.6433 36.4888 36.2115 35.7464 35.6255 35.7384 36.1983 36.1666 36.4031 36.7493 36.9227 37.1291 37.1225 36.9764 36.8140 36.7360 36.7662 36.6699 36.4887 36.3775 36.3432 36.4495 36.2965 36.2662 36.1760 36.0286 35.8493 35.8444 35.7821 35.7008 35.5664 35.3029 35.0997 34.9759 34.9734 34.8704 34.9882 35.2621 35.5304 35.6851 35.7015 35.9434 36.2331 36.6989 36.8184 36.9184 36.9972 37.0507 37.1455 37.1866 37.2331 37.3345 37.3790 37.4076 37.4565 37.4761 37.5100 37.4786 37.4681 37.5031 37.5710 37.6275 37.6172 37.5367
36.7665 36.7527 36.7383 36.5533 36.4220 36.2167 35.5564 35.4157 35.2242 35.3419 35.5169 35.7957 36.1729 36.4647 36.8179 36.9335 36.8965 36.9101 36.7410 36.8135 36.6751 36.4255 36.2856 36.1832 36.2109 36.0839 36.1467 36.0426 35.9255 35.8148 35.7824 35.7838 35.7651 35.5834 35.2511 34.9842 34.7919 34.7939 34.7630 34.9032 35.2374 35.4884 35.5987 35.6270 35.8508 36.3134 36.7627 36.8698 36.9412 37.0160 37.0635 37.1900 37.2307 37.2920 37.3500 37.3986 37.4011 37.4382 37.4655 37.4596 37.4890 37.5332 37.5428 37.5979 37.6188 37.6511 37.5606
